0.998	22.52	-0.29
0.998	22.52	-0.30
0.998	22.52	-0.29
0.998	22.52	-0.29
0.998	22.52	-0.29
0.998	22.52	-0.29
0.998	22.52	-0.29
0.998	22.52	-0.29
0.998	22.52	-0.29
0.998	22.52	-0.29
0.998	22.52	-0.29
0.998	22.52	-0.29
0.998	22.52	-0.29
0.998	22.52	-0.29
0.998	22.52	-0.29
0.998	22.52	-0.29
0.998	22.52	-0.29
0.998	22.52	-0.29
0.998	22.52	-0.29
0.998	22.52	-0.29
0.998	22.52	-0.29
0.998	22.52	-0.29
0.998	22.52	-0.29
0.998	22.52	-0.29
0.998	22.52	-0.29
0.998	22.52	-0.29
0.998	22.52	-0.29
0.998	22.52	-0.29
0.998	22.52	-0.29
0.998	22.52	-0.29
0.998	22.52	-0.29
0.998	22.52	-0.29
0.998	22.52	-0.29
0.998	22.52	-0.29
0.998	22.52	-0.29
0.998	22.52	-0.29
0.998	22.52	-0.29
0.998	22.52	-0.29
0.998	22.52	-0.29
0.998	22.52	-0.29
0.999	22.52	-0.29
0.999	22.52	-0.29
0.999	22.52	-0.29
0.999	22.52	-0.29
0.999	22.52	-0.29
0.999	22.52	-0.29
0.999	22.52	-0.29
0.999	22.52	-0.29
0.999	22.52	-0.29
0.999	22.52	-0.29
0.999	22.52	-0.29
0.999	22.52	-0.29
0.999	22.52	-0.29
0.999	22.52	-0.29
1.000	22.52	-0.29
1.000	22.52	-0.29
1.000	22.52	-0.29
1.000	22.52	-0.29
1.000	22.52	-0.29
1.000	22.52	-0.29
1.000	22.52	-0.29
0.999	22.52	-0.29
0.999	22.52	-0.29
1.000	22.52	-0.29
1.000	22.52	-0.29
1.000	22.52	-0.29
0.999	22.52	-0.29
0.999	22.52	-0.29
1.000	22.52	-0.29
1.000	22.52	-0.29
1.000	22.52	-0.29
1.000	22.52	-0.29
1.000	22.52	-0.29
1.000	22.52	-0.29
1.000	22.52	-0.29
0.999	22.52	-0.29
0.999	22.52	-0.29
0.999	22.52	-0.29
1.000	22.52	-0.29
1.000	22.52	-0.29
0.999	22.52	-0.29
0.999	22.52	-0.29
0.999	22.52	-0.29
1.000	22.52	-0.29
1.000	22.52	-0.29
0.999	22.52	-0.29
0.999	22.52	-0.29
1.000	22.52	-0.29
1.000	22.52	-0.29
1.000	22.52	-0.29
0.999	22.52	-0.29
1.000	22.52	-0.29
1.000	22.52	-0.29
1.000	22.52	-0.29
0.999	22.52	-0.29
0.999	22.52	-0.29
1.000	22.52	-0.29
1.000	22.52	-0.29
0.999	22.52	-0.29
0.999	22.52	-0.29
0.999	22.52	-0.29
1.000	22.52	-0.29
1.000	22.52	-0.29
0.999	22.52	-0.29
0.999	22.52	-0.29
0.999	22.52	-0.29
1.000	22.52	-0.29
1.000	22.52	-0.29
0.999	22.52	-0.29
0.999	22.52	-0.29
1.000	22.52	-0.29
1.000	22.52	-0.29
0.999	22.52	-0.29
1.000	22.52	-0.29
0.999	22.52	-0.29
1.000	22.52	-0.29
1.000	22.52	-0.29
0.999	22.52	-0.29
0.999	22.52	-0.29
0.999	22.52	-0.29
1.000	22.52	-0.29
1.000	22.52	-0.29
0.999	22.52	-0.29
0.999	22.52	-0.29
0.999	22.52	-0.29
1.000	22.52	-0.29
1.000	22.52	-0.29
1.000	22.52	-0.29
1.000	22.52	-0.29
1.001	22.52	-0.29
1.001	22.52	-0.29
1.002	22.52	-0.29
1.002	22.52	-0.29
1.002	22.52	-0.29
1.003	22.52	-0.29
1.003	22.52	-0.29
1.003	22.52	-0.29
1.003	22.52	-0.29
1.003	22.52	-0.29
1.004	22.52	-0.29
1.004	22.52	-0.29
1.004	22.52	-0.29
1.004	22.52	-0.29
1.005	22.52	-0.29
1.005	22.52	-0.29
1.005	22.52	-0.29
1.006	22.52	-0.29
1.006	22.52	-0.29
1.007	22.52	-0.29
1.007	22.52	-0.29
1.007	22.52	-0.29
1.008	22.52	-0.29
1.009	22.52	-0.29
1.009	22.52	-0.29
1.009	22.52	-0.29
1.010	22.52	-0.29
1.010	22.52	-0.29
1.010	22.52	-0.28
1.011	22.52	-0.28
1.011	22.52	-0.28
1.011	22.52	-0.28
1.012	22.52	-0.28
1.012	22.52	-0.28
1.012	22.51	-0.28
1.013	22.52	-0.28
1.014	22.49	-0.28
1.014	22.51	-0.28
1.015	22.48	-0.28
1.015	22.52	-0.28
1.015	22.49	-0.28
1.016	22.48	-0.28
1.016	22.48	-0.28
1.016	22.48	-0.28
1.016	22.41	-0.28
1.016	22.39	-0.28
1.017	22.39	-0.28
1.017	22.39	-0.28
1.017	22.40	-0.28
1.017	22.39	-0.28
1.018	22.39	-0.28
1.018	22.37	-0.28
1.019	22.41	-0.28
1.020	22.39	-0.28
1.020	22.39	-0.28
1.020	22.39	-0.28
1.021	22.39	-0.28
1.021	22.37	-0.28
1.022	22.36	-0.28
1.022	22.39	-0.28
1.022	22.39	-0.28
1.023	22.39	-0.28
1.023	22.35	-0.28
1.023	22.31	-0.28
1.023	22.29	-0.28
1.024	22.26	-0.28
1.024	22.26	-0.28
1.025	22.23	-0.28
1.025	22.24	-0.28
1.026	22.26	-0.28
1.027	22.23	-0.28
1.028	22.19	-0.28
1.028	22.17	-0.28
1.028	22.14	-0.28
1.029	22.14	-0.28
1.029	22.14	-0.28
1.030	22.14	-0.28
1.030	22.14	-0.28
1.030	22.13	-0.28
1.030	22.12	-0.28
1.031	22.06	-0.28
1.031	22.05	-0.27
1.032	22.03	-0.27
1.032	22.03	-0.27
1.032	22.03	-0.27
1.033	22.00	-0.27
1.033	21.99	-0.27
1.033	21.99	-0.27
1.033	21.99	-0.27
1.034	21.99	-0.27
1.034	21.99	-0.27
1.034	21.99	-0.27
1.034	21.99	-0.27
1.034	21.98	-0.27
1.035	21.96	-0.27
1.035	21.94	-0.27
1.036	21.93	-0.27
1.036	21.91	-0.27
1.037	21.89	-0.27
1.038	21.89	-0.27
1.038	21.89	-0.27
1.038	21.89	-0.27
1.039	21.88	-0.27
1.039	21.86	-0.27
1.040	21.83	-0.27
1.040	21.81	-0.27
1.041	21.83	-0.27
1.041	21.82	-0.27
1.041	21.82	-0.27
1.042	21.80	-0.27
1.042	21.79	-0.27
1.043	21.78	-0.27
1.043	21.78	-0.27
1.044	21.78	-0.27
1.044	21.76	-0.27
1.044	21.74	-0.27
1.044	21.74	-0.27
1.045	21.72	-0.27
1.046	21.72	-0.27
1.046	21.72	-0.27
1.046	21.69	-0.27
1.047	21.67	-0.27
1.048	21.65	-0.27
1.049	21.65	-0.27
1.049	21.66	-0.27
1.050	21.63	-0.27
1.050	21.62	-0.27
1.050	21.60	-0.27
1.051	21.60	-0.27
1.051	21.59	-0.27
1.051	21.58	-0.27
1.052	21.56	-0.27
1.052	21.58	-0.27
1.052	21.58	-0.27
1.052	21.58	-0.27
1.053	21.56	-0.27
1.053	21.56	-0.27
1.053	21.56	-0.27
1.054	21.56	-0.27
1.054	21.52	-0.27
1.054	21.51	-0.27
1.055	21.51	-0.27
1.055	21.51	-0.27
1.055	21.51	-0.27
1.055	21.51	-0.27
1.055	21.51	-0.27
1.055	21.49	-0.27
1.056	21.49	-0.27
1.056	21.49	-0.27
1.056	21.49	-0.27
1.057	21.49	-0.27
1.057	21.46	-0.27
1.058	21.45	-0.27
1.058	21.45	-0.27
1.058	21.45	-0.27
1.059	21.45	-0.27
1.059	21.42	-0.27
1.060	21.40	-0.27
1.060	21.38	-0.27
1.061	21.38	-0.27
1.061	21.38	-0.27
1.062	21.36	-0.27
1.062	21.35	-0.27
1.062	21.36	-0.27
1.063	21.36	-0.27
1.063	21.34	-0.27
1.064	21.33	-0.26
1.064	21.31	-0.27
1.065	21.30	-0.27
1.066	21.30	-0.27
1.066	21.30	-0.27
1.066	21.30	-0.27
1.066	21.28	-0.27
1.066	21.28	-0.26
1.066	21.27	-0.27
1.067	21.26	-0.27
1.067	21.25	-0.26
1.067	21.24	-0.27
1.067	21.23	-0.26
1.068	21.23	-0.27
1.069	21.22	-0.26
1.069	21.19	-0.26
1.070	21.17	-0.26
1.071	21.15	-0.27
1.071	21.17	-0.26
1.072	21.16	-0.26
1.072	21.16	-0.26
1.072	21.13	-0.26
1.073	21.12	-0.26
1.074	21.10	-0.26
1.074	21.08	-0.27
1.075	21.08	-0.27
1.075	21.08	-0.27
1.075	21.07	-0.27
1.075	21.06	-0.27
1.075	21.04	-0.27
1.076	21.05	-0.26
1.076	21.04	-0.26
1.077	21.02	-0.27
1.077	21.01	-0.27
1.077	21.02	-0.27
1.078	21.00	-0.27
1.078	21.00	-0.27
1.078	21.00	-0.26
1.079	20.99	-0.26
1.079	20.99	-0.27
1.080	20.98	-0.27
1.081	20.95	-0.27
1.082	20.92	-0.27
1.083	20.90	-0.27
1.083	20.89	-0.27
1.084	20.89	-0.27
1.085	20.90	-0.27
1.085	20.89	-0.27
1.085	20.88	-0.26
1.085	20.87	-0.26
1.086	20.87	-0.27
1.086	20.85	-0.27
1.086	20.85	-0.27
1.086	20.85	-0.27
1.087	20.83	-0.26
1.088	20.83	-0.26
1.088	20.83	-0.27
1.088	20.82	-0.27
1.088	20.80	-0.26
1.088	20.80	-0.27
1.089	20.80	-0.26
1.089	20.78	-0.26
1.089	20.77	-0.27
1.090	20.77	-0.27
1.090	20.77	-0.26
1.090	20.77	-0.27
1.090	20.76	-0.27
1.091	20.74	-0.26
1.091	20.73	-0.27
1.091	20.73	-0.27
1.092	20.73	-0.27
1.092	20.73	-0.27
1.092	20.73	-0.27
1.092	20.72	-0.26
1.093	20.71	-0.26
1.093	20.70	-0.27
1.093	20.67	-0.26
1.094	20.67	-0.27
1.094	20.67	-0.27
1.094	20.67	-0.26
1.094	20.67	-0.26
1.095	20.67	-0.26
1.095	20.65	-0.26
1.096	20.63	-0.26
1.096	20.62	-0.26
1.096	20.62	-0.27
1.096	20.61	-0.26
1.096	20.61	-0.26
1.096	20.59	-0.26
1.096	20.58	-0.26
1.096	20.59	-0.26
1.097	20.60	-0.26
1.097	20.60	-0.26
1.097	20.60	-0.26
1.098	20.60	-0.26
1.098	20.57	-0.26
1.098	20.57	-0.26
1.098	20.58	-0.26
1.098	20.58	-0.26
1.099	20.57	-0.26
1.099	20.57	-0.26
1.099	20.57	-0.26
1.100	20.57	-0.26
1.100	20.57	-0.26
1.100	20.57	-0.26
1.100	20.57	-0.26
1.100	20.57	-0.26
1.100	20.57	-0.26
1.100	20.56	-0.26
1.101	20.56	-0.26
1.101	20.55	-0.26
1.101	20.55	-0.26
1.101	20.55	-0.26
1.101	20.53	-0.26
1.101	20.52	-0.27
1.102	20.53	-0.27
1.102	20.51	-0.27
1.102	20.51	-0.27
1.103	20.50	-0.27
1.103	20.50	-0.27
1.103	20.50	-0.27
1.103	20.50	-0.27
1.103	20.49	-0.27
1.104	20.47	-0.27
1.104	20.46	-0.27
1.104	20.46	-0.27
1.104	20.46	-0.27
1.105	20.45	-0.27
1.105	20.45	-0.27
1.106	20.44	-0.27
1.106	20.43	-0.27
1.106	20.43	-0.27
1.107	20.43	-0.27
1.107	20.43	-0.27
1.108	20.42	-0.27
1.108	20.41	-0.27
1.108	20.40	-0.27
1.108	20.39	-0.27
1.109	20.38	-0.27
1.109	20.38	-0.27
1.109	20.36	-0.27
1.110	20.36	-0.27
1.110	20.35	-0.27
1.110	20.35	-0.27
1.111	20.34	-0.27
1.111	20.35	-0.27
1.111	20.34	-0.27
1.111	20.33	-0.27
1.111	20.33	-0.27
1.112	20.33	-0.27
1.112	20.33	-0.27
1.112	20.33	-0.27
1.112	20.32	-0.27
1.112	20.31	-0.27
1.112	20.30	-0.27
1.113	20.28	-0.27
1.113	20.28	-0.27
1.113	20.28	-0.27
1.113	20.28	-0.27
1.113	20.27	-0.27
1.114	20.27	-0.27
1.114	20.27	-0.27
1.114	20.27	-0.27
1.114	20.27	-0.28
1.114	20.25	-0.28
1.114	20.25	-0.27
1.114	20.25	-0.28
1.115	20.22	-0.28
1.116	20.21	-0.28
1.116	20.21	-0.28
1.116	20.21	-0.28
1.116	20.21	-0.28
1.116	20.21	-0.28
1.116	20.21	-0.28
1.117	20.19	-0.28
1.117	20.17	-0.28
1.118	20.16	-0.28
1.118	20.16	-0.28
1.118	20.16	-0.28
1.118	20.16	-0.28
1.118	20.14	-0.28
1.119	20.14	-0.28
1.119	20.14	-0.28
1.119	20.14	-0.28
1.120	20.13	-0.28
1.120	20.12	-0.28
1.120	20.12	-0.28
1.120	20.11	-0.28
1.120	20.11	-0.28
1.120	20.11	-0.28
1.121	20.11	-0.28
1.121	20.10	-0.28
1.122	20.09	-0.28
1.122	20.09	-0.28
1.122	20.09	-0.28
1.122	20.09	-0.28
1.123	20.08	-0.28
1.123	20.07	-0.28
1.123	20.07	-0.28
1.123	20.06	-0.28
1.123	20.05	-0.28
1.123	20.05	-0.28
1.123	20.05	-0.28
1.124	20.04	-0.28
1.124	20.04	-0.28
1.125	20.04	-0.28
1.125	20.03	-0.28
1.126	20.04	-0.28
1.126	20.04	-0.28
1.127	20.02	-0.28
1.127	20.00	-0.28
1.127	20.00	-0.28
1.127	20.01	-0.28
1.127	20.00	-0.28
1.127	20.01	-0.28
1.127	20.02	-0.28
1.127	20.00	-0.28
1.127	20.00	-0.28
1.128	19.98	-0.28
1.128	19.97	-0.28
1.128	19.97	-0.28
1.128	19.96	-0.28
1.129	19.96	-0.28
1.129	19.93	-0.28
1.130	19.93	-0.28
1.130	19.93	-0.28
1.130	19.93	-0.28
1.130	19.92	-0.28
1.131	19.92	-0.28
1.131	19.92	-0.28
1.131	19.92	-0.28
1.132	19.91	-0.28
1.132	19.90	-0.28
1.132	19.89	-0.28
1.133	19.90	-0.28
1.133	19.90	-0.28
1.133	19.88	-0.28
1.134	19.87	-0.28
1.134	19.85	-0.28
1.134	19.85	-0.28
1.135	19.85	-0.28
1.135	19.84	-0.28
1.135	19.85	-0.28
1.135	19.85	-0.28
1.135	19.84	-0.28
1.135	19.84	-0.28
1.135	19.82	-0.28
1.136	19.82	-0.28
1.136	19.83	-0.28
1.136	19.83	-0.29
1.136	19.81	-0.29
1.136	19.78	-0.29
1.137	19.78	-0.29
1.137	19.77	-0.29
1.137	19.77	-0.29
1.138	19.78	-0.29
1.138	19.77	-0.29
1.138	19.77	-0.29
1.139	19.76	-0.29
1.139	19.76	-0.29
1.139	19.76	-0.29
1.139	19.76	-0.29
1.139	19.76	-0.29
1.139	19.74	-0.29
1.140	19.72	-0.29
1.141	19.72	-0.29
1.141	19.73	-0.29
1.141	19.73	-0.29
1.142	19.73	-0.29
1.142	19.72	-0.29
1.142	19.69	-0.29
1.142	19.67	-0.29
1.143	19.65	-0.29
1.143	19.62	-0.29
1.144	19.60	-0.29
1.144	19.59	-0.29
1.144	19.58	-0.29
1.144	19.58	-0.29
1.145	19.59	-0.29
1.145	19.60	-0.29
1.145	19.61	-0.29
1.145	19.61	-0.29
1.146	19.62	-0.29
1.146	19.62	-0.29
1.146	19.62	-0.29
1.146	19.61	-0.29
1.146	19.62	-0.29
1.147	19.60	-0.29
1.147	19.60	-0.29
1.147	19.60	-0.29
1.147	19.61	-0.29
1.147	19.60	-0.29
1.147	19.60	-0.29
1.148	19.58	-0.29
1.148	19.59	-0.29
1.148	19.59	-0.29
1.148	19.59	-0.29
1.148	19.58	-0.29
1.148	19.56	-0.29
1.149	19.55	-0.29
1.149	19.55	-0.29
1.149	19.56	-0.29
1.149	19.55	-0.29
1.149	19.56	-0.29
1.149	19.55	-0.29
1.149	19.54	-0.29
1.150	19.54	-0.29
1.150	19.55	-0.29
1.151	19.55	-0.29
1.151	19.53	-0.29
1.151	19.52	-0.29
1.152	19.52	-0.29
1.153	19.52	-0.29
1.153	19.52	-0.29
1.153	19.52	-0.29
1.153	19.52	-0.29
1.153	19.52	-0.29
1.153	19.52	-0.29
1.153	19.52	-0.29
1.153	19.52	-0.29
1.153	19.49	-0.29
1.154	19.48	-0.29
1.154	19.48	-0.29
1.155	19.48	-0.29
1.155	19.47	-0.29
1.155	19.46	-0.29
1.156	19.46	-0.29
1.156	19.46	-0.29
1.156	19.44	-0.29
1.157	19.43	-0.29
1.157	19.42	-0.29
1.158	19.42	-0.29
1.159	19.43	-0.29
1.159	19.41	-0.29
1.159	19.40	-0.29
1.159	19.40	-0.29
1.159	19.40	-0.29
1.159	19.40	-0.29
1.160	19.40	-0.29
1.160	19.38	-0.29
1.161	19.38	-0.29
1.161	19.38	-0.29
1.161	19.38	-0.29
1.161	19.37	-0.29
1.161	19.36	-0.29
1.161	19.36	-0.29
1.162	19.35	-0.29
1.162	19.34	-0.29
1.162	19.33	-0.29
1.163	19.32	-0.29
1.163	19.32	-0.29
1.163	19.31	-0.29
1.164	19.30	-0.29
1.164	19.29	-0.29
1.164	19.29	-0.29
1.165	19.29	-0.29
1.165	19.29	-0.29
1.165	19.28	-0.29
1.166	19.27	-0.29
1.167	19.27	-0.29
1.167	19.27	-0.29
1.167	19.27	-0.29
1.167	19.26	-0.29
1.167	19.24	-0.29
1.168	19.25	-0.29
1.169	19.24	-0.29
1.169	19.23	-0.29
1.169	19.23	-0.29
1.170	19.22	-0.29
1.170	19.22	-0.29
1.170	19.21	-0.29
1.170	19.20	-0.29
1.170	19.21	-0.29
1.170	19.21	-0.29
1.170	19.19	-0.29
1.171	19.18	-0.29
1.171	19.19	-0.29
1.172	19.18	-0.29
1.172	19.17	-0.29
1.172	19.17	-0.29
1.172	19.16	-0.29
1.173	19.15	-0.29
1.173	19.14	-0.29
1.174	19.14	-0.29
1.174	19.14	-0.29
1.174	19.14	-0.29
1.174	19.13	-0.29
1.174	19.13	-0.29
1.174	19.13	-0.29
1.175	19.13	-0.29
1.175	19.12	-0.29
1.175	19.12	-0.29
1.175	19.12	-0.29
1.175	19.12	-0.29
1.175	19.12	-0.29
1.175	19.12	-0.29
1.175	19.12	-0.29
1.176	19.11	-0.29
1.176	19.09	-0.29
1.176	19.07	-0.29
1.177	19.07	-0.29
1.177	19.07	-0.29
1.177	19.07	-0.29
1.177	19.07	-0.29
1.177	19.07	-0.29
1.178	19.06	-0.29
1.179	19.06	-0.29
1.179	19.06	-0.29
1.179	19.06	-0.29
1.179	19.05	-0.29
1.180	19.02	-0.29
1.180	19.02	-0.29
1.181	19.01	-0.29
1.181	18.99	-0.29
1.182	18.99	-0.29
1.182	18.99	-0.29
1.182	18.99	-0.29
1.182	18.99	-0.29
1.183	18.98	-0.29
1.183	18.98	-0.29
1.183	18.98	-0.29
1.184	18.97	-0.29
1.184	18.97	-0.29
1.184	18.96	-0.29
1.185	18.94	-0.29
1.185	18.94	-0.29
1.185	18.95	-0.29
1.185	18.94	-0.29
1.185	18.93	-0.29
1.186	18.92	-0.29
1.186	18.91	-0.30
1.187	18.91	-0.30
1.187	18.91	-0.30
1.187	18.91	-0.30
1.187	18.91	-0.30
1.188	18.90	-0.30
1.188	18.88	-0.30
1.188	18.86	-0.30
1.189	18.88	-0.30
1.189	18.86	-0.30
1.190	18.86	-0.30
1.190	18.84	-0.30
1.191	18.82	-0.30
1.191	18.81	-0.30
1.192	18.80	-0.30
1.192	18.81	-0.30
1.192	18.81	-0.30
1.193	18.80	-0.30
1.193	18.79	-0.30
1.194	18.78	-0.30
1.195	18.78	-0.30
1.196	18.76	-0.30
1.196	18.74	-0.30
1.197	18.71	-0.30
1.197	18.69	-0.30
1.197	18.69	-0.30
1.198	18.69	-0.30
1.198	18.69	-0.30
1.198	18.70	-0.30
1.199	18.69	-0.30
1.199	18.69	-0.30
1.199	18.69	-0.30
1.200	18.69	-0.30
1.201	18.68	-0.30
1.201	18.67	-0.30
1.201	18.67	-0.30
1.202	18.64	-0.30
1.202	18.61	-0.30
1.203	18.60	-0.30
1.203	18.59	-0.30
1.203	18.60	-0.30
1.203	18.60	-0.30
1.203	18.58	-0.30
1.204	18.58	-0.30
1.204	18.57	-0.30
1.204	18.58	-0.30
1.205	18.58	-0.30
1.205	18.58	-0.30
1.206	18.57	-0.30
1.206	18.59	-0.30
1.206	18.57	-0.30
1.207	18.57	-0.30
1.208	18.55	-0.30
1.208	18.55	-0.30
1.209	18.52	-0.30
1.210	18.52	-0.30
1.211	18.52	-0.30
1.211	18.51	-0.30
1.211	18.51	-0.30
1.211	18.50	-0.30
1.212	18.49	-0.30
1.213	18.48	-0.30
1.213	18.48	-0.30
1.214	18.48	-0.30
1.214	18.47	-0.30
1.214	18.48	-0.30
1.214	18.48	-0.30
1.214	18.48	-0.30
1.214	18.48	-0.30
1.214	18.48	-0.30
1.214	18.46	-0.30
1.215	18.46	-0.30
1.215	18.45	-0.30
1.215	18.45	-0.30
1.215	18.45	-0.30
1.215	18.45	-0.30
1.215	18.45	-0.30
1.215	18.45	-0.30
1.216	18.45	-0.30
1.216	18.44	-0.30
1.216	18.43	-0.30
1.216	18.44	-0.30
1.216	18.42	-0.30
1.217	18.42	-0.30
1.217	18.42	-0.30
1.217	18.42	-0.30
1.217	18.42	-0.30
1.217	18.42	-0.30
1.217	18.42	-0.30
1.217	18.42	-0.30
1.218	18.41	-0.30
1.218	18.39	-0.30
1.218	18.38	-0.30
1.219	18.36	-0.30
1.219	18.35	-0.30
1.220	18.35	-0.30
1.221	18.35	-0.30
1.221	18.35	-0.30
1.221	18.35	-0.30
1.221	18.35	-0.30
1.221	18.35	-0.30
1.222	18.32	-0.30
1.223	18.30	-0.30
1.224	18.31	-0.30
1.224	18.30	-0.29
1.224	18.30	-0.30
1.224	18.30	-0.30
1.224	18.29	-0.30
1.225	18.27	-0.30
1.225	18.27	-0.30
1.225	18.27	-0.30
1.226	18.27	-0.30
1.226	18.27	-0.30
1.226	18.27	-0.30
1.226	18.27	-0.30
1.226	18.27	-0.30
1.227	18.26	-0.30
1.227	18.24	-0.30
1.228	18.23	-0.30
1.229	18.23	-0.30
1.229	18.22	-0.30
1.230	18.22	-0.30
1.230	18.22	-0.30
1.230	18.21	-0.30
1.231	18.21	-0.30
1.231	18.21	-0.30
1.231	18.21	-0.30
1.231	18.20	-0.30
1.231	18.20	-0.30
1.231	18.21	-0.30
1.231	18.20	-0.30
1.232	18.20	-0.30
1.232	18.20	-0.30
1.232	18.19	-0.30
1.233	18.18	-0.30
1.233	18.18	-0.30
1.233	18.18	-0.30
1.233	18.18	-0.30
1.233	18.18	-0.30
1.234	18.17	-0.30
1.234	18.17	-0.30
1.234	18.17	-0.30
1.234	18.16	-0.30
1.234	18.16	-0.30
1.235	18.15	-0.30
1.235	18.15	-0.30
1.236	18.15	-0.30
1.236	18.15	-0.30
1.236	18.15	-0.30
1.237	18.14	-0.29
1.238	18.12	-0.30
1.238	18.12	-0.29
1.239	18.11	-0.30
1.240	18.10	-0.29
1.241	18.10	-0.29
1.241	18.09	-0.29
1.241	18.09	-0.29
1.242	18.07	-0.29
1.242	18.07	-0.29
1.243	18.06	-0.29
1.243	18.04	-0.29
1.243	18.03	-0.29
1.244	18.03	-0.29
1.244	18.03	-0.29
1.245	18.03	-0.29
1.245	18.00	-0.29
1.246	17.99	-0.29
1.246	18.00	-0.29
1.247	17.97	-0.29
1.247	17.97	-0.29
1.247	17.97	-0.29
1.247	17.97	-0.29
1.247	17.96	-0.29
1.248	17.95	-0.29
1.248	17.93	-0.29
1.248	17.92	-0.29
1.248	17.92	-0.29
1.249	17.92	-0.29
1.249	17.92	-0.29
1.249	17.92	-0.29
1.249	17.92	-0.29
1.249	17.93	-0.29
1.249	17.93	-0.29
1.249	17.93	-0.29
1.249	17.93	-0.29
1.249	17.93	-0.29
1.249	17.93	-0.29
1.249	17.93	-0.29
1.249	17.93	-0.29
1.249	17.93	-0.29
1.249	17.93	-0.29
1.249	17.93	-0.29
1.249	17.93	-0.29
1.249	17.93	-0.29
1.249	17.93	-0.29
1.250	17.91	-0.29
1.251	17.89	-0.29
1.252	17.83	-0.29
1.253	17.83	-0.29
1.254	17.81	-0.29
1.255	17.80	-0.29
1.256	17.81	-0.29
1.256	17.81	-0.29
1.257	17.80	-0.29
1.258	17.80	-0.29
1.259	17.79	-0.29
1.260	17.79	-0.29
1.260	17.78	-0.29
1.260	17.78	-0.29
1.261	17.78	-0.29
1.261	17.78	-0.29
1.260	17.79	-0.29
1.260	17.78	-0.29
1.260	17.78	-0.29
1.260	17.78	-0.29
1.260	17.78	-0.29
1.261	17.78	-0.29
1.261	17.77	-0.29
1.261	17.77	-0.29
1.262	17.76	-0.29
1.262	17.75	-0.29
1.263	17.71	-0.29
1.264	17.70	-0.29
1.264	17.69	-0.29
1.265	17.69	-0.29
1.265	17.68	-0.29
1.266	17.64	-0.29
1.266	17.64	-0.29
1.267	17.64	-0.29
1.267	17.63	-0.29
1.268	17.62	-0.29
1.269	17.61	-0.29
1.269	17.61	-0.29
1.269	17.60	-0.29
1.270	17.58	-0.29
1.271	17.57	-0.29
1.271	17.57	-0.29
1.271	17.56	-0.29
1.272	17.56	-0.29
1.272	17.55	-0.29
1.273	17.55	-0.29
1.273	17.54	-0.29
1.274	17.53	-0.29
1.275	17.52	-0.29
1.275	17.51	-0.29
1.275	17.51	-0.29
1.276	17.50	-0.29
1.276	17.49	-0.29
1.277	17.48	-0.29
1.277	17.47	-0.29
1.278	17.47	-0.29
1.278	17.46	-0.29
1.279	17.45	-0.29
1.280	17.44	-0.29
1.280	17.44	-0.29
1.280	17.43	-0.29
1.281	17.43	-0.29
1.281	17.43	-0.29
1.281	17.43	-0.29
1.281	17.42	-0.29
1.282	17.41	-0.29
1.283	17.41	-0.29
1.283	17.40	-0.29
1.283	17.39	-0.29
1.284	17.37	-0.29
1.286	17.36	-0.29
1.286	17.36	-0.29
1.287	17.35	-0.29
1.287	17.34	-0.29
1.288	17.34	-0.29
1.288	17.33	-0.29
1.289	17.32	-0.29
1.289	17.31	-0.29
1.290	17.31	-0.29
1.290	17.31	-0.29
1.290	17.30	-0.29
1.291	17.29	-0.29
1.291	17.28	-0.29
1.291	17.28	-0.29
1.292	17.28	-0.29
1.292	17.27	-0.29
1.292	17.27	-0.29
1.293	17.27	-0.29
1.293	17.26	-0.29
1.294	17.23	-0.29
1.294	17.22	-0.29
1.294	17.22	-0.29
1.294	17.22	-0.29
1.294	17.22	-0.28
1.295	17.21	-0.29
1.295	17.21	-0.28
1.295	17.21	-0.28
1.296	17.20	-0.28
1.297	17.20	-0.28
1.298	17.18	-0.28
1.298	17.18	-0.28
1.298	17.17	-0.28
1.298	17.18	-0.28
1.299	17.17	-0.28
1.299	17.16	-0.28
1.299	17.16	-0.28
1.299	17.16	-0.28
1.300	17.15	-0.28
1.300	17.14	-0.28
1.300	17.13	-0.28
1.301	17.13	-0.28
1.301	17.12	-0.28
1.302	17.12	-0.28
1.302	17.11	-0.28
1.303	17.11	-0.28
1.303	17.10	-0.28
1.304	17.09	-0.28
1.304	17.08	-0.28
1.304	17.08	-0.28
1.304	17.08	-0.28
1.304	17.07	-0.28
1.305	17.07	-0.28
1.305	17.06	-0.28
1.306	17.06	-0.28
1.306	17.05	-0.28
1.307	17.05	-0.28
1.307	17.04	-0.28
1.307	17.04	-0.28
1.307	17.04	-0.28
1.307	17.03	-0.28
1.308	17.03	-0.28
1.308	17.02	-0.28
1.309	17.02	-0.28
1.309	17.02	-0.28
1.309	17.01	-0.28
1.310	17.01	-0.28
1.310	17.00	-0.28
1.310	17.00	-0.28
1.311	17.00	-0.28
1.311	16.99	-0.28
1.312	16.98	-0.29
1.312	16.98	-0.29
1.312	16.97	-0.28
1.312	16.97	-0.29
1.313	16.97	-0.29
1.313	16.97	-0.29
1.313	16.97	-0.29
1.313	16.97	-0.29
1.313	16.97	-0.29
1.313	16.97	-0.29
1.313	16.96	-0.29
1.313	16.96	-0.29
1.314	16.95	-0.29
1.314	16.94	-0.29
1.315	16.93	-0.29
1.315	16.93	-0.29
1.316	16.93	-0.29
1.316	16.93	-0.29
1.316	16.92	-0.29
1.317	16.92	-0.29
1.317	16.91	-0.29
1.317	16.91	-0.29
1.318	16.90	-0.29
1.318	16.90	-0.29
1.318	16.90	-0.29
1.319	16.89	-0.29
1.319	16.89	-0.29
1.319	16.89	-0.29
1.319	16.88	-0.29
1.319	16.88	-0.29
1.319	16.88	-0.29
1.320	16.88	-0.29
1.320	16.87	-0.29
1.320	16.86	-0.29
1.321	16.87	-0.29
1.321	16.87	-0.29
1.321	16.86	-0.29
1.322	16.86	-0.29
1.322	16.85	-0.29
1.322	16.85	-0.29
1.322	16.85	-0.29
1.323	16.84	-0.29
1.323	16.84	-0.29
1.324	16.83	-0.29
1.324	16.82	-0.29
1.324	16.82	-0.29
1.325	16.81	-0.29
1.325	16.81	-0.29
1.325	16.81	-0.29
1.325	16.80	-0.29
1.325	16.80	-0.29
1.325	16.80	-0.29
1.325	16.79	-0.29
1.326	16.79	-0.29
1.326	16.77	-0.29
1.327	16.77	-0.29
1.327	16.76	-0.29
1.328	16.76	-0.29
1.328	16.76	-0.29
1.329	16.76	-0.29
1.329	16.76	-0.29
1.329	16.76	-0.29
1.329	16.76	-0.29
1.329	16.75	-0.29
1.329	16.74	-0.29
1.330	16.73	-0.29
1.331	16.72	-0.29
1.331	16.71	-0.29
1.331	16.71	-0.29
1.332	16.71	-0.28
1.333	16.69	-0.29
1.334	16.68	-0.29
1.334	16.68	-0.28
1.334	16.67	-0.28
1.335	16.66	-0.28
1.336	16.65	-0.28
1.336	16.64	-0.28
1.337	16.63	-0.28
1.337	16.63	-0.28
1.338	16.62	-0.28
1.339	16.61	-0.28
1.339	16.61	-0.28
1.339	16.60	-0.28
1.339	16.60	-0.28
1.340	16.60	-0.28
1.340	16.59	-0.28
1.340	16.59	-0.28
1.341	16.58	-0.28
1.341	16.57	-0.28
1.342	16.57	-0.28
1.343	16.55	-0.28
1.343	16.55	-0.28
1.343	16.55	-0.28
1.344	16.54	-0.28
1.344	16.54	-0.28
1.344	16.53	-0.28
1.345	16.53	-0.28
1.346	16.53	-0.28
1.346	16.51	-0.28
1.347	16.51	-0.28
1.347	16.50	-0.28
1.348	16.49	-0.28
1.349	16.48	-0.28
1.350	16.47	-0.28
1.351	16.46	-0.28
1.351	16.45	-0.28
1.352	16.44	-0.28
1.353	16.43	-0.28
1.354	16.42	-0.28
1.355	16.42	-0.28
1.355	16.41	-0.28
1.355	16.41	-0.28
1.355	16.41	-0.28
1.356	16.40	-0.28
1.356	16.40	-0.28
1.356	16.40	-0.28
1.357	16.40	-0.28
1.357	16.40	-0.28
1.357	16.39	-0.28
1.357	16.38	-0.28
1.357	16.38	-0.28
1.358	16.37	-0.28
1.358	16.36	-0.28
1.359	16.36	-0.28
1.359	16.36	-0.28
1.359	16.35	-0.28
1.359	16.34	-0.28
1.359	16.34	-0.28
1.360	16.33	-0.28
1.360	16.33	-0.28
1.360	16.33	-0.28
1.360	16.32	-0.28
1.361	16.31	-0.28
1.361	16.31	-0.28
1.361	16.30	-0.28
1.362	16.30	-0.28
1.362	16.30	-0.28
1.362	16.30	-0.28
1.362	16.29	-0.28
1.363	16.29	-0.28
1.363	16.29	-0.28
1.363	16.29	-0.28
1.363	16.28	-0.28
1.364	16.28	-0.28
1.365	16.26	-0.28
1.365	16.25	-0.28
1.366	16.23	-0.28
1.366	16.23	-0.28
1.366	16.23	-0.28
1.366	16.23	-0.28
1.366	16.23	-0.28
1.366	16.23	-0.28
1.366	16.23	-0.28
1.367	16.22	-0.28
1.368	16.21	-0.28
1.369	16.20	-0.28
1.370	16.20	-0.28
1.370	16.20	-0.28
1.370	16.20	-0.28
1.371	16.19	-0.28
1.371	16.18	-0.28
1.372	16.17	-0.28
1.372	16.16	-0.28
1.373	16.15	-0.28
1.373	16.14	-0.28
1.374	16.14	-0.28
1.374	16.14	-0.28
1.375	16.13	-0.28
1.375	16.12	-0.28
1.376	16.12	-0.28
1.376	16.12	-0.27
1.376	16.12	-0.27
1.376	16.12	-0.27
1.376	16.11	-0.28
1.376	16.11	-0.27
1.377	16.10	-0.28
1.377	16.09	-0.27
1.378	16.09	-0.27
1.378	16.08	-0.27
1.379	16.07	-0.27
1.380	16.06	-0.27
1.381	16.06	-0.27
1.381	16.05	-0.27
1.381	16.05	-0.27
1.381	16.05	-0.27
1.381	16.05	-0.28
1.381	16.05	-0.28
1.381	16.05	-0.27
1.381	16.05	-0.27
1.381	16.05	-0.28
1.381	16.05	-0.28
1.382	16.04	-0.27
1.382	16.03	-0.27
1.382	16.03	-0.28
1.382	16.03	-0.28
1.383	16.03	-0.28
1.383	16.02	-0.28
1.383	16.02	-0.28
1.383	16.02	-0.28
1.383	16.02	-0.28
1.384	16.01	-0.28
1.384	16.01	-0.28
1.384	16.01	-0.28
1.385	16.00	-0.28
1.385	16.00	-0.28
1.386	16.00	-0.28
1.386	15.99	-0.28
1.387	15.99	-0.28
1.387	15.98	-0.28
1.387	15.98	-0.28
1.388	15.98	-0.28
1.389	15.97	-0.28
1.389	15.97	-0.28
1.389	15.96	-0.28
1.389	15.95	-0.28
1.389	15.95	-0.28
1.390	15.94	-0.28
1.391	15.94	-0.28
1.391	15.93	-0.28
1.391	15.93	-0.28
1.391	15.93	-0.28
1.391	15.93	-0.28
1.391	15.93	-0.28
1.391	15.92	-0.28
1.392	15.91	-0.28
1.392	15.91	-0.28
1.392	15.91	-0.28
1.392	15.91	-0.28
1.392	15.91	-0.28
1.392	15.91	-0.28
1.392	15.91	-0.28
1.392	15.91	-0.28
1.393	15.91	-0.28
1.393	15.90	-0.28
1.393	15.89	-0.28
1.394	15.88	-0.28
1.394	15.88	-0.28
1.394	15.88	-0.28
1.394	15.88	-0.28
1.395	15.88	-0.28
1.395	15.87	-0.28
1.395	15.87	-0.28
1.396	15.87	-0.28
1.396	15.87	-0.28
1.396	15.87	-0.28
1.396	15.87	-0.28
1.396	15.87	-0.28
1.396	15.87	-0.28
1.396	15.87	-0.28
1.396	15.86	-0.28
1.396	15.86	-0.28
1.396	15.86	-0.28
1.396	15.86	-0.28
1.396	15.85	-0.28
1.397	15.85	-0.28
1.397	15.85	-0.28
1.397	15.85	-0.28
1.397	15.85	-0.28
1.398	15.85	-0.28
1.397	15.85	-0.28
1.397	15.85	-0.28
1.397	15.84	-0.28
1.398	15.84	-0.28
1.398	15.84	-0.28
1.398	15.84	-0.28
1.398	15.83	-0.28
1.399	15.82	-0.28
1.399	15.81	-0.28
1.399	15.81	-0.28
1.399	15.81	-0.28
1.400	15.81	-0.28
1.400	15.81	-0.28
1.400	15.81	-0.28
1.400	15.81	-0.28
1.401	15.80	-0.28
1.402	15.79	-0.28
1.403	15.77	-0.28
1.403	15.77	-0.28
1.404	15.77	-0.28
1.403	15.77	-0.28
1.404	15.76	-0.28
1.404	15.76	-0.28
1.405	15.75	-0.28
1.406	15.75	-0.28
1.406	15.74	-0.28
1.407	15.73	-0.28
1.408	15.72	-0.28
1.409	15.70	-0.28
1.410	15.69	-0.28
1.410	15.68	-0.28
1.411	15.68	-0.28
1.411	15.67	-0.28
1.411	15.67	-0.28
1.412	15.67	-0.28
1.412	15.66	-0.28
1.413	15.65	-0.28
1.413	15.65	-0.28
1.413	15.65	-0.28
1.414	15.65	-0.28
1.414	15.65	-0.28
1.415	15.64	-0.28
1.415	15.63	-0.28
1.416	15.63	-0.28
1.416	15.63	-0.28
1.416	15.62	-0.28
1.417	15.62	-0.28
1.417	15.61	-0.28
1.417	15.60	-0.28
1.418	15.60	-0.28
1.418	15.60	-0.28
1.418	15.60	-0.28
1.419	15.59	-0.28
1.419	15.59	-0.28
1.420	15.58	-0.28
1.420	15.57	-0.28
1.421	15.56	-0.28
1.422	15.56	-0.28
1.422	15.55	-0.28
1.423	15.55	-0.28
1.423	15.55	-0.28
1.424	15.54	-0.28
1.425	15.52	-0.28
1.426	15.51	-0.28
1.427	15.51	-0.28
1.427	15.50	-0.28
1.428	15.49	-0.28
1.429	15.48	-0.28
1.430	15.47	-0.28
1.431	15.46	-0.28
1.431	15.46	-0.28
1.432	15.45	-0.28
1.433	15.44	-0.28
1.433	15.43	-0.28
1.433	15.43	-0.28
1.433	15.43	-0.28
1.434	15.43	-0.28
1.434	15.42	-0.27
1.435	15.40	-0.28
1.436	15.39	-0.28
1.437	15.38	-0.27
1.438	15.37	-0.27
1.440	15.36	-0.27
1.440	15.35	-0.27
1.440	15.34	-0.28
1.440	15.34	-0.28
1.440	15.34	-0.27
1.440	15.34	-0.28
1.440	15.34	-0.28
1.440	15.34	-0.27
1.440	15.34	-0.28
1.440	15.34	-0.27
1.440	15.34	-0.27
1.441	15.34	-0.28
1.441	15.33	-0.27
1.442	15.32	-0.27
1.443	15.31	-0.27
1.444	15.29	-0.27
1.445	15.29	-0.27
1.446	15.28	-0.28
1.447	15.27	-0.27
1.448	15.25	-0.28
1.448	15.25	-0.28
1.448	15.24	-0.27
1.449	15.24	-0.27
1.450	15.24	-0.27
1.451	15.23	-0.27
1.451	15.23	-0.27
1.451	15.22	-0.28
1.452	15.22	-0.27
1.452	15.21	-0.27
1.454	15.19	-0.27
1.455	15.19	-0.27
1.455	15.18	-0.27
1.455	15.17	-0.28
1.456	15.16	-0.27
1.456	15.16	-0.27
1.456	15.16	-0.28
1.457	15.15	-0.28
1.458	15.14	-0.27
1.458	15.14	-0.28
1.459	15.14	-0.28
1.459	15.13	-0.28
1.459	15.12	-0.28
1.460	15.12	-0.28
1.460	15.12	-0.28
1.461	15.11	-0.28
1.461	15.11	-0.28
1.462	15.09	-0.28
1.463	15.09	-0.28
1.463	15.08	-0.28
1.463	15.08	-0.28
1.463	15.08	-0.28
1.463	15.08	-0.28
1.464	15.08	-0.28
1.464	15.07	-0.28
1.465	15.07	-0.28
1.465	15.07	-0.28
1.466	15.06	-0.28
1.467	15.05	-0.28
1.467	15.05	-0.28
1.468	15.04	-0.28
1.468	15.02	-0.28
1.469	15.01	-0.28
1.470	15.01	-0.28
1.470	15.01	-0.28
1.470	15.00	-0.28
1.471	15.00	-0.28
1.472	14.99	-0.28
1.472	14.99	-0.28
1.472	14.99	-0.28
1.472	14.99	-0.28
1.472	14.98	-0.28
1.473	14.98	-0.28
1.473	14.98	-0.28
1.473	14.97	-0.28
1.474	14.97	-0.28
1.474	14.96	-0.28
1.475	14.95	-0.28
1.476	14.95	-0.28
1.476	14.95	-0.28
1.476	14.95	-0.28
1.476	14.95	-0.28
1.476	14.95	-0.28
1.476	14.95	-0.28
1.477	14.94	-0.28
1.477	14.93	-0.28
1.478	14.92	-0.28
1.478	14.92	-0.28
1.479	14.92	-0.28
1.479	14.91	-0.28
1.479	14.91	-0.28
1.479	14.91	-0.28
1.479	14.91	-0.28
1.480	14.91	-0.28
1.480	14.90	-0.28
1.480	14.89	-0.28
1.481	14.88	-0.28
1.482	14.88	-0.28
1.482	14.88	-0.28
1.482	14.88	-0.28
1.482	14.88	-0.28
1.482	14.88	-0.28
1.482	14.87	-0.28
1.483	14.87	-0.28
1.483	14.86	-0.28
1.484	14.86	-0.28
1.484	14.85	-0.28
1.484	14.85	-0.28
1.485	14.84	-0.28
1.487	14.83	-0.28
1.487	14.82	-0.28
1.488	14.82	-0.28
1.488	14.81	-0.28
1.489	14.81	-0.28
1.490	14.80	-0.28
1.491	14.79	-0.28
1.492	14.78	-0.28
1.493	14.76	-0.28
1.494	14.76	-0.28
1.494	14.75	-0.28
1.495	14.75	-0.28
1.494	14.75	-0.28
1.495	14.74	-0.28
1.495	14.73	-0.28
1.496	14.73	-0.28
1.497	14.72	-0.28
1.497	14.72	-0.28
1.497	14.72	-0.28
1.497	14.72	-0.28
1.498	14.71	-0.28
1.498	14.71	-0.28
1.498	14.71	-0.28
1.499	14.70	-0.28
1.500	14.70	-0.28
1.500	14.69	-0.28
1.500	14.70	-0.28
1.501	14.69	-0.28
1.501	14.69	-0.28
1.501	14.68	-0.28
1.501	14.68	-0.28
1.501	14.68	-0.28
1.501	14.67	-0.28
1.502	14.67	-0.28
1.502	14.68	-0.28
1.502	14.67	-0.28
1.502	14.67	-0.28
1.503	14.67	-0.28
1.503	14.66	-0.28
1.504	14.66	-0.28
1.504	14.66	-0.28
1.504	14.65	-0.28
1.504	14.65	-0.28
1.504	14.65	-0.28
1.505	14.64	-0.28
1.505	14.64	-0.28
1.506	14.63	-0.28
1.506	14.62	-0.28
1.507	14.62	-0.28
1.507	14.61	-0.28
1.508	14.60	-0.28
1.510	14.59	-0.28
1.512	14.58	-0.28
1.512	14.57	-0.28
1.513	14.56	-0.28
1.514	14.56	-0.28
1.514	14.56	-0.28
1.515	14.54	-0.28
1.516	14.54	-0.28
1.515	14.54	-0.28
1.515	14.54	-0.28
1.516	14.53	-0.28
1.516	14.53	-0.28
1.517	14.52	-0.28
1.517	14.52	-0.28
1.517	14.52	-0.28
1.517	14.52	-0.28
1.517	14.52	-0.28
1.518	14.52	-0.28
1.518	14.52	-0.28
1.519	14.51	-0.28
1.519	14.51	-0.28
1.520	14.51	-0.28
1.520	14.50	-0.28
1.520	14.50	-0.28
1.520	14.50	-0.28
1.520	14.49	-0.28
1.521	14.48	-0.28
1.521	14.47	-0.28
1.522	14.46	-0.28
1.524	14.44	-0.28
1.525	14.43	-0.29
1.527	14.42	-0.28
1.528	14.41	-0.28
1.528	14.41	-0.28
1.528	14.41	-0.28
1.528	14.41	-0.28
1.528	14.41	-0.28
1.528	14.41	-0.29
1.528	14.41	-0.29
1.528	14.40	-0.29
1.528	14.40	-0.29
1.529	14.40	-0.29
1.529	14.40	-0.29
1.529	14.39	-0.29
1.530	14.37	-0.29
1.530	14.37	-0.29
1.531	14.37	-0.29
1.532	14.37	-0.29
1.532	14.35	-0.29
1.534	14.35	-0.29
1.534	14.34	-0.29
1.534	14.34	-0.29
1.534	14.34	-0.29
1.535	14.34	-0.29
1.535	14.33	-0.29
1.536	14.32	-0.29
1.536	14.31	-0.29
1.537	14.30	-0.29
1.538	14.30	-0.29
1.538	14.30	-0.29
1.538	14.30	-0.29
1.539	14.30	-0.29
1.540	14.30	-0.29
1.540	14.29	-0.29
1.540	14.28	-0.29
1.541	14.27	-0.29
1.541	14.26	-0.29
1.541	14.27	-0.29
1.541	14.27	-0.29
1.541	14.26	-0.29
1.541	14.26	-0.29
1.542	14.25	-0.29
1.542	14.25	-0.29
1.542	14.25	-0.29
1.542	14.25	-0.29
1.542	14.25	-0.29
1.542	14.25	-0.29
1.542	14.25	-0.29
1.542	14.25	-0.29
1.542	14.25	-0.29
1.542	14.25	-0.29
1.542	14.25	-0.29
1.542	14.25	-0.29
1.541	14.25	-0.29
1.541	14.25	-0.29
1.541	14.25	-0.29
1.541	14.25	-0.29
1.541	14.25	-0.29
1.542	14.25	-0.29
1.544	14.24	-0.29
1.547	14.22	-0.29
1.549	14.21	-0.29
1.549	14.20	-0.29
1.549	14.21	-0.29
1.549	14.20	-0.29
1.549	14.19	-0.29
1.550	14.18	-0.29
1.551	14.16	-0.29
1.552	14.16	-0.29
1.553	14.14	-0.29
1.554	14.14	-0.29
1.555	14.13	-0.29
1.556	14.13	-0.29
1.556	14.13	-0.29
1.557	14.12	-0.29
1.558	14.11	-0.29
1.559	14.10	-0.29
1.560	14.08	-0.29
1.561	14.08	-0.29
1.561	14.08	-0.29
1.562	14.08	-0.29
1.562	14.07	-0.29
1.562	14.06	-0.29
1.564	14.05	-0.29
1.565	14.04	-0.29
1.565	14.04	-0.29
1.566	14.03	-0.29
1.567	14.02	-0.29
1.568	14.01	-0.29
1.569	14.00	-0.29
1.570	13.99	-0.29
1.573	13.97	-0.29
1.576	13.94	-0.29
1.579	13.92	-0.29
1.580	13.91	-0.29
1.581	13.91	-0.29
1.581	13.90	-0.29
1.582	13.88	-0.29
1.583	13.87	-0.29
1.584	13.86	-0.29
1.585	13.86	-0.29
1.586	13.85	-0.29
1.586	13.84	-0.29
1.587	13.84	-0.29
1.587	13.83	-0.29
1.588	13.82	-0.29
1.590	13.81	-0.29
1.592	13.81	-0.29
1.593	13.80	-0.29
1.594	13.78	-0.29
1.596	13.75	-0.29
1.598	13.74	-0.29
1.601	13.73	-0.29
1.601	13.72	-0.29
1.601	13.72	-0.29
1.601	13.73	-0.29
1.601	13.72	-0.29
1.602	13.71	-0.29
1.603	13.69	-0.29
1.604	13.68	-0.29
1.605	13.67	-0.29
1.606	13.66	-0.29
1.607	13.65	-0.29
1.607	13.65	-0.28
1.608	13.64	-0.29
1.609	13.63	-0.29
1.610	13.62	-0.29
1.612	13.61	-0.28
1.612	13.60	-0.28
1.613	13.60	-0.28
1.613	13.60	-0.28
1.614	13.59	-0.28
1.614	13.59	-0.28
1.614	13.58	-0.28
1.615	13.57	-0.28
1.617	13.55	-0.28
1.618	13.55	-0.28
1.618	13.55	-0.28
1.618	13.54	-0.28
1.619	13.53	-0.28
1.620	13.53	-0.28
1.620	13.52	-0.28
1.620	13.53	-0.28
1.621	13.52	-0.28
1.622	13.51	-0.28
1.623	13.50	-0.28
1.623	13.50	-0.28
1.623	13.50	-0.28
1.624	13.49	-0.28
1.625	13.48	-0.28
1.627	13.47	-0.28
1.628	13.46	-0.28
1.629	13.46	-0.28
1.629	13.45	-0.28
1.630	13.44	-0.28
1.630	13.44	-0.28
1.630	13.44	-0.28
1.631	13.44	-0.28
1.631	13.43	-0.28
1.632	13.42	-0.28
1.633	13.41	-0.28
1.633	13.41	-0.28
1.634	13.41	-0.28
1.634	13.40	-0.28
1.635	13.40	-0.28
1.636	13.39	-0.28
1.636	13.39	-0.28
1.637	13.39	-0.28
1.637	13.38	-0.28
1.638	13.38	-0.28
1.639	13.36	-0.28
1.640	13.35	-0.28
1.640	13.35	-0.28
1.641	13.34	-0.28
1.642	13.34	-0.28
1.642	13.33	-0.28
1.642	13.33	-0.28
1.643	13.33	-0.28
1.644	13.32	-0.28
1.645	13.32	-0.28
1.645	13.31	-0.28
1.645	13.31	-0.28
1.646	13.29	-0.28
1.648	13.29	-0.28
1.648	13.29	-0.28
1.648	13.28	-0.28
1.649	13.28	-0.28
1.649	13.28	-0.28
1.649	13.27	-0.28
1.650	13.26	-0.28
1.651	13.26	-0.28
1.652	13.25	-0.28
1.652	13.25	-0.28
1.652	13.25	-0.28
1.652	13.25	-0.28
1.653	13.25	-0.28
1.653	13.24	-0.28
1.654	13.23	-0.28
1.655	13.23	-0.28
1.655	13.23	-0.28
1.656	13.21	-0.28
1.657	13.21	-0.28
1.657	13.20	-0.28
1.657	13.20	-0.28
1.657	13.20	-0.28
1.657	13.20	-0.28
1.658	13.19	-0.28
1.659	13.18	-0.28
1.659	13.18	-0.28
1.660	13.17	-0.28
1.661	13.17	-0.28
1.662	13.17	-0.28
1.662	13.16	-0.28
1.663	13.16	-0.28
1.663	13.15	-0.28
1.664	13.15	-0.28
1.664	13.14	-0.28
1.665	13.14	-0.28
1.665	13.14	-0.28
1.666	13.14	-0.28
1.666	13.14	-0.28
1.666	13.13	-0.28
1.666	13.13	-0.28
1.667	13.11	-0.28
1.668	13.10	-0.28
1.668	13.10	-0.28
1.668	13.10	-0.28
1.668	13.10	-0.28
1.668	13.10	-0.28
1.668	13.10	-0.28
1.669	13.10	-0.28
1.669	13.10	-0.28
1.669	13.10	-0.28
1.669	13.10	-0.28
1.670	13.10	-0.28
1.670	13.09	-0.28
1.670	13.08	-0.28
1.671	13.08	-0.28
1.671	13.08	-0.28
1.672	13.08	-0.28
1.673	13.07	-0.28
1.673	13.06	-0.28
1.674	13.06	-0.28
1.675	13.06	-0.28
1.675	13.05	-0.28
1.675	13.05	-0.28
1.675	13.05	-0.28
1.675	13.05	-0.28
1.676	13.05	-0.28
1.676	13.04	-0.28
1.676	13.04	-0.28
1.676	13.04	-0.28
1.678	13.03	-0.28
1.679	13.01	-0.28
1.680	13.01	-0.28
1.681	13.00	-0.28
1.682	13.00	-0.28
1.683	12.98	-0.28
1.686	12.97	-0.28
1.688	12.96	-0.28
1.689	12.95	-0.28
1.690	12.94	-0.28
1.691	12.93	-0.28
1.691	12.92	-0.28
1.692	12.92	-0.28
1.692	12.92	-0.28
1.693	12.91	-0.28
1.693	12.91	-0.28
1.694	12.90	-0.28
1.695	12.89	-0.28
1.696	12.88	-0.28
1.697	12.86	-0.28
1.698	12.86	-0.28
1.699	12.85	-0.28
1.700	12.85	-0.28
1.700	12.84	-0.28
1.702	12.83	-0.28
1.702	12.83	-0.28
1.703	12.82	-0.28
1.704	12.81	-0.28
1.705	12.80	-0.28
1.705	12.79	-0.28
1.706	12.80	-0.28
1.707	12.79	-0.28
1.708	12.78	-0.28
1.709	12.78	-0.28
1.710	12.77	-0.28
1.710	12.77	-0.28
1.711	12.76	-0.28
1.712	12.75	-0.28
1.713	12.74	-0.28
1.714	12.74	-0.28
1.715	12.73	-0.28
1.715	12.73	-0.28
1.716	12.73	-0.28
1.716	12.72	-0.28
1.717	12.70	-0.28
1.717	12.69	-0.28
1.718	12.69	-0.28
1.719	12.69	-0.28
1.719	12.68	-0.28
1.720	12.68	-0.28
1.720	12.68	-0.28
1.720	12.68	-0.28
1.720	12.67	-0.28
1.720	12.67	-0.28
1.721	12.66	-0.28
1.721	12.66	-0.28
1.722	12.66	-0.28
1.722	12.65	-0.28
1.723	12.65	-0.28
1.723	12.65	-0.28
1.723	12.64	-0.28
1.724	12.64	-0.28
1.724	12.63	-0.28
1.724	12.63	-0.28
1.725	12.63	-0.28
1.725	12.63	-0.28
1.726	12.63	-0.28
1.726	12.62	-0.28
1.726	12.62	-0.28
1.727	12.62	-0.28
1.728	12.61	-0.28
1.728	12.60	-0.28
1.728	12.60	-0.28
1.729	12.60	-0.28
1.729	12.60	-0.28
1.729	12.60	-0.28
1.730	12.59	-0.28
1.731	12.59	-0.28
1.731	12.58	-0.28
1.732	12.57	-0.28
1.732	12.57	-0.28
1.733	12.57	-0.28
1.733	12.57	-0.28
1.733	12.56	-0.28
1.735	12.56	-0.28
1.736	12.55	-0.28
1.736	12.54	-0.28
1.736	12.54	-0.28
1.736	12.54	-0.28
1.737	12.54	-0.28
1.737	12.54	-0.28
1.737	12.54	-0.28
1.737	12.53	-0.28
1.737	12.53	-0.28
1.738	12.53	-0.28
1.738	12.52	-0.28
1.739	12.52	-0.28
1.740	12.51	-0.28
1.740	12.51	-0.28
1.740	12.51	-0.28
1.740	12.51	-0.28
1.740	12.51	-0.28
1.741	12.51	-0.28
1.741	12.50	-0.28
1.741	12.50	-0.28
1.742	12.50	-0.28
1.742	12.50	-0.28
1.743	12.49	-0.28
1.743	12.49	-0.28
1.744	12.49	-0.28
1.744	12.48	-0.28
1.745	12.48	-0.28
1.746	12.47	-0.28
1.747	12.47	-0.28
1.748	12.46	-0.28
1.748	12.46	-0.28
1.749	12.46	-0.28
1.749	12.46	-0.28
1.750	12.45	-0.28
1.751	12.44	-0.28
1.751	12.44	-0.28
1.752	12.44	-0.28
1.752	12.43	-0.28
1.753	12.42	-0.28
1.754	12.42	-0.28
1.755	12.41	-0.28
1.755	12.41	-0.28
1.756	12.40	-0.28
1.756	12.40	-0.28
1.757	12.40	-0.28
1.757	12.40	-0.28
1.757	12.40	-0.28
1.758	12.40	-0.28
1.758	12.39	-0.28
1.759	12.39	-0.28
1.760	12.39	-0.28
1.760	12.38	-0.28
1.760	12.38	-0.28
1.761	12.38	-0.28
1.762	12.37	-0.28
1.762	12.36	-0.28
1.762	12.35	-0.28
1.762	12.35	-0.28
1.763	12.34	-0.28
1.764	12.34	-0.28
1.765	12.34	-0.28
1.765	12.33	-0.28
1.765	12.34	-0.28
1.765	12.34	-0.28
1.766	12.33	-0.28
1.767	12.32	-0.28
1.767	12.31	-0.28
1.768	12.31	-0.28
1.769	12.31	-0.28
1.769	12.30	-0.28
1.770	12.30	-0.28
1.770	12.29	-0.28
1.771	12.28	-0.28
1.773	12.28	-0.28
1.773	12.28	-0.28
1.774	12.27	-0.28
1.774	12.27	-0.29
1.774	12.27	-0.29
1.774	12.26	-0.28
1.775	12.26	-0.29
1.775	12.26	-0.29
1.775	12.25	-0.29
1.776	12.24	-0.29
1.776	12.24	-0.29
1.777	12.24	-0.29
1.778	12.24	-0.29
1.778	12.23	-0.29
1.778	12.22	-0.29
1.779	12.22	-0.29
1.780	12.22	-0.29
1.780	12.22	-0.29
1.780	12.21	-0.29
1.781	12.21	-0.29
1.781	12.20	-0.29
1.782	12.20	-0.29
1.783	12.19	-0.29
1.783	12.18	-0.29
1.784	12.19	-0.29
1.784	12.18	-0.29
1.785	12.18	-0.29
1.785	12.18	-0.29
1.786	12.18	-0.29
1.786	12.18	-0.29
1.787	12.17	-0.29
1.787	12.17	-0.29
1.787	12.17	-0.29
1.787	12.17	-0.29
1.788	12.17	-0.29
1.789	12.16	-0.29
1.789	12.16	-0.29
1.789	12.15	-0.29
1.790	12.14	-0.29
1.790	12.14	-0.29
1.791	12.14	-0.29
1.791	12.14	-0.29
1.791	12.14	-0.29
1.791	12.14	-0.29
1.791	12.14	-0.29
1.791	12.14	-0.29
1.792	12.13	-0.29
1.793	12.13	-0.29
1.794	12.11	-0.29
1.794	12.12	-0.29
1.794	12.12	-0.29
1.794	12.11	-0.29
1.794	12.11	-0.29
1.795	12.11	-0.29
1.796	12.10	-0.29
1.796	12.10	-0.29
1.797	12.09	-0.29
1.797	12.09	-0.29
1.798	12.09	-0.29
1.798	12.09	-0.29
1.798	12.09	-0.29
1.798	12.08	-0.29
1.799	12.08	-0.29
1.799	12.08	-0.29
1.799	12.08	-0.29
1.800	12.08	-0.29
1.800	12.07	-0.29
1.801	12.07	-0.29
1.801	12.06	-0.29
1.801	12.07	-0.29
1.802	12.06	-0.29
1.802	12.05	-0.29
1.803	12.05	-0.29
1.804	12.04	-0.29
1.804	12.04	-0.29
1.805	12.03	-0.29
1.806	12.03	-0.29
1.806	12.03	-0.29
1.807	12.03	-0.29
1.807	12.02	-0.29
1.808	12.02	-0.29
1.808	12.02	-0.29
1.808	12.02	-0.29
1.809	12.01	-0.29
1.809	12.01	-0.29
1.810	12.00	-0.29
1.811	11.99	-0.29
1.812	11.99	-0.29
1.812	11.98	-0.29
1.813	11.98	-0.29
1.814	11.97	-0.29
1.815	11.96	-0.29
1.815	11.96	-0.29
1.816	11.96	-0.29
1.816	11.95	-0.29
1.817	11.95	-0.29
1.817	11.95	-0.29
1.818	11.95	-0.29
1.818	11.94	-0.29
1.819	11.93	-0.29
1.820	11.93	-0.29
1.821	11.93	-0.29
1.822	11.91	-0.29
1.822	11.90	-0.29
1.823	11.90	-0.29
1.823	11.90	-0.29
1.824	11.89	-0.29
1.824	11.90	-0.29
1.825	11.89	-0.29
1.826	11.89	-0.29
1.826	11.88	-0.29
1.827	11.87	-0.29
1.827	11.87	-0.29
1.828	11.86	-0.29
1.830	11.86	-0.29
1.831	11.85	-0.29
1.831	11.84	-0.29
1.832	11.84	-0.29
1.832	11.85	-0.29
1.834	11.83	-0.29
1.836	11.81	-0.29
1.837	11.80	-0.29
1.837	11.80	-0.29
1.838	11.79	-0.29
1.839	11.79	-0.29
1.839	11.79	-0.29
1.840	11.78	-0.29
1.841	11.78	-0.29
1.841	11.77	-0.29
1.842	11.77	-0.29
1.842	11.77	-0.29
1.842	11.77	-0.29
1.842	11.77	-0.29
1.843	11.76	-0.29
1.843	11.76	-0.29
1.843	11.75	-0.29
1.844	11.75	-0.29
1.844	11.74	-0.29
1.845	11.73	-0.29
1.846	11.73	-0.29
1.846	11.73	-0.29
1.846	11.72	-0.29
1.847	11.72	-0.29
1.847	11.72	-0.29
1.847	11.72	-0.29
1.847	11.72	-0.29
1.848	11.71	-0.29
1.848	11.72	-0.29
1.848	11.71	-0.29
1.849	11.71	-0.29
1.849	11.71	-0.29
1.849	11.70	-0.29
1.849	11.71	-0.29
1.849	11.71	-0.29
1.850	11.71	-0.29
1.850	11.70	-0.29
1.850	11.70	-0.29
1.851	11.69	-0.29
1.851	11.69	-0.29
1.851	11.68	-0.29
1.852	11.68	-0.29
1.852	11.68	-0.29
1.852	11.67	-0.29
1.852	11.67	-0.29
1.852	11.68	-0.29
1.852	11.67	-0.29
1.853	11.67	-0.29
1.853	11.67	-0.29
1.853	11.67	-0.29
1.854	11.67	-0.29
1.854	11.67	-0.29
1.854	11.66	-0.29
1.854	11.66	-0.29
1.855	11.66	-0.29
1.855	11.66	-0.29
1.855	11.66	-0.29
1.856	11.66	-0.29
1.856	11.66	-0.29
1.856	11.66	-0.29
1.857	11.66	-0.29
1.857	11.65	-0.29
1.857	11.65	-0.29
1.858	11.65	-0.29
1.858	11.65	-0.29
1.859	11.64	-0.29
1.859	11.64	-0.29
1.859	11.64	-0.29
1.859	11.64	-0.29
1.859	11.64	-0.29
1.859	11.64	-0.29
1.859	11.64	-0.29
1.860	11.63	-0.29
1.860	11.63	-0.29
1.861	11.62	-0.29
1.862	11.62	-0.29
1.863	11.62	-0.29
1.863	11.62	-0.29
1.863	11.61	-0.29
1.863	11.61	-0.29
1.863	11.61	-0.29
1.863	11.61	-0.29
1.863	11.61	-0.29
1.864	11.60	-0.29
1.864	11.60	-0.29
1.865	11.60	-0.29
1.865	11.60	-0.29
1.865	11.60	-0.29
1.865	11.59	-0.29
1.866	11.59	-0.29
1.866	11.59	-0.29
1.866	11.59	-0.29
1.866	11.59	-0.29
1.866	11.59	-0.29
1.867	11.59	-0.29
1.868	11.58	-0.29
1.868	11.58	-0.29
1.869	11.58	-0.29
1.869	11.57	-0.29
1.869	11.57	-0.29
1.870	11.57	-0.29
1.871	11.57	-0.29
1.871	11.56	-0.29
1.871	11.56	-0.29
1.872	11.55	-0.28
1.873	11.55	-0.28
1.873	11.55	-0.28
1.874	11.55	-0.28
1.875	11.54	-0.28
1.875	11.54	-0.28
1.876	11.54	-0.28
1.876	11.53	-0.28
1.876	11.53	-0.28
1.877	11.53	-0.28
1.877	11.53	-0.28
1.877	11.53	-0.28
1.878	11.53	-0.28
1.878	11.52	-0.28
1.878	11.52	-0.28
1.879	11.52	-0.28
1.879	11.52	-0.28
1.880	11.51	-0.28
1.880	11.50	-0.28
1.881	11.50	-0.28
1.881	11.49	-0.28
1.882	11.49	-0.28
1.883	11.48	-0.28
1.884	11.48	-0.28
1.884	11.48	-0.28
1.884	11.48	-0.28
1.885	11.48	-0.28
1.886	11.47	-0.28
1.886	11.47	-0.28
1.887	11.46	-0.28
1.887	11.46	-0.28
1.888	11.45	-0.28
1.888	11.45	-0.28
1.889	11.45	-0.28
1.889	11.45	-0.28
1.889	11.45	-0.28
1.890	11.44	-0.28
1.890	11.45	-0.28
1.891	11.44	-0.28
1.891	11.44	-0.28
1.891	11.43	-0.28
1.892	11.43	-0.28
1.892	11.43	-0.28
1.892	11.43	-0.28
1.892	11.43	-0.28
1.893	11.43	-0.28
1.893	11.42	-0.28
1.894	11.42	-0.28
1.894	11.42	-0.28
1.895	11.41	-0.28
1.895	11.41	-0.28
1.896	11.40	-0.28
1.897	11.40	-0.28
1.897	11.39	-0.28
1.898	11.39	-0.28
1.899	11.38	-0.28
1.900	11.37	-0.28
1.901	11.37	-0.28
1.902	11.36	-0.28
1.903	11.36	-0.28
1.904	11.35	-0.28
1.905	11.34	-0.28
1.906	11.34	-0.28
1.906	11.33	-0.28
1.906	11.33	-0.28
1.906	11.33	-0.28
1.907	11.33	-0.28
1.907	11.33	-0.28
1.907	11.33	-0.28
1.908	11.32	-0.28
1.908	11.32	-0.28
1.908	11.32	-0.28
1.908	11.32	-0.28
1.908	11.32	-0.28
1.909	11.32	-0.28
1.909	11.32	-0.28
1.909	11.32	-0.28
1.909	11.32	-0.28
1.910	11.31	-0.28
1.910	11.31	-0.28
1.911	11.31	-0.28
1.911	11.30	-0.28
1.912	11.30	-0.28
1.913	11.29	-0.28
1.913	11.29	-0.28
1.914	11.28	-0.28
1.915	11.28	-0.28
1.915	11.28	-0.28
1.916	11.27	-0.28
1.916	11.27	-0.28
1.916	11.27	-0.28
1.916	11.26	-0.28
1.917	11.26	-0.28
1.918	11.26	-0.28
1.918	11.25	-0.28
1.918	11.25	-0.28
1.919	11.25	-0.28
1.919	11.24	-0.28
1.920	11.24	-0.28
1.920	11.23	-0.28
1.920	11.23	-0.28
1.921	11.23	-0.28
1.921	11.22	-0.28
1.922	11.22	-0.28
1.922	11.22	-0.28
1.923	11.22	-0.28
1.923	11.22	-0.28
1.923	11.22	-0.28
1.923	11.22	-0.28
1.923	11.22	-0.28
1.923	11.22	-0.28
1.923	11.22	-0.28
1.923	11.22	-0.28
1.924	11.22	-0.28
1.924	11.21	-0.28
1.924	11.21	-0.28
1.924	11.21	-0.27
1.925	11.21	-0.27
1.925	11.20	-0.27
1.926	11.19	-0.27
1.926	11.19	-0.27
1.926	11.19	-0.27
1.927	11.19	-0.27
1.927	11.19	-0.27
1.927	11.19	-0.27
1.928	11.19	-0.27
1.928	11.19	-0.27
1.928	11.18	-0.27
1.928	11.19	-0.27
1.928	11.19	-0.27
1.929	11.18	-0.27
1.929	11.18	-0.27
1.929	11.18	-0.27
1.929	11.18	-0.27
1.929	11.18	-0.27
1.929	11.18	-0.27
1.929	11.18	-0.27
1.930	11.18	-0.27
1.930	11.17	-0.27
1.931	11.17	-0.27
1.931	11.17	-0.27
1.932	11.16	-0.27
1.932	11.16	-0.27
1.931	11.16	-0.27
1.932	11.16	-0.27
1.932	11.16	-0.27
1.932	11.16	-0.27
1.932	11.16	-0.27
1.932	11.16	-0.27
1.932	11.16	-0.27
1.932	11.16	-0.27
1.932	11.16	-0.27
1.932	11.16	-0.27
1.933	11.15	-0.27
1.934	11.15	-0.27
1.934	11.15	-0.27
1.935	11.15	-0.27
1.936	11.14	-0.27
1.937	11.13	-0.27
1.937	11.13	-0.27
1.937	11.13	-0.27
1.938	11.13	-0.27
1.938	11.12	-0.27
1.939	11.12	-0.27
1.939	11.12	-0.27
1.940	11.12	-0.27
1.941	11.11	-0.27
1.941	11.11	-0.27
1.942	11.10	-0.27
1.943	11.10	-0.27
1.943	11.10	-0.27
1.943	11.09	-0.27
1.944	11.09	-0.27
1.945	11.09	-0.26
1.945	11.09	-0.27
1.946	11.08	-0.26
1.947	11.08	-0.26
1.947	11.07	-0.26
1.948	11.07	-0.26
1.949	11.06	-0.26
1.949	11.05	-0.26
1.949	11.05	-0.26
1.950	11.05	-0.26
1.950	11.05	-0.26
1.950	11.05	-0.26
1.950	11.05	-0.26
1.951	11.04	-0.26
1.951	11.04	-0.26
1.952	11.04	-0.26
1.952	11.04	-0.26
1.953	11.03	-0.26
1.953	11.03	-0.26
1.954	11.03	-0.26
1.954	11.02	-0.26
1.955	11.02	-0.26
1.956	11.02	-0.26
1.957	11.01	-0.26
1.957	11.01	-0.26
1.957	11.01	-0.26
1.958	11.00	-0.26
1.958	11.00	-0.26
1.959	11.00	-0.26
1.959	11.00	-0.26
1.960	10.99	-0.26
1.960	10.99	-0.26
1.961	10.99	-0.26
1.961	10.99	-0.26
1.962	10.99	-0.26
1.962	10.98	-0.26
1.963	10.98	-0.26
1.963	10.97	-0.26
1.963	10.97	-0.26
1.963	10.96	-0.26
1.964	10.96	-0.26
1.964	10.96	-0.26
1.965	10.94	-0.26
1.966	10.94	-0.26
1.967	10.94	-0.26
1.968	10.93	-0.26
1.969	10.93	-0.26
1.969	10.92	-0.26
1.969	10.92	-0.26
1.970	10.92	-0.26
1.970	10.92	-0.26
1.971	10.91	-0.26
1.972	10.91	-0.26
1.973	10.90	-0.26
1.974	10.90	-0.26
1.974	10.90	-0.26
1.975	10.90	-0.26
1.976	10.89	-0.26
1.977	10.89	-0.26
1.977	10.88	-0.26
1.978	10.86	-0.26
1.979	10.86	-0.26
1.979	10.85	-0.26
1.979	10.85	-0.26
1.980	10.84	-0.26
1.981	10.84	-0.26
1.981	10.84	-0.26
1.982	10.84	-0.26
1.983	10.83	-0.26
1.983	10.83	-0.26
1.984	10.83	-0.26
1.984	10.83	-0.26
1.984	10.82	-0.26
1.985	10.82	-0.26
1.986	10.82	-0.26
1.986	10.82	-0.26
1.987	10.81	-0.26
1.987	10.80	-0.26
1.988	10.80	-0.26
1.989	10.80	-0.26
1.989	10.79	-0.26
1.989	10.79	-0.26
1.990	10.79	-0.26
1.990	10.79	-0.26
1.991	10.78	-0.26
1.992	10.78	-0.26
1.992	10.77	-0.26
1.992	10.77	-0.26
1.993	10.77	-0.26
1.993	10.77	-0.26
1.993	10.76	-0.26
1.994	10.75	-0.26
1.994	10.75	-0.26
1.995	10.75	-0.26
1.996	10.74	-0.26
1.996	10.74	-0.26
1.996	10.74	-0.26
1.997	10.74	-0.26
1.997	10.74	-0.26
1.997	10.74	-0.26
1.998	10.74	-0.26
1.998	10.74	-0.26
1.999	10.74	-0.26
1.999	10.73	-0.26
1.999	10.73	-0.26
1.999	10.73	-0.26
1.999	10.73	-0.26
2.000	10.73	-0.26
2.000	10.72	-0.26
2.001	10.72	-0.26
2.002	10.72	-0.26
2.003	10.71	-0.26
2.004	10.71	-0.26
2.004	10.71	-0.26
2.005	10.70	-0.26
2.005	10.70	-0.26
2.006	10.70	-0.26
2.006	10.70	-0.26
2.007	10.69	-0.26
2.007	10.69	-0.26
2.008	10.69	-0.26
2.008	10.69	-0.26
2.008	10.68	-0.26
2.008	10.68	-0.26
2.009	10.68	-0.26
2.010	10.67	-0.26
2.012	10.67	-0.26
2.013	10.66	-0.26
2.014	10.66	-0.26
2.014	10.65	-0.26
2.014	10.66	-0.26
2.015	10.65	-0.26
2.016	10.64	-0.26
2.017	10.64	-0.26
2.018	10.63	-0.26
2.018	10.63	-0.26
2.018	10.63	-0.26
2.019	10.63	-0.26
2.020	10.62	-0.26
2.021	10.62	-0.26
2.021	10.61	-0.26
2.021	10.61	-0.26
2.022	10.61	-0.26
2.022	10.61	-0.26
2.022	10.61	-0.26
2.023	10.60	-0.26
2.023	10.60	-0.26
2.024	10.59	-0.26
2.024	10.59	-0.26
2.025	10.59	-0.26
2.025	10.59	-0.26
2.025	10.59	-0.26
2.025	10.58	-0.26
2.026	10.59	-0.26
2.027	10.58	-0.26
2.029	10.57	-0.26
2.029	10.57	-0.26
2.030	10.57	-0.26
2.030	10.56	-0.26
2.030	10.56	-0.26
2.031	10.56	-0.26
2.032	10.55	-0.26
2.032	10.55	-0.26
2.033	10.55	-0.26
2.034	10.54	-0.26
2.034	10.54	-0.26
2.035	10.54	-0.26
2.035	10.54	-0.26
2.036	10.53	-0.26
2.037	10.52	-0.26
2.037	10.52	-0.26
2.037	10.52	-0.26
2.038	10.51	-0.26
2.039	10.51	-0.26
2.039	10.51	-0.26
2.040	10.51	-0.26
2.040	10.50	-0.26
2.041	10.50	-0.26
2.042	10.49	-0.26
2.043	10.48	-0.26
2.044	10.48	-0.26
2.044	10.48	-0.26
2.044	10.48	-0.26
2.044	10.47	-0.26
2.044	10.48	-0.26
2.044	10.47	-0.26
2.045	10.47	-0.26
2.046	10.47	-0.26
2.047	10.46	-0.26
2.048	10.46	-0.26
2.048	10.45	-0.26
2.049	10.45	-0.26
2.050	10.44	-0.26
2.051	10.44	-0.26
2.052	10.44	-0.26
2.052	10.44	-0.26
2.054	10.42	-0.26
2.055	10.42	-0.26
2.055	10.42	-0.26
2.056	10.41	-0.26
2.057	10.40	-0.26
2.058	10.40	-0.26
2.058	10.40	-0.26
2.058	10.39	-0.26
2.058	10.39	-0.26
2.059	10.39	-0.26
2.060	10.38	-0.26
2.061	10.38	-0.26
2.062	10.37	-0.26
2.062	10.36	-0.26
2.063	10.35	-0.26
2.063	10.36	-0.26
2.063	10.35	-0.26
2.064	10.35	-0.26
2.065	10.35	-0.26
2.066	10.34	-0.26
2.066	10.34	-0.26
2.067	10.34	-0.26
2.067	10.34	-0.26
2.068	10.33	-0.26
2.069	10.32	-0.26
2.070	10.32	-0.26
2.071	10.31	-0.26
2.072	10.31	-0.26
2.073	10.30	-0.26
2.074	10.30	-0.26
2.074	10.30	-0.26
2.074	10.29	-0.26
2.074	10.29	-0.26
2.074	10.29	-0.26
2.074	10.29	-0.26
2.075	10.28	-0.26
2.076	10.27	-0.26
2.077	10.27	-0.26
2.077	10.27	-0.26
2.078	10.26	-0.26
2.079	10.26	-0.26
2.080	10.26	-0.26
2.081	10.25	-0.26
2.081	10.25	-0.26
2.082	10.25	-0.26
2.083	10.25	-0.26
2.083	10.24	-0.26
2.084	10.24	-0.26
2.085	10.24	-0.26
2.085	10.24	-0.26
2.086	10.23	-0.26
2.086	10.23	-0.26
2.086	10.23	-0.26
2.087	10.23	-0.26
2.088	10.22	-0.26
2.089	10.22	-0.26
2.091	10.22	-0.26
2.091	10.22	-0.26
2.091	10.22	-0.26
2.092	10.21	-0.26
2.092	10.21	-0.26
2.092	10.21	-0.26
2.093	10.20	-0.26
2.094	10.20	-0.26
2.095	10.19	-0.26
2.096	10.19	-0.26
2.097	10.19	-0.26
2.098	10.18	-0.26
2.099	10.18	-0.26
2.100	10.17	-0.26
2.100	10.16	-0.26
2.101	10.17	-0.26
2.102	10.16	-0.26
2.103	10.15	-0.26
2.104	10.15	-0.26
2.105	10.14	-0.26
2.106	10.14	-0.26
2.107	10.14	-0.26
2.108	10.13	-0.26
2.108	10.13	-0.26
2.109	10.13	-0.26
2.110	10.12	-0.26
2.111	10.12	-0.26
2.112	10.11	-0.26
2.113	10.11	-0.26
2.114	10.11	-0.26
2.114	10.10	-0.26
2.115	10.10	-0.26
2.116	10.10	-0.26
2.117	10.09	-0.26
2.118	10.08	-0.26
2.118	10.08	-0.26
2.119	10.07	-0.26
2.121	10.07	-0.26
2.122	10.06	-0.26
2.123	10.05	-0.26
2.124	10.05	-0.26
2.125	10.05	-0.26
2.126	10.04	-0.26
2.126	10.04	-0.26
2.127	10.04	-0.26
2.128	10.03	-0.26
2.129	10.02	-0.26
2.130	10.01	-0.26
2.131	10.01	-0.26
2.131	10.01	-0.26
2.132	10.00	-0.26
2.133	10.00	-0.26
2.134	10.00	-0.26
2.135	9.99	-0.26
2.136	9.98	-0.26
2.136	9.98	-0.26
2.137	9.98	-0.26
2.139	9.97	-0.26
2.141	9.96	-0.26
2.143	9.94	-0.26
2.145	9.93	-0.26
2.147	9.92	-0.26
2.148	9.92	-0.26
2.150	9.90	-0.26
2.152	9.89	-0.26
2.153	9.89	-0.26
2.153	9.89	-0.26
2.154	9.88	-0.26
2.155	9.88	-0.26
2.156	9.87	-0.26
2.156	9.86	-0.26
2.157	9.86	-0.26
2.159	9.84	-0.26
2.160	9.83	-0.26
2.161	9.83	-0.26
2.162	9.82	-0.26
2.162	9.82	-0.26
2.163	9.81	-0.26
2.163	9.81	-0.26
2.163	9.81	-0.26
2.164	9.80	-0.26
2.165	9.80	-0.26
2.166	9.80	-0.26
2.166	9.80	-0.26
2.167	9.79	-0.26
2.168	9.79	-0.26
2.169	9.78	-0.26
2.170	9.78	-0.26
2.170	9.77	-0.26
2.171	9.77	-0.26
2.172	9.77	-0.26
2.173	9.76	-0.26
2.173	9.76	-0.26
2.173	9.76	-0.26
2.174	9.76	-0.26
2.175	9.75	-0.26
2.177	9.75	-0.26
2.178	9.75	-0.26
2.179	9.74	-0.26
2.179	9.74	-0.26
2.179	9.74	-0.26
2.179	9.74	-0.26
2.179	9.74	-0.26
2.180	9.74	-0.26
2.182	9.73	-0.26
2.184	9.72	-0.26
2.185	9.70	-0.26
2.188	9.70	-0.26
2.191	9.69	-0.26
2.193	9.68	-0.26
2.193	9.67	-0.26
2.193	9.67	-0.26
2.195	9.66	-0.26
2.197	9.64	-0.26
2.199	9.63	-0.26
2.199	9.63	-0.26
2.200	9.63	-0.26
2.201	9.62	-0.26
2.202	9.61	-0.26
2.204	9.61	-0.25
2.205	9.61	-0.25
2.206	9.59	-0.25
2.207	9.59	-0.25
2.208	9.59	-0.25
2.208	9.59	-0.25
2.209	9.58	-0.25
2.211	9.57	-0.25
2.212	9.56	-0.25
2.213	9.55	-0.25
2.214	9.55	-0.25
2.214	9.54	-0.25
2.215	9.54	-0.25
2.217	9.53	-0.25
2.218	9.52	-0.25
2.220	9.51	-0.25
2.221	9.50	-0.25
2.223	9.49	-0.25
2.223	9.48	-0.25
2.224	9.47	-0.25
2.225	9.48	-0.25
2.225	9.49	-0.25
2.227	9.48	-0.25
2.228	9.47	-0.25
2.229	9.47	-0.25
2.230	9.46	-0.25
2.230	9.46	-0.25
2.231	9.45	-0.25
2.232	9.43	-0.25
2.233	9.43	-0.25
2.233	9.42	-0.25
2.234	9.42	-0.25
2.236	9.41	-0.25
2.237	9.40	-0.25
2.238	9.40	-0.25
2.238	9.39	-0.25
2.239	9.39	-0.25
2.242	9.39	-0.25
2.244	9.38	-0.25
2.245	9.38	-0.25
2.245	9.38	-0.25
2.246	9.38	-0.25
2.248	9.38	-0.25
2.248	9.38	-0.25
2.248	9.38	-0.25
2.249	9.36	-0.25
2.251	9.36	-0.25
2.251	9.35	-0.25
2.251	9.35	-0.25
2.251	9.35	-0.25
2.253	9.34	-0.25
2.255	9.30	-0.25
2.257	9.29	-0.25
2.257	9.27	-0.25
2.257	9.27	-0.25
2.257	9.26	-0.25
2.258	9.27	-0.25
2.258	9.27	-0.25
2.259	9.25	-0.25
2.260	9.24	-0.25
2.261	9.24	-0.25
2.262	9.23	-0.25
2.262	9.23	-0.25
2.263	9.21	-0.25
2.263	9.21	-0.25
2.263	9.22	-0.25
2.263	9.21	-0.25
2.264	9.20	-0.25
2.266	9.20	-0.25
2.267	9.19	-0.25
2.268	9.19	-0.25
2.269	9.19	-0.25
2.269	9.20	-0.25
2.269	9.19	-0.25
2.270	9.20	-0.25
2.270	9.20	-0.25
2.270	9.19	-0.25
2.270	9.20	-0.25
2.271	9.19	-0.25
2.273	9.18	-0.25
2.274	9.17	-0.25
2.275	9.17	-0.25
2.275	9.17	-0.25
2.275	9.17	-0.25
2.276	9.16	-0.25
2.276	9.16	-0.25
2.276	9.16	-0.25
2.277	9.16	-0.25
2.277	9.16	-0.25
2.278	9.15	-0.25
2.279	9.16	-0.25
2.279	9.15	-0.25
2.279	9.15	-0.25
2.279	9.16	-0.25
2.280	9.15	-0.25
2.280	9.15	-0.25
2.280	9.15	-0.25
2.280	9.16	-0.25
2.281	9.16	-0.25
2.284	9.16	-0.25
2.285	9.16	-0.25
2.287	9.16	-0.25
2.288	9.15	-0.25
2.289	9.15	-0.25
2.291	9.14	-0.25
2.292	9.12	-0.25
2.296	9.12	-0.25
2.298	9.13	-0.25
2.301	9.09	-0.25
2.304	9.07	-0.25
2.305	9.06	-0.25
2.307	9.06	-0.25
2.309	9.05	-0.25
2.310	9.05	-0.25
2.310	9.04	-0.25
2.310	9.05	-0.25
2.310	9.05	-0.25
2.311	9.04	-0.25
2.313	9.03	-0.25
2.315	9.03	-0.25
2.316	9.03	-0.25
2.317	9.02	-0.25
2.318	9.01	-0.25
2.319	9.01	-0.25
2.319	9.00	-0.25
2.320	9.00	-0.25
2.320	9.00	-0.25
2.320	9.00	-0.25
2.321	9.00	-0.25
2.322	9.00	-0.26
2.322	9.00	-0.26
2.322	9.00	-0.26
2.321	9.00	-0.26
2.321	9.00	-0.26
2.321	9.00	-0.26
2.321	9.00	-0.26
2.321	9.00	-0.26
2.321	9.00	-0.26
2.321	9.00	-0.26
2.321	9.00	-0.26
2.321	9.00	-0.26
2.321	9.00	-0.26
2.321	9.00	-0.26
2.321	8.99	-0.26
2.321	9.00	-0.26
2.322	9.00	-0.26
2.324	8.99	-0.26
2.325	8.99	-0.26
2.326	8.98	-0.26
2.327	8.98	-0.26
2.328	8.98	-0.26
2.329	8.98	-0.26
2.330	8.97	-0.26
2.331	8.97	-0.26
2.331	8.97	-0.26
2.332	8.97	-0.26
2.333	8.97	-0.26
2.335	8.97	-0.26
2.336	8.98	-0.26
2.338	8.96	-0.26
2.339	8.96	-0.26
2.340	8.96	-0.26
2.342	8.96	-0.26
2.345	8.95	-0.26
2.346	8.94	-0.26
2.346	8.94	-0.26
2.348	8.95	-0.26
2.349	8.94	-0.26
2.350	8.94	-0.26
2.351	8.93	-0.26
2.352	8.94	-0.26
2.354	8.93	-0.26
2.355	8.92	-0.26
2.356	8.92	-0.26
2.356	8.92	-0.26
2.357	8.92	-0.26
2.358	8.91	-0.26
2.360	8.91	-0.26
2.361	8.90	-0.26
2.362	8.90	-0.26
2.364	8.89	-0.26
2.365	8.88	-0.26
2.367	8.89	-0.26
2.367	8.89	-0.26
2.368	8.89	-0.26
2.369	8.89	-0.26
2.371	8.89	-0.26
2.372	8.89	-0.26
2.373	8.88	-0.26
2.375	8.88	-0.26
2.375	8.89	-0.26
2.376	8.89	-0.26
2.377	8.89	-0.26
2.377	8.88	-0.26
2.378	8.87	-0.26
2.378	8.88	-0.26
2.380	8.88	-0.26
2.381	8.87	-0.26
2.382	8.87	-0.26
2.382	8.87	-0.26
2.382	8.86	-0.26
2.382	8.87	-0.26
2.383	8.87	-0.26
2.383	8.84	-0.26
2.384	8.86	-0.26
2.385	8.84	-0.26
2.385	8.83	-0.26
2.385	8.84	-0.26
2.387	8.83	-0.26
2.388	8.83	-0.26
2.388	8.81	-0.26
2.389	8.83	-0.26
2.390	8.80	-0.26
2.391	8.82	-0.26
2.392	8.83	-0.26
2.393	8.81	-0.26
2.394	8.80	-0.26
2.395	8.80	-0.26
2.395	8.79	-0.26
2.395	8.78	-0.26
2.395	8.81	-0.26
2.395	8.79	-0.26
2.395	8.80	-0.26
2.395	8.80	-0.26
2.395	8.79	-0.26
2.396	8.78	-0.26
2.396	8.79	-0.26
2.398	8.78	-0.26
2.399	8.78	-0.26
2.399	8.78	-0.25
2.399	8.78	-0.26
2.399	8.76	-0.25
2.401	8.78	-0.26
2.403	8.76	-0.25
2.404	8.76	-0.25
2.404	8.76	-0.25
2.407	8.75	-0.25
2.410	8.76	-0.25
2.411	8.74	-0.25
2.412	8.74	-0.25
2.414	8.74	-0.25
2.416	8.74	-0.25
2.418	8.72	-0.25
2.420	8.73	-0.25
2.420	8.74	-0.25
2.421	8.73	-0.25
2.422	8.72	-0.25
2.423	8.71	-0.25
2.424	8.71	-0.25
2.425	8.70	-0.25
2.425	8.71	-0.25
2.426	8.67	-0.25
2.427	8.70	-0.25
2.428	8.67	-0.25
2.430	8.68	-0.25
2.432	8.68	-0.25
2.433	8.66	-0.25
2.433	8.66	-0.25
2.434	8.66	-0.25
2.435	8.67	-0.25
2.436	8.69	-0.25
2.437	8.67	-0.25
2.438	8.66	-0.25
2.438	8.64	-0.25
2.440	8.64	-0.25
2.441	8.61	-0.25
2.441	8.63	-0.25
2.441	8.62	-0.25
2.442	8.66	-0.25
2.443	8.63	-0.25
2.444	8.63	-0.25
2.445	8.60	-0.25
2.446	8.61	-0.25
2.446	8.59	-0.25
2.447	8.60	-0.25
2.448	8.62	-0.25
2.449	8.59	-0.25
2.450	8.60	-0.25
2.451	8.61	-0.25
2.452	8.61	-0.25
2.452	8.61	-0.25
2.454	8.60	-0.25
2.457	8.60	-0.25
2.458	8.59	-0.25
2.459	8.57	-0.25
2.460	8.57	-0.25
2.462	8.57	-0.25
2.464	8.56	-0.25
2.465	8.56	-0.25
2.466	8.54	-0.25
2.467	8.52	-0.25
2.469	8.54	-0.25
2.471	8.54	-0.25
2.472	8.54	-0.25
2.473	8.55	-0.25
2.473	8.55	-0.25
2.474	8.56	-0.25
2.476	8.52	-0.25
2.477	8.52	-0.25
2.479	8.52	-0.25
2.481	8.52	-0.25
2.482	8.50	-0.25
2.484	8.51	-0.25
2.484	8.50	-0.25
2.485	8.50	-0.25
2.486	8.49	-0.25
2.487	8.51	-0.25
2.487	8.48	-0.25
2.488	8.50	-0.25
2.488	8.48	-0.25
2.489	8.50	-0.25
2.490	8.49	-0.25
2.491	8.48	-0.25
2.492	8.47	-0.25
2.493	8.47	-0.25
2.494	8.47	-0.25
2.495	8.47	-0.25
2.496	8.46	-0.25
2.497	8.48	-0.25
2.498	8.45	-0.25
2.499	8.46	-0.26
2.499	8.44	-0.26
2.499	8.45	-0.25
2.499	8.44	-0.26
2.499	8.45	-0.26
2.500	8.46	-0.26
2.501	8.45	-0.26
2.502	8.46	-0.26
2.502	8.45	-0.26
2.503	8.44	-0.26
2.503	8.45	-0.26
2.504	8.45	-0.26
2.505	8.43	-0.26
2.507	8.44	-0.26
2.509	8.42	-0.26
2.509	8.41	-0.26
2.509	8.42	-0.26
2.509	8.40	-0.26
2.509	8.40	-0.26
2.510	8.41	-0.26
2.511	8.41	-0.26
2.513	8.42	-0.26
2.514	8.41	-0.26
2.514	8.41	-0.26
2.516	8.41	-0.26
2.517	8.41	-0.26
2.518	8.39	-0.26
2.518	8.40	-0.26
2.519	8.38	-0.26
2.520	8.39	-0.26
2.521	8.38	-0.26
2.523	8.37	-0.26
2.523	8.38	-0.26
2.523	8.37	-0.26
2.523	8.37	-0.26
2.523	8.38	-0.26
2.523	8.38	-0.26
2.523	8.35	-0.26
2.524	8.37	-0.26
2.524	8.38	-0.26
2.524	8.37	-0.26
2.524	8.37	-0.26
2.527	8.36	-0.26
2.528	8.36	-0.26
2.529	8.35	-0.26
2.530	8.35	-0.26
2.531	8.35	-0.26
2.533	8.34	-0.26
2.534	8.36	-0.26
2.535	8.33	-0.26
2.537	8.32	-0.26
2.539	8.31	-0.26
2.540	8.31	-0.26
2.540	8.30	-0.26
2.541	8.28	-0.26
2.542	8.25	-0.26
2.544	8.25	-0.26
2.545	8.25	-0.26
2.545	8.25	-0.26
2.545	8.26	-0.26
2.546	8.24	-0.26
2.547	8.25	-0.26
2.549	8.26	-0.26
2.551	8.26	-0.26
2.552	8.26	-0.26
2.553	8.26	-0.26
2.553	8.26	-0.26
2.554	8.24	-0.26
2.555	8.26	-0.26
2.556	8.27	-0.26
2.557	8.25	-0.27
2.558	8.24	-0.26
2.560	8.26	-0.27
2.561	8.22	-0.27
2.562	8.21	-0.27
2.564	8.21	-0.27
2.564	8.20	-0.27
2.565	8.21	-0.27
2.566	8.22	-0.27
2.568	8.20	-0.27
2.569	8.21	-0.27
2.569	8.22	-0.27
2.570	8.20	-0.27
2.571	8.20	-0.27
2.572	8.18	-0.27
2.575	8.18	-0.27
2.577	8.17	-0.27
2.577	8.15	-0.27
2.577	8.18	-0.27
2.577	8.15	-0.27
2.579	8.14	-0.27
2.580	8.13	-0.27
2.583	8.16	-0.27
2.587	8.13	-0.27
2.588	8.09	-0.27
2.589	8.09	-0.27
2.590	8.08	-0.27
2.591	8.09	-0.27
2.592	8.08	-0.27
2.593	8.10	-0.27
2.594	8.12	-0.27
2.596	8.13	-0.27
2.598	8.12	-0.27
2.600	8.12	-0.27
2.602	8.09	-0.27
2.603	8.09	-0.27
2.603	8.07	-0.27
2.604	8.03	-0.27
2.604	8.05	-0.27
2.605	8.05	-0.27
2.606	8.06	-0.27
2.606	8.05	-0.27
2.606	8.06	-0.27
2.607	8.09	-0.27
2.607	8.03	-0.27
2.608	8.06	-0.27
2.608	8.06	-0.27
2.609	8.02	-0.27
2.610	7.98	-0.27
2.610	7.98	-0.27
2.611	7.99	-0.27
2.612	7.96	-0.27
2.613	7.96	-0.27
2.613	7.95	-0.27
2.614	7.95	-0.27
2.614	7.95	-0.27
2.615	7.96	-0.27
2.616	7.95	-0.27
2.616	7.96	-0.27
2.616	7.93	-0.27
2.616	7.95	-0.27
2.617	7.92	-0.27
2.618	7.93	-0.27
2.619	7.93	-0.27
2.619	7.93	-0.27
2.620	7.90	-0.27
2.621	7.92	-0.27
2.621	7.90	-0.27
2.622	7.91	-0.27
2.622	7.93	-0.27
2.622	7.92	-0.27
2.623	7.93	-0.27
2.624	7.92	-0.27
2.625	7.91	-0.27
2.626	7.92	-0.27
2.626	7.94	-0.27
2.626	7.93	-0.27
2.627	7.92	-0.27
2.628	7.91	-0.27
2.629	7.90	-0.27
2.630	7.90	-0.27
2.630	7.92	-0.27
2.630	7.90	-0.27
2.630	7.90	-0.27
2.630	7.90	-0.27
2.631	7.90	-0.27
2.631	7.91	-0.27
2.632	7.89	-0.27
2.632	7.89	-0.27
2.633	7.89	-0.27
2.635	7.87	-0.27
2.636	7.87	-0.27
2.637	7.86	-0.27
2.637	7.86	-0.27
2.638	7.86	-0.27
2.638	7.85	-0.26
2.639	7.85	-0.26
2.640	7.86	-0.26
2.640	7.85	-0.26
2.642	7.87	-0.26
2.645	7.86	-0.26
2.646	7.85	-0.26
2.648	7.86	-0.26
2.650	7.85	-0.26
2.651	7.83	-0.26
2.652	7.84	-0.26
2.652	7.83	-0.26
2.654	7.83	-0.26
2.656	7.83	-0.26
2.657	7.83	-0.26
2.658	7.83	-0.26
2.660	7.83	-0.26
2.662	7.82	-0.26
2.665	7.82	-0.26
2.666	7.81	-0.26
2.666	7.80	-0.26
2.667	7.80	-0.26
2.669	7.80	-0.26
2.670	7.80	-0.26
2.671	7.80	-0.26
2.671	7.79	-0.26
2.672	7.82	-0.26
2.673	7.81	-0.26
2.674	7.80	-0.26
2.676	7.79	-0.26
2.677	7.76	-0.26
2.678	7.78	-0.26
2.678	7.77	-0.26
2.679	7.77	-0.26
2.680	7.78	-0.26
2.681	7.78	-0.26
2.682	7.78	-0.26
2.682	7.77	-0.26
2.683	7.77	-0.26
2.684	7.79	-0.26
2.684	7.77	-0.26
2.685	7.76	-0.26
2.686	7.77	-0.26
2.686	7.77	-0.26
2.686	7.77	-0.26
2.687	7.76	-0.26
2.688	7.76	-0.26
2.689	7.75	-0.26
2.689	7.77	-0.26
2.690	7.75	-0.26
2.690	7.74	-0.26
2.692	7.74	-0.26
2.693	7.73	-0.26
2.694	7.71	-0.26
2.695	7.73	-0.26
2.696	7.72	-0.26
2.697	7.72	-0.26
2.698	7.70	-0.26
2.698	7.71	-0.26
2.699	7.70	-0.26
2.700	7.70	-0.26
2.700	7.71	-0.26
2.701	7.70	-0.26
2.702	7.70	-0.26
2.703	7.70	-0.26
2.705	7.69	-0.26
2.708	7.69	-0.26
2.711	7.68	-0.26
2.713	7.67	-0.26
2.713	7.65	-0.26
2.713	7.66	-0.26
2.713	7.67	-0.26
2.714	7.65	-0.26
2.715	7.65	-0.26
2.716	7.68	-0.26
2.717	7.66	-0.26
2.718	7.68	-0.26
2.719	7.67	-0.26
2.721	7.66	-0.26
2.723	7.65	-0.26
2.724	7.65	-0.26
2.724	7.65	-0.26
2.724	7.66	-0.26
2.726	7.64	-0.26
2.727	7.66	-0.26
2.728	7.66	-0.26
2.728	7.64	-0.26
2.729	7.64	-0.26
2.729	7.61	-0.26
2.730	7.62	-0.26
2.731	7.62	-0.26
2.732	7.63	-0.26
2.732	7.61	-0.26
2.733	7.60	-0.26
2.734	7.58	-0.26
2.735	7.58	-0.26
2.736	7.59	-0.26
2.736	7.58	-0.26
2.737	7.55	-0.26
2.737	7.56	-0.26
2.737	7.55	-0.26
2.739	7.56	-0.26
2.739	7.55	-0.26
2.740	7.54	-0.26
2.741	7.54	-0.26
2.743	7.54	-0.26
2.743	7.54	-0.26
2.744	7.52	-0.26
2.744	7.53	-0.26
2.744	7.52	-0.26
2.745	7.50	-0.26
2.747	7.50	-0.26
2.748	7.50	-0.26
2.749	7.49	-0.26
2.749	7.48	-0.26
2.750	7.50	-0.26
2.750	7.48	-0.26
2.750	7.50	-0.26
2.750	7.49	-0.26
2.751	7.50	-0.26
2.752	7.50	-0.26
2.753	7.49	-0.26
2.754	7.49	-0.26
2.754	7.50	-0.26
2.755	7.50	-0.26
2.755	7.50	-0.26
2.755	7.49	-0.26
2.756	7.49	-0.26
2.756	7.50	-0.26
2.757	7.49	-0.26
2.757	7.49	-0.26
2.757	7.50	-0.26
2.757	7.49	-0.26
2.758	7.49	-0.26
2.758	7.49	-0.26
2.759	7.49	-0.26
2.760	7.50	-0.26
2.761	7.51	-0.26
2.762	7.50	-0.26
2.763	7.49	-0.26
2.764	7.49	-0.26
2.765	7.50	-0.26
2.765	7.50	-0.26
2.765	7.51	-0.26
2.765	7.49	-0.26
2.766	7.51	-0.26
2.766	7.50	-0.26
2.766	7.50	-0.26
2.767	7.49	-0.26
2.769	7.49	-0.25
2.771	7.49	-0.26
2.772	7.49	-0.26
2.773	7.48	-0.26
2.774	7.48	-0.25
2.774	7.48	-0.25
2.774	7.49	-0.25
2.775	7.49	-0.25
2.777	7.49	-0.25
2.778	7.47	-0.25
2.779	7.46	-0.25
2.781	7.47	-0.25
2.782	7.46	-0.25
2.782	7.46	-0.25
2.782	7.46	-0.25
2.783	7.45	-0.25
2.784	7.44	-0.25
2.786	7.45	-0.25
2.788	7.45	-0.25
2.789	7.44	-0.25
2.790	7.43	-0.25
2.790	7.44	-0.25
2.791	7.42	-0.25
2.793	7.43	-0.25
2.795	7.42	-0.25
2.795	7.42	-0.25
2.795	7.42	-0.25
2.796	7.43	-0.25
2.797	7.41	-0.25
2.799	7.40	-0.25
2.800	7.40	-0.25
2.801	7.41	-0.25
2.803	7.40	-0.25
2.805	7.40	-0.25
2.806	7.37	-0.25
2.807	7.36	-0.25
2.807	7.36	-0.25
2.808	7.34	-0.25
2.808	7.35	-0.25
2.810	7.35	-0.25
2.812	7.34	-0.25
2.814	7.33	-0.25
2.815	7.33	-0.25
2.816	7.33	-0.25
2.817	7.34	-0.25
2.818	7.32	-0.25
2.820	7.32	-0.25
2.821	7.32	-0.25
2.822	7.34	-0.25
2.823	7.31	-0.25
2.823	7.33	-0.25
2.824	7.32	-0.25
2.826	7.32	-0.25
2.827	7.31	-0.25
2.828	7.31	-0.25
2.830	7.31	-0.25
2.831	7.30	-0.25
2.832	7.30	-0.25
2.834	7.29	-0.25
2.835	7.28	-0.25
2.835	7.29	-0.25
2.836	7.29	-0.25
2.837	7.28	-0.25
2.838	7.29	-0.25
2.839	7.28	-0.25
2.840	7.26	-0.25
2.840	7.27	-0.25
2.841	7.25	-0.25
2.841	7.28	-0.25
2.842	7.27	-0.25
2.844	7.27	-0.25
2.845	7.26	-0.25
2.845	7.26	-0.25
2.846	7.26	-0.25
2.846	7.27	-0.25
2.847	7.25	-0.25
2.848	7.26	-0.25
2.849	7.24	-0.25
2.849	7.26	-0.25
2.849	7.24	-0.25
2.850	7.25	-0.25
2.850	7.24	-0.25
2.850	7.25	-0.25
2.851	7.24	-0.25
2.852	7.22	-0.25
2.854	7.23	-0.25
2.856	7.22	-0.25
2.858	7.23	-0.25
2.860	7.23	-0.25
2.860	7.20	-0.25
2.860	7.22	-0.25
2.860	7.20	-0.25
2.861	7.19	-0.25
2.862	7.21	-0.24
2.864	7.19	-0.24
2.865	7.19	-0.24
2.866	7.20	-0.24
2.867	7.20	-0.24
2.868	7.20	-0.24
2.868	7.19	-0.24
2.869	7.17	-0.24
2.871	7.17	-0.24
2.871	7.17	-0.24
2.871	7.17	-0.24
2.871	7.18	-0.24
2.871	7.17	-0.24
2.872	7.17	-0.24
2.872	7.17	-0.24
2.873	7.18	-0.24
2.874	7.17	-0.24
2.875	7.18	-0.24
2.876	7.16	-0.24
2.877	7.16	-0.24
2.878	7.15	-0.24
2.879	7.14	-0.24
2.881	7.14	-0.24
2.882	7.13	-0.24
2.883	7.13	-0.24
2.884	7.13	-0.24
2.885	7.12	-0.24
2.886	7.12	-0.24
2.889	7.12	-0.24
2.890	7.13	-0.24
2.891	7.11	-0.24
2.892	7.12	-0.24
2.893	7.12	-0.24
2.895	7.11	-0.24
2.895	7.10	-0.24
2.896	7.09	-0.24
2.896	7.11	-0.24
2.897	7.11	-0.24
2.898	7.11	-0.24
2.899	7.10	-0.24
2.899	7.11	-0.24
2.900	7.09	-0.24
2.901	7.10	-0.24
2.901	7.10	-0.24
2.901	7.09	-0.24
2.900	7.10	-0.23
2.901	7.10	-0.23
2.901	7.11	-0.23
2.902	7.09	-0.24
2.903	7.08	-0.23
2.905	7.07	-0.23
2.906	7.08	-0.23
2.907	7.07	-0.23
2.907	7.07	-0.23
2.908	7.08	-0.23
2.910	7.06	-0.23
2.912	7.07	-0.23
2.914	7.06	-0.23
2.916	7.06	-0.23
2.916	7.06	-0.23
2.917	7.06	-0.23
2.917	7.04	-0.23
2.918	7.04	-0.23
2.918	7.06	-0.23
2.921	7.05	-0.23
2.924	7.06	-0.23
2.925	7.06	-0.23
2.926	7.03	-0.24
2.926	7.04	-0.24
2.926	7.02	-0.24
2.927	7.01	-0.23
2.927	7.00	-0.24
2.928	7.00	-0.24
2.929	7.00	-0.24
2.930	6.98	-0.24
2.930	6.97	-0.24
2.931	6.98	-0.24
2.932	6.97	-0.24
2.933	6.99	-0.24
2.934	6.97	-0.24
2.934	6.98	-0.24
2.937	6.98	-0.24
2.938	6.98	-0.24
2.938	6.98	-0.24
2.939	6.97	-0.24
2.940	6.97	-0.24
2.942	6.97	-0.24
2.943	6.96	-0.24
2.944	6.96	-0.24
2.945	6.97	-0.24
2.947	6.96	-0.24
2.948	6.97	-0.24
2.949	6.96	-0.24
2.950	6.96	-0.24
2.952	6.96	-0.24
2.954	6.94	-0.24
2.954	6.94	-0.24
2.955	6.94	-0.24
2.957	6.95	-0.24
2.959	6.94	-0.24
2.960	6.93	-0.24
2.961	6.93	-0.24
2.962	6.92	-0.24
2.964	6.91	-0.24
2.964	6.90	-0.24
2.964	6.91	-0.24
2.964	6.91	-0.24
2.964	6.91	-0.24
2.965	6.92	-0.24
2.968	6.92	-0.24
2.971	6.92	-0.24
2.971	6.91	-0.24
2.971	6.92	-0.24
2.972	6.90	-0.24
2.974	6.90	-0.24
2.976	6.89	-0.24
2.978	6.90	-0.24
2.979	6.89	-0.24
2.981	6.89	-0.24
2.982	6.89	-0.24
2.985	6.87	-0.24
2.986	6.87	-0.24
2.988	6.87	-0.24
2.988	6.85	-0.24
2.989	6.84	-0.24
2.989	6.84	-0.24
2.990	6.83	-0.24
2.992	6.84	-0.24
2.993	6.85	-0.24
2.993	6.85	-0.24
2.994	6.84	-0.24
2.994	6.84	-0.24
2.996	6.83	-0.24
2.997	6.83	-0.24
2.998	6.82	-0.24
2.998	6.82	-0.24
3.000	6.83	-0.24
3.001	6.80	-0.24
3.002	6.81	-0.24
3.003	6.79	-0.24
3.003	6.80	-0.24
3.005	6.79	-0.24
3.005	6.78	-0.24
3.006	6.77	-0.24
3.006	6.77	-0.24
3.007	6.78	-0.24
3.008	6.78	-0.24
3.008	6.77	-0.24
3.010	6.74	-0.23
3.011	6.77	-0.24
3.011	6.77	-0.24
3.011	6.78	-0.23
3.012	6.74	-0.23
3.013	6.75	-0.24
3.015	6.74	-0.23
3.017	6.76	-0.23
3.019	6.75	-0.23
3.020	6.74	-0.23
3.021	6.71	-0.23
3.021	6.72	-0.23
3.021	6.73	-0.23
3.021	6.71	-0.23
3.021	6.71	-0.23
3.020	6.73	-0.23
3.021	6.72	-0.23
3.021	6.70	-0.23
3.021	6.72	-0.23
3.022	6.71	-0.23
3.024	6.67	-0.23
3.028	6.67	-0.23
3.031	6.67	-0.23
3.034	6.64	-0.23
3.036	6.66	-0.23
3.037	6.65	-0.23
3.038	6.64	-0.23
3.038	6.64	-0.23
3.038	6.65	-0.23
3.038	6.64	-0.23
3.039	6.65	-0.23
3.039	6.66	-0.23
3.040	6.66	-0.23
3.042	6.66	-0.23
3.045	6.64	-0.23
3.046	6.63	-0.23
3.047	6.63	-0.23
3.047	6.62	-0.23
3.048	6.62	-0.23
3.049	6.64	-0.23
3.049	6.62	-0.23
3.050	6.60	-0.23
3.052	6.61	-0.23
3.053	6.59	-0.23
3.054	6.59	-0.23
3.056	6.60	-0.23
3.058	6.58	-0.23
3.058	6.58	-0.23
3.060	6.60	-0.23
3.061	6.58	-0.23
3.062	6.59	-0.23
3.063	6.58	-0.23
3.065	6.60	-0.23
3.066	6.58	-0.23
3.067	6.59	-0.23
3.068	6.59	-0.23
3.070	6.59	-0.23
3.071	6.57	-0.23
3.073	6.55	-0.23
3.074	6.57	-0.23
3.074	6.56	-0.23
3.075	6.54	-0.23
3.075	6.55	-0.23
3.076	6.54	-0.23
3.076	6.55	-0.23
3.077	6.56	-0.23
3.078	6.53	-0.23
3.080	6.54	-0.23
3.081	6.52	-0.23
3.082	6.51	-0.23
3.083	6.52	-0.23
3.084	6.50	-0.23
3.085	6.50	-0.23
3.087	6.50	-0.23
3.088	6.51	-0.23
3.088	6.51	-0.23
3.089	6.51	-0.23
3.089	6.50	-0.23
3.090	6.51	-0.23
3.090	6.50	-0.23
3.090	6.51	-0.23
3.091	6.50	-0.23
3.092	6.49	-0.23
3.092	6.51	-0.23
3.093	6.53	-0.23
3.095	6.50	-0.23
3.096	6.51	-0.23
3.097	6.49	-0.23
3.098	6.52	-0.23
3.099	6.48	-0.23
3.100	6.49	-0.23
3.101	6.49	-0.23
3.102	6.49	-0.23
3.103	6.50	-0.23
3.104	6.51	-0.23
3.105	6.49	-0.23
3.106	6.49	-0.23
3.106	6.50	-0.23
3.106	6.47	-0.23
3.107	6.48	-0.23
3.108	6.50	-0.23
3.108	6.49	-0.23
3.108	6.47	-0.23
3.107	6.49	-0.23
3.107	6.48	-0.23
3.107	6.48	-0.23
3.107	6.49	-0.23
3.107	6.48	-0.23
3.108	6.48	-0.23
3.111	6.47	-0.23
3.113	6.46	-0.23
3.115	6.47	-0.23
3.117	6.46	-0.23
3.119	6.44	-0.23
3.121	6.45	-0.23
3.124	6.44	-0.23
3.125	6.44	-0.23
3.126	6.43	-0.23
3.126	6.44	-0.23
3.127	6.42	-0.23
3.127	6.42	-0.23
3.127	6.44	-0.23
3.128	6.42	-0.23
3.128	6.43	-0.23
3.128	6.42	-0.23
3.128	6.42	-0.23
3.128	6.44	-0.23
3.128	6.43	-0.23
3.128	6.42	-0.23
3.128	6.43	-0.23
3.128	6.44	-0.23
3.127	6.43	-0.23
3.127	6.42	-0.23
3.129	6.44	-0.23
3.132	6.44	-0.23
3.133	6.43	-0.23
3.133	6.43	-0.23
3.133	6.43	-0.23
3.134	6.43	-0.23
3.137	6.43	-0.23
3.139	6.41	-0.23
3.139	6.42	-0.23
3.139	6.42	-0.23
3.140	6.43	-0.23
3.141	6.42	-0.23
3.144	6.41	-0.23
3.146	6.40	-0.23
3.146	6.40	-0.23
3.147	6.41	-0.23
3.151	6.39	-0.23
3.153	6.39	-0.23
3.154	6.37	-0.23
3.156	6.37	-0.23
3.160	6.36	-0.23
3.163	6.35	-0.23
3.166	6.34	-0.23
3.169	6.34	-0.23
3.170	6.34	-0.23
3.171	6.33	-0.23
3.172	6.34	-0.23
3.173	6.35	-0.23
3.174	6.35	-0.23
3.175	6.34	-0.23
3.175	6.34	-0.23
3.176	6.33	-0.23
3.177	6.32	-0.23
3.178	6.31	-0.23
3.179	6.31	-0.23
3.179	6.32	-0.23
3.180	6.33	-0.23
3.180	6.32	-0.23
3.180	6.31	-0.23
3.181	6.31	-0.23
3.182	6.32	-0.23
3.183	6.31	-0.23
3.185	6.32	-0.23
3.186	6.33	-0.23
3.187	6.31	-0.23
3.189	6.31	-0.23
3.190	6.30	-0.23
3.191	6.31	-0.23
3.192	6.29	-0.23
3.194	6.29	-0.23
3.195	6.30	-0.23
3.195	6.30	-0.23
3.196	6.30	-0.23
3.197	6.30	-0.23
3.198	6.29	-0.23
3.198	6.29	-0.23
3.199	6.28	-0.23
3.199	6.29	-0.23
3.199	6.27	-0.23
3.199	6.29	-0.23
3.200	6.27	-0.23
3.201	6.28	-0.23
3.202	6.29	-0.23
3.204	6.30	-0.23
3.206	6.28	-0.23
3.208	6.27	-0.23
3.210	6.27	-0.23
3.211	6.26	-0.23
3.212	6.26	-0.23
3.214	6.25	-0.23
3.216	6.26	-0.23
3.217	6.26	-0.23
3.218	6.25	-0.23
3.220	6.25	-0.23
3.222	6.24	-0.23
3.224	6.23	-0.23
3.224	6.25	-0.23
3.225	6.22	-0.23
3.225	6.23	-0.23
3.226	6.22	-0.23
3.229	6.21	-0.23
3.233	6.17	-0.23
3.237	6.14	-0.23
3.242	6.14	-0.23
3.245	6.14	-0.23
3.248	6.13	-0.23
3.249	6.13	-0.23
3.251	6.09	-0.23
3.254	6.14	-0.23
3.256	6.11	-0.23
3.257	6.10	-0.23
3.260	6.11	-0.23
3.264	6.10	-0.23
3.266	6.10	-0.23
3.268	6.10	-0.23
3.270	6.09	-0.23
3.274	6.07	-0.23
3.276	6.08	-0.23
3.277	6.11	-0.23
3.278	6.07	-0.23
3.280	6.05	-0.23
3.280	6.06	-0.23
3.282	6.05	-0.23
3.284	6.05	-0.23
3.286	6.06	-0.23
3.287	6.05	-0.23
3.287	6.04	-0.23
3.288	6.04	-0.23
3.290	6.05	-0.23
3.290	6.03	-0.23
3.292	6.05	-0.23
3.294	6.05	-0.23
3.295	6.05	-0.23
3.295	6.04	-0.23
3.297	6.04	-0.23
3.298	6.05	-0.23
3.300	6.02	-0.23
3.302	6.04	-0.23
3.303	6.02	-0.23
3.304	6.00	-0.23
3.306	6.01	-0.23
3.306	6.02	-0.23
3.308	6.03	-0.23
3.309	6.02	-0.23
3.309	6.00	-0.23
3.311	6.01	-0.23
3.312	6.01	-0.23
3.313	6.02	-0.23
3.314	6.01	-0.23
3.314	6.00	-0.23
3.317	6.00	-0.23
3.320	5.99	-0.23
3.322	6.00	-0.23
3.323	6.00	-0.23
3.324	5.99	-0.23
3.326	6.00	-0.23
3.327	5.99	-0.23
3.330	5.96	-0.23
3.334	5.97	-0.23
3.337	5.99	-0.23
3.337	5.97	-0.23
3.338	5.97	-0.23
3.339	5.96	-0.23
3.341	5.97	-0.23
3.342	5.96	-0.23
3.343	5.98	-0.23
3.344	5.98	-0.23
3.346	5.99	-0.23
3.349	5.99	-0.23
3.350	5.98	-0.23
3.352	5.97	-0.23
3.354	5.96	-0.23
3.355	5.93	-0.23
3.356	5.93	-0.23
3.357	5.93	-0.23
3.359	5.94	-0.23
3.360	5.93	-0.23
3.362	5.92	-0.23
3.362	5.92	-0.23
3.363	5.93	-0.23
3.366	5.92	-0.23
3.368	5.92	-0.23
3.370	5.91	-0.23
3.373	5.90	-0.23
3.376	5.89	-0.23
3.380	5.90	-0.23
3.382	5.89	-0.23
3.382	5.90	-0.23
3.384	5.90	-0.23
3.385	5.88	-0.23
3.388	5.87	-0.23
3.389	5.87	-0.23
3.392	5.85	-0.23
3.395	5.86	-0.23
3.398	5.85	-0.23
3.401	5.85	-0.23
3.401	5.85	-0.23
3.402	5.84	-0.23
3.403	5.83	-0.23
3.405	5.83	-0.23
3.407	5.84	-0.23
3.409	5.83	-0.23
3.410	5.82	-0.23
3.411	5.82	-0.23
3.412	5.82	-0.23
3.413	5.83	-0.23
3.414	5.83	-0.23
3.416	5.83	-0.23
3.417	5.81	-0.23
3.418	5.83	-0.23
3.420	5.81	-0.23
3.421	5.81	-0.23
3.422	5.81	-0.23
3.423	5.80	-0.23
3.424	5.82	-0.23
3.424	5.81	-0.23
3.425	5.82	-0.23
3.426	5.80	-0.23
3.427	5.81	-0.23
3.427	5.81	-0.23
3.430	5.81	-0.23
3.434	5.79	-0.23
3.435	5.79	-0.23
3.436	5.79	-0.23
3.437	5.79	-0.23
3.438	5.79	-0.23
3.440	5.78	-0.23
3.442	5.74	-0.23
3.444	5.73	-0.23
3.446	5.72	-0.23
3.447	5.75	-0.23
3.448	5.73	-0.23
3.450	5.74	-0.23
3.452	5.74	-0.23
3.454	5.72	-0.23
3.457	5.74	-0.23
3.460	5.75	-0.23
3.462	5.74	-0.23
3.463	5.73	-0.23
3.465	5.71	-0.23
3.466	5.70	-0.23
3.467	5.70	-0.23
3.469	5.69	-0.23
3.473	5.69	-0.23
3.476	5.67	-0.23
3.478	5.66	-0.23
3.481	5.64	-0.23
3.483	5.64	-0.23
3.486	5.63	-0.23
3.489	5.62	-0.24
3.492	5.61	-0.24
3.494	5.62	-0.24
3.496	5.60	-0.24
3.498	5.60	-0.24
3.499	5.59	-0.24
3.501	5.61	-0.24
3.504	5.60	-0.24
3.507	5.60	-0.24
3.509	5.61	-0.24
3.511	5.60	-0.24
3.513	5.60	-0.24
3.516	5.58	-0.24
3.520	5.60	-0.24
3.524	5.59	-0.24
3.528	5.58	-0.24
3.530	5.57	-0.24
3.532	5.57	-0.24
3.534	5.57	-0.24
3.537	5.55	-0.24
3.538	5.56	-0.24
3.541	5.55	-0.24
3.545	5.56	-0.24
3.547	5.55	-0.24
3.550	5.54	-0.24
3.553	5.55	-0.24
3.555	5.55	-0.24
3.557	5.54	-0.24
3.560	5.54	-0.24
3.563	5.54	-0.24
3.566	5.52	-0.24
3.569	5.50	-0.24
3.569	5.51	-0.24
3.569	5.49	-0.24
3.569	5.50	-0.24
3.569	5.49	-0.24
3.569	5.49	-0.24
3.569	5.49	-0.24
3.569	5.49	-0.24
3.569	5.50	-0.24
3.569	5.48	-0.24
3.569	5.49	-0.24
3.569	5.49	-0.24
3.569	5.49	-0.24
3.569	5.49	-0.24
3.569	5.48	-0.24
3.569	5.48	-0.24
3.569	5.48	-0.24
3.569	5.47	-0.24
3.569	5.47	-0.24
3.569	5.48	-0.24
3.569	5.46	-0.24
3.569	5.43	-0.24
3.569	5.41	-0.24
3.569	5.43	-0.24
3.569	5.41	-0.24
3.569	5.42	-0.24
3.569	5.42	-0.24
3.569	5.41	-0.24
3.569	5.41	-0.24
3.569	5.42	-0.24
3.569	5.41	-0.24
3.569	5.41	-0.24
3.569	5.41	-0.24
3.569	5.40	-0.24
3.569	5.40	-0.24
3.569	5.41	-0.24
3.569	5.41	-0.24
3.569	5.41	-0.24
3.569	5.39	-0.24
3.569	5.39	-0.24
3.569	5.40	-0.24
3.569	5.38	-0.24
3.569	5.39	-0.24
3.569	5.39	-0.24
3.569	5.38	-0.24
3.569	5.39	-0.24
3.569	5.38	-0.24
3.569	5.35	-0.24
3.569	5.36	-0.24
3.569	5.34	-0.24
3.569	5.33	-0.24
3.569	5.33	-0.24
3.569	5.32	-0.24
3.569	5.31	-0.24
3.569	5.32	-0.24
3.569	5.30	-0.24
3.569	5.30	-0.24
3.569	5.27	-0.24
3.569	5.27	-0.24
3.569	5.27	-0.24
3.569	5.27	-0.24
3.569	5.26	-0.24
3.569	5.27	-0.24
3.569	5.28	-0.24
3.569	5.26	-0.24
3.569	5.25	-0.24
3.569	5.24	-0.24
3.569	5.26	-0.24
3.569	5.27	-0.24
3.569	5.26	-0.24
3.569	5.24	-0.24
3.569	5.24	-0.24
3.569	5.24	-0.24
3.569	5.24	-0.24
3.569	5.23	-0.24
3.569	5.22	-0.24
3.569	5.21	-0.24
3.569	5.20	-0.24
3.569	5.21	-0.24
3.569	5.20	-0.24
3.569	5.19	-0.24
3.569	5.17	-0.24
3.569	5.16	-0.24
3.569	5.14	-0.24
3.569	5.16	-0.24
3.569	5.15	-0.24
3.569	5.17	-0.24
3.569	5.16	-0.24
3.569	5.16	-0.24
3.569	5.13	-0.24
3.569	5.13	-0.24
3.569	5.11	-0.24
3.569	5.12	-0.24
3.569	5.12	-0.24
3.569	5.11	-0.24
3.569	5.10	-0.24
3.569	5.08	-0.24
3.569	5.08	-0.24
3.569	5.05	-0.24
3.569	4.99	-0.24
3.569	5.03	-0.24
3.569	5.01	-0.24
3.569	5.04	-0.24
3.569	5.05	-0.24
3.569	5.02	-0.24
3.569	4.95	-0.24
3.569	4.95	-0.24
3.569	4.99	-0.24
3.569	4.90	-0.24
3.569	4.94	-0.24
3.569	4.94	-0.24
3.569	4.91	-0.24
3.569	4.93	-0.24
3.569	4.93	-0.24
3.569	4.96	-0.24
3.569	4.95	-0.24
3.569	4.93	-0.24
3.569	4.96	-0.24
3.569	4.91	-0.24
3.569	4.93	-0.24
3.569	4.92	-0.24
3.569	4.91	-0.24
3.569	4.90	-0.24
3.569	4.89	-0.24
3.569	4.93	-0.24
3.569	4.94	-0.24
3.569	4.93	-0.24
3.569	4.93	-0.24
3.569	4.90	-0.24
