1.047	22.52	15.54
1.047	22.52	15.54
1.047	22.52	15.54
1.047	22.52	15.54
1.047	22.52	15.54
1.047	22.52	15.54
1.047	22.52	15.54
1.047	22.52	15.54
1.047	22.52	15.54
1.047	22.52	15.54
1.047	22.52	15.54
1.047	22.52	15.54
1.047	22.52	15.54
1.048	22.52	15.54
1.048	22.52	15.54
1.048	22.52	15.54
1.048	22.52	15.54
1.048	22.52	15.54
1.048	22.52	15.54
1.048	22.52	15.54
1.048	22.52	15.54
1.048	22.52	15.54
1.048	22.52	15.54
1.048	22.52	15.54
1.048	22.52	15.54
1.048	22.52	15.54
1.048	22.52	15.54
1.048	22.52	15.54
1.048	22.52	15.54
1.048	22.52	15.54
1.048	22.52	15.54
1.048	22.52	15.54
1.048	22.52	15.54
1.048	22.52	15.54
1.048	22.52	15.54
1.048	22.52	15.54
1.048	22.52	15.54
1.048	22.52	15.54
1.048	22.52	15.54
1.048	22.52	15.54
1.048	22.52	15.54
1.048	22.52	15.54
1.048	22.52	15.54
1.048	22.52	15.54
1.048	22.52	15.54
1.048	22.52	15.54
1.048	22.52	15.54
1.048	22.52	15.54
1.048	22.52	15.54
1.048	22.52	15.54
1.048	22.52	15.54
1.048	22.52	15.54
1.048	22.52	15.54
1.048	22.52	15.54
1.048	22.52	15.54
1.048	22.52	15.54
1.048	22.52	15.54
1.048	22.52	15.54
1.048	22.52	15.54
1.048	22.52	15.54
1.048	22.52	15.54
1.048	22.52	15.54
1.048	22.52	15.54
1.048	22.52	15.54
1.048	22.52	15.54
1.048	22.52	15.54
1.048	22.52	15.54
1.048	22.52	15.54
1.048	22.52	15.54
1.048	22.52	15.54
1.048	22.52	15.54
1.048	22.52	15.54
1.048	22.52	15.54
1.049	22.52	15.54
1.049	22.52	15.54
1.049	22.52	15.54
1.050	22.52	15.54
1.051	22.52	15.54
1.051	22.52	15.54
1.052	22.52	15.54
1.052	22.52	15.54
1.053	22.52	15.54
1.053	22.52	15.54
1.054	22.52	15.54
1.054	22.52	15.54
1.054	22.52	15.54
1.055	22.52	15.54
1.056	22.52	15.54
1.057	22.52	15.54
1.058	22.52	15.54
1.058	22.52	15.54
1.059	22.52	15.54
1.059	22.52	15.54
1.059	22.52	15.54
1.059	22.52	15.54
1.060	22.52	15.54
1.060	22.52	15.54
1.060	22.52	15.54
1.061	22.52	15.54
1.061	22.52	15.54
1.062	22.52	15.54
1.062	22.52	15.54
1.063	22.52	15.54
1.063	22.52	15.54
1.063	22.48	15.54
1.064	22.48	15.54
1.064	22.50	15.54
1.064	22.52	15.54
1.064	22.52	15.54
1.065	22.52	15.54
1.065	22.52	15.54
1.065	22.52	15.54
1.065	22.52	15.54
1.065	22.48	15.54
1.065	22.45	15.54
1.066	22.42	15.54
1.066	22.39	15.54
1.066	22.39	15.54
1.066	22.39	15.54
1.067	22.39	15.54
1.067	22.39	15.54
1.067	22.37	15.54
1.067	22.39	15.54
1.068	22.38	15.54
1.068	22.38	15.54
1.068	22.37	15.54
1.068	22.39	15.54
1.069	22.41	15.54
1.069	22.39	15.54
1.070	22.39	15.54
1.070	22.39	15.54
1.070	22.39	15.54
1.070	22.39	15.54
1.071	22.39	15.54
1.071	22.35	15.54
1.072	22.39	15.54
1.072	22.36	15.54
1.073	22.34	15.54
1.073	22.32	15.54
1.073	22.35	15.54
1.074	22.32	15.54
1.075	22.26	15.54
1.076	22.25	15.54
1.076	22.26	15.54
1.077	22.26	15.54
1.077	22.26	15.54
1.077	22.26	15.54
1.078	22.20	15.54
1.078	22.16	15.54
1.078	22.18	15.54
1.078	22.18	15.54
1.079	22.16	15.54
1.079	22.16	15.54
1.080	22.13	15.54
1.080	22.10	15.54
1.080	22.10	15.55
1.081	22.05	15.55
1.081	22.06	15.55
1.081	22.05	15.55
1.081	22.05	15.55
1.081	22.05	15.55
1.082	22.03	15.55
1.082	22.03	15.55
1.082	22.03	15.55
1.082	22.03	15.55
1.082	22.03	15.55
1.083	22.02	15.55
1.083	22.01	15.55
1.083	22.01	15.55
1.083	21.99	15.55
1.083	21.99	15.55
1.083	21.99	15.55
1.083	21.99	15.55
1.083	21.99	15.55
1.083	21.99	15.55
1.084	21.98	15.55
1.084	21.98	15.55
1.084	21.99	15.55
1.084	21.99	15.55
1.084	21.99	15.55
1.084	21.99	15.55
1.084	21.99	15.55
1.084	21.99	15.55
1.085	21.97	15.55
1.085	21.95	15.55
1.086	21.95	15.55
1.086	21.94	15.55
1.086	21.93	15.55
1.086	21.91	15.55
1.087	21.89	15.55
1.088	21.89	15.55
1.088	21.89	15.55
1.088	21.89	15.55
1.088	21.89	15.55
1.089	21.89	15.55
1.089	21.88	15.55
1.089	21.89	15.55
1.089	21.87	15.55
1.089	21.85	15.55
1.090	21.83	15.55
1.090	21.81	15.55
1.090	21.79	15.55
1.090	21.80	15.55
1.091	21.82	15.55
1.091	21.82	15.55
1.091	21.83	15.55
1.091	21.84	15.55
1.091	21.84	15.55
1.091	21.83	15.55
1.092	21.82	15.55
1.092	21.82	15.55
1.092	21.78	15.55
1.093	21.78	15.55
1.093	21.79	15.55
1.093	21.78	15.55
1.093	21.78	15.55
1.093	21.78	15.55
1.094	21.78	15.55
1.094	21.78	15.55
1.094	21.77	15.55
1.094	21.76	15.55
1.095	21.74	15.55
1.095	21.73	15.55
1.095	21.73	15.55
1.095	21.72	15.55
1.095	21.72	15.55
1.096	21.72	15.55
1.096	21.72	15.55
1.096	21.72	15.55
1.097	21.69	15.55
1.097	21.68	15.55
1.097	21.68	15.55
1.097	21.68	15.55
1.097	21.68	15.55
1.097	21.66	15.55
1.098	21.66	15.55
1.098	21.67	15.55
1.098	21.68	15.55
1.098	21.66	15.55
1.099	21.65	15.55
1.099	21.66	15.55
1.100	21.65	15.55
1.100	21.66	15.55
1.100	21.66	15.55
1.100	21.66	15.55
1.100	21.64	15.55
1.101	21.63	15.55
1.101	21.62	15.55
1.101	21.62	15.55
1.101	21.62	15.55
1.101	21.62	15.55
1.101	21.60	15.55
1.101	21.60	15.55
1.102	21.60	15.55
1.102	21.60	15.55
1.102	21.58	15.55
1.102	21.59	15.55
1.102	21.59	15.55
1.103	21.58	15.55
1.103	21.58	15.55
1.103	21.58	15.55
1.103	21.57	15.55
1.104	21.56	15.55
1.104	21.56	15.55
1.104	21.56	15.55
1.104	21.56	15.55
1.104	21.56	15.55
1.104	21.56	15.55
1.105	21.55	15.55
1.105	21.54	15.55
1.105	21.54	15.55
1.105	21.53	15.55
1.106	21.52	15.55
1.106	21.51	15.55
1.106	21.51	15.55
1.107	21.51	15.55
1.107	21.51	15.55
1.107	21.51	15.55
1.107	21.51	15.55
1.107	21.51	15.55
1.107	21.49	15.55
1.107	21.49	15.55
1.107	21.49	15.55
1.108	21.49	15.55
1.108	21.47	15.55
1.108	21.47	15.55
1.108	21.47	15.55
1.109	21.47	15.55
1.109	21.45	15.55
1.109	21.45	15.55
1.110	21.45	15.55
1.110	21.44	15.55
1.110	21.41	15.55
1.111	21.43	15.55
1.111	21.43	15.55
1.111	21.42	15.55
1.111	21.41	15.55
1.111	21.38	15.55
1.112	21.38	15.55
1.112	21.38	15.55
1.112	21.38	15.55
1.112	21.38	15.55
1.112	21.38	15.55
1.113	21.36	15.55
1.113	21.37	15.55
1.113	21.35	15.55
1.113	21.35	15.55
1.114	21.36	15.55
1.114	21.36	15.55
1.114	21.36	15.55
1.114	21.36	15.55
1.114	21.36	15.55
1.114	21.34	15.55
1.115	21.33	15.55
1.115	21.34	15.55
1.115	21.34	15.55
1.115	21.34	15.55
1.115	21.34	15.55
1.115	21.34	15.55
1.115	21.32	15.55
1.116	21.31	15.55
1.116	21.31	15.55
1.116	21.31	15.55
1.116	21.30	15.55
1.116	21.30	15.55
1.116	21.30	15.55
1.116	21.30	15.55
1.116	21.30	15.55
1.116	21.30	15.55
1.116	21.30	15.55
1.117	21.30	15.56
1.116	21.30	15.55
1.116	21.30	15.55
1.116	21.30	15.55
1.117	21.30	15.56
1.117	21.30	15.56
1.117	21.30	15.56
1.117	21.29	15.56
1.117	21.28	15.56
1.117	21.28	15.56
1.118	21.25	15.56
1.119	21.22	15.56
1.119	21.23	15.56
1.120	21.22	15.56
1.120	21.23	15.56
1.120	21.23	15.56
1.120	21.23	15.56
1.120	21.23	15.56
1.120	21.21	15.56
1.121	21.19	15.56
1.121	21.19	15.56
1.121	21.17	15.56
1.122	21.17	15.56
1.122	21.18	15.56
1.122	21.17	15.56
1.122	21.15	15.56
1.122	21.15	15.56
1.123	21.15	15.56
1.123	21.15	15.56
1.123	21.15	15.56
1.123	21.15	15.56
1.123	21.15	15.56
1.124	21.14	15.56
1.124	21.13	15.56
1.124	21.13	15.56
1.124	21.12	15.56
1.125	21.10	15.56
1.125	21.11	15.56
1.125	21.10	15.56
1.125	21.10	15.56
1.125	21.10	15.56
1.126	21.10	15.56
1.126	21.08	15.56
1.127	21.07	15.56
1.127	21.07	15.56
1.127	21.07	15.56
1.127	21.06	15.56
1.127	21.06	15.56
1.127	21.06	15.56
1.127	21.06	15.56
1.128	21.06	15.56
1.128	21.05	15.56
1.128	21.04	15.56
1.128	21.04	15.56
1.129	21.02	15.56
1.129	21.01	15.56
1.130	21.01	15.56
1.131	21.00	15.56
1.131	21.00	15.56
1.131	21.00	15.56
1.131	21.00	15.56
1.132	20.99	15.56
1.132	20.97	15.56
1.133	20.94	15.56
1.134	20.93	15.56
1.135	20.92	15.56
1.135	20.91	15.56
1.135	20.89	15.56
1.135	20.89	15.56
1.135	20.89	15.56
1.136	20.88	15.56
1.136	20.90	15.56
1.136	20.90	15.56
1.136	20.90	15.56
1.137	20.90	15.56
1.137	20.90	15.56
1.137	20.88	15.56
1.137	20.88	15.56
1.138	20.87	15.56
1.138	20.85	15.56
1.138	20.85	15.56
1.139	20.84	15.56
1.139	20.82	15.56
1.139	20.83	15.56
1.139	20.81	15.56
1.139	20.80	15.56
1.140	20.79	15.56
1.140	20.82	15.56
1.140	20.81	15.56
1.140	20.80	15.56
1.140	20.80	15.56
1.140	20.83	15.56
1.140	20.83	15.56
1.140	20.83	15.56
1.140	20.82	15.56
1.140	20.80	15.56
1.141	20.79	15.56
1.141	20.77	15.56
1.142	20.77	15.56
1.143	20.75	15.56
1.144	20.73	15.56
1.144	20.74	15.56
1.144	20.73	15.56
1.144	20.73	15.56
1.145	20.73	15.56
1.145	20.69	15.56
1.146	20.71	15.56
1.147	20.71	15.56
1.147	20.68	15.56
1.147	20.67	15.56
1.148	20.66	15.56
1.149	20.63	15.56
1.150	20.62	15.56
1.152	20.60	15.56
1.153	20.57	15.56
1.153	20.58	15.56
1.153	20.58	15.56
1.153	20.57	15.56
1.153	20.57	15.56
1.153	20.57	15.56
1.154	20.57	15.56
1.154	20.57	15.56
1.154	20.57	15.56
1.154	20.57	15.56
1.154	20.57	15.56
1.154	20.56	15.56
1.154	20.55	15.56
1.154	20.55	15.56
1.154	20.53	15.56
1.155	20.53	15.56
1.155	20.52	15.56
1.156	20.50	15.56
1.157	20.49	15.56
1.157	20.46	15.56
1.158	20.45	15.56
1.158	20.45	15.56
1.158	20.45	15.56
1.158	20.45	15.56
1.158	20.45	15.56
1.159	20.44	15.56
1.159	20.44	15.56
1.159	20.44	15.56
1.159	20.43	15.56
1.159	20.43	15.56
1.159	20.43	15.56
1.160	20.43	15.56
1.160	20.43	15.56
1.161	20.42	15.56
1.161	20.40	15.56
1.161	20.39	15.56
1.162	20.39	15.56
1.162	20.37	15.56
1.162	20.36	15.56
1.162	20.35	15.56
1.163	20.33	15.56
1.163	20.34	15.56
1.164	20.33	15.56
1.164	20.31	15.56
1.164	20.28	15.56
1.165	20.27	15.56
1.165	20.24	15.56
1.165	20.26	15.56
1.165	20.27	15.56
1.165	20.27	15.56
1.166	20.26	15.56
1.165	20.27	15.56
1.165	20.27	15.56
1.166	20.26	15.57
1.166	20.25	15.57
1.166	20.26	15.57
1.166	20.27	15.57
1.166	20.26	15.57
1.166	20.26	15.57
1.166	20.26	15.57
1.166	20.26	15.57
1.167	20.26	15.57
1.167	20.27	15.57
1.167	20.25	15.57
1.167	20.24	15.57
1.167	20.26	15.57
1.167	20.26	15.57
1.168	20.26	15.57
1.168	20.24	15.57
1.168	20.22	15.57
1.168	20.19	15.57
1.169	20.20	15.57
1.169	20.21	15.57
1.170	20.21	15.57
1.170	20.21	15.57
1.170	20.21	15.57
1.170	20.21	15.57
1.170	20.22	15.57
1.170	20.21	15.57
1.171	20.18	15.57
1.171	20.18	15.57
1.171	20.17	15.57
1.171	20.17	15.57
1.172	20.16	15.57
1.172	20.14	15.57
1.172	20.14	15.57
1.173	20.14	15.57
1.173	20.14	15.57
1.173	20.15	15.57
1.173	20.13	15.57
1.174	20.13	15.57
1.174	20.13	15.57
1.174	20.14	15.57
1.174	20.14	15.57
1.174	20.14	15.57
1.174	20.14	15.57
1.174	20.13	15.57
1.174	20.12	15.57
1.175	20.11	15.57
1.175	20.10	15.57
1.175	20.11	15.57
1.175	20.10	15.57
1.175	20.09	15.57
1.176	20.09	15.57
1.176	20.08	15.57
1.176	20.09	15.57
1.176	20.08	15.57
1.177	20.08	15.57
1.177	20.08	15.57
1.177	20.08	15.57
1.177	20.08	15.57
1.177	20.08	15.57
1.177	20.06	15.57
1.178	20.05	15.57
1.178	20.04	15.57
1.178	20.04	15.57
1.178	20.04	15.57
1.179	20.02	15.57
1.179	20.03	15.57
1.180	20.02	15.57
1.180	20.01	15.57
1.180	20.01	15.57
1.180	20.01	15.57
1.180	20.01	15.57
1.180	20.01	15.57
1.180	20.01	15.57
1.181	20.01	15.57
1.181	20.01	15.57
1.181	20.01	15.57
1.181	20.00	15.57
1.181	19.99	15.57
1.182	19.99	15.57
1.182	19.97	15.57
1.183	19.96	15.57
1.183	19.96	15.57
1.183	19.94	15.57
1.183	19.94	15.57
1.184	19.95	15.57
1.184	19.94	15.57
1.184	19.95	15.57
1.184	19.95	15.57
1.184	19.95	15.57
1.184	19.94	15.57
1.184	19.93	15.57
1.184	19.91	15.57
1.184	19.91	15.57
1.185	19.90	15.57
1.185	19.92	15.57
1.186	19.92	15.57
1.186	19.91	15.57
1.186	19.89	15.57
1.186	19.89	15.57
1.186	19.89	15.57
1.186	19.89	15.57
1.187	19.89	15.57
1.187	19.89	15.57
1.187	19.89	15.57
1.187	19.89	15.57
1.187	19.89	15.57
1.188	19.87	15.57
1.188	19.85	15.57
1.188	19.85	15.57
1.188	19.85	15.57
1.189	19.84	15.57
1.189	19.83	15.57
1.189	19.83	15.57
1.190	19.81	15.57
1.190	19.79	15.57
1.191	19.77	15.57
1.191	19.77	15.57
1.191	19.76	15.57
1.192	19.75	15.57
1.192	19.74	15.57
1.192	19.75	15.57
1.192	19.76	15.57
1.192	19.76	15.57
1.192	19.76	15.57
1.192	19.77	15.57
1.192	19.76	15.57
1.192	19.75	15.57
1.193	19.75	15.57
1.193	19.75	15.57
1.193	19.75	15.57
1.193	19.76	15.57
1.193	19.75	15.57
1.193	19.75	15.57
1.193	19.75	15.57
1.193	19.75	15.57
1.194	19.75	15.57
1.194	19.74	15.57
1.194	19.74	15.57
1.194	19.73	15.57
1.194	19.71	15.57
1.195	19.70	15.57
1.195	19.72	15.57
1.195	19.70	15.57
1.195	19.69	15.57
1.196	19.72	15.57
1.196	19.71	15.57
1.196	19.69	15.57
1.196	19.71	15.57
1.196	19.72	15.57
1.196	19.72	15.57
1.197	19.70	15.57
1.197	19.68	15.57
1.197	19.67	15.57
1.197	19.66	15.57
1.198	19.66	15.57
1.198	19.66	15.57
1.197	19.66	15.57
1.198	19.66	15.57
1.198	19.66	15.58
1.198	19.66	15.57
1.198	19.65	15.58
1.198	19.65	15.57
1.198	19.65	15.58
1.199	19.64	15.58
1.199	19.64	15.58
1.199	19.64	15.58
1.199	19.64	15.58
1.199	19.64	15.58
1.199	19.63	15.58
1.200	19.62	15.58
1.200	19.62	15.58
1.200	19.60	15.58
1.201	19.60	15.58
1.201	19.58	15.58
1.201	19.55	15.58
1.201	19.55	15.58
1.201	19.57	15.58
1.201	19.57	15.58
1.202	19.57	15.58
1.202	19.57	15.58
1.202	19.56	15.58
1.202	19.56	15.58
1.203	19.57	15.58
1.203	19.55	15.58
1.204	19.57	15.58
1.204	19.58	15.58
1.204	19.59	15.58
1.204	19.58	15.58
1.205	19.58	15.58
1.204	19.57	15.58
1.205	19.57	15.58
1.205	19.57	15.58
1.205	19.56	15.58
1.205	19.55	15.58
1.205	19.55	15.58
1.205	19.55	15.58
1.206	19.55	15.58
1.206	19.55	15.58
1.206	19.54	15.58
1.206	19.53	15.58
1.206	19.52	15.58
1.207	19.52	15.58
1.207	19.52	15.58
1.207	19.52	15.58
1.207	19.51	15.58
1.207	19.51	15.58
1.207	19.50	15.58
1.208	19.50	15.58
1.208	19.50	15.58
1.208	19.51	15.58
1.208	19.52	15.58
1.208	19.51	15.58
1.208	19.51	15.58
1.208	19.48	15.58
1.209	19.48	15.58
1.209	19.48	15.58
1.209	19.48	15.58
1.209	19.48	15.58
1.209	19.48	15.58
1.210	19.48	15.58
1.210	19.48	15.58
1.210	19.47	15.58
1.210	19.47	15.58
1.210	19.46	15.58
1.210	19.47	15.58
1.211	19.47	15.58
1.211	19.46	15.58
1.211	19.46	15.58
1.211	19.46	15.58
1.211	19.46	15.58
1.211	19.46	15.58
1.211	19.45	15.58
1.211	19.45	15.58
1.211	19.44	15.58
1.212	19.43	15.58
1.212	19.43	15.58
1.212	19.43	15.58
1.212	19.43	15.58
1.212	19.43	15.58
1.213	19.43	15.58
1.213	19.43	15.58
1.213	19.43	15.58
1.213	19.43	15.58
1.213	19.43	15.58
1.213	19.42	15.58
1.213	19.42	15.58
1.214	19.41	15.58
1.214	19.40	15.58
1.214	19.41	15.58
1.214	19.41	15.58
1.214	19.40	15.58
1.214	19.40	15.58
1.215	19.39	15.58
1.215	19.38	15.58
1.215	19.37	15.58
1.215	19.37	15.58
1.215	19.37	15.58
1.216	19.37	15.58
1.216	19.36	15.58
1.216	19.36	15.58
1.217	19.36	15.58
1.217	19.35	15.58
1.217	19.34	15.58
1.217	19.34	15.58
1.217	19.34	15.58
1.217	19.35	15.58
1.217	19.35	15.58
1.217	19.35	15.58
1.217	19.35	15.58
1.217	19.35	15.58
1.217	19.35	15.58
1.217	19.36	15.58
1.217	19.35	15.58
1.217	19.34	15.58
1.217	19.34	15.58
1.217	19.35	15.58
1.217	19.35	15.58
1.217	19.35	15.58
1.217	19.34	15.58
1.217	19.33	15.58
1.218	19.33	15.58
1.218	19.33	15.58
1.218	19.34	15.58
1.218	19.33	15.58
1.218	19.34	15.58
1.218	19.34	15.58
1.218	19.33	15.58
1.218	19.31	15.58
1.218	19.30	15.58
1.219	19.30	15.58
1.219	19.29	15.58
1.220	19.29	15.58
1.220	19.29	15.58
1.220	19.28	15.58
1.220	19.28	15.58
1.220	19.29	15.58
1.220	19.29	15.58
1.220	19.28	15.58
1.220	19.28	15.58
1.220	19.27	15.58
1.221	19.26	15.58
1.221	19.28	15.58
1.221	19.28	15.58
1.221	19.28	15.58
1.221	19.27	15.58
1.221	19.28	15.58
1.221	19.28	15.58
1.222	19.28	15.58
1.222	19.27	15.58
1.222	19.26	15.58
1.222	19.25	15.58
1.222	19.26	15.58
1.222	19.25	15.58
1.223	19.24	15.58
1.223	19.24	15.58
1.223	19.24	15.58
1.223	19.24	15.58
1.223	19.24	15.58
1.223	19.24	15.58
1.223	19.24	15.58
1.223	19.24	15.58
1.223	19.24	15.58
1.223	19.24	15.58
1.223	19.23	15.58
1.223	19.23	15.58
1.223	19.23	15.58
1.223	19.23	15.58
1.224	19.23	15.58
1.224	19.23	15.58
1.224	19.23	15.58
1.224	19.22	15.58
1.224	19.21	15.58
1.224	19.21	15.58
1.224	19.21	15.58
1.224	19.21	15.58
1.225	19.20	15.58
1.225	19.19	15.58
1.225	19.20	15.58
1.225	19.21	15.58
1.225	19.21	15.58
1.225	19.21	15.58
1.225	19.19	15.58
1.226	19.19	15.58
1.226	19.18	15.58
1.226	19.18	15.58
1.226	19.18	15.58
1.226	19.18	15.58
1.226	19.17	15.58
1.226	19.17	15.58
1.226	19.17	15.58
1.227	19.17	15.58
1.227	19.17	15.58
1.227	19.17	15.58
1.227	19.18	15.58
1.227	19.18	15.58
1.227	19.18	15.58
1.227	19.18	15.58
1.227	19.18	15.58
1.227	19.17	15.58
1.228	19.17	15.58
1.228	19.17	15.58
1.228	19.17	15.58
1.228	19.17	15.58
1.228	19.16	15.58
1.228	19.15	15.58
1.229	19.14	15.58
1.229	19.14	15.58
1.229	19.14	15.58
1.229	19.13	15.58
1.229	19.13	15.58
1.230	19.13	15.58
1.230	19.14	15.58
1.230	19.13	15.58
1.230	19.12	15.58
1.230	19.13	15.58
1.230	19.12	15.58
1.230	19.11	15.58
1.231	19.12	15.59
1.231	19.11	15.59
1.231	19.11	15.59
1.231	19.11	15.59
1.231	19.10	15.59
1.232	19.09	15.59
1.232	19.09	15.59
1.232	19.08	15.59
1.232	19.07	15.59
1.232	19.08	15.59
1.233	19.07	15.59
1.233	19.07	15.59
1.233	19.06	15.59
1.233	19.07	15.59
1.233	19.07	15.59
1.233	19.07	15.59
1.233	19.07	15.59
1.233	19.07	15.59
1.234	19.06	15.59
1.234	19.06	15.59
1.234	19.04	15.59
1.234	19.04	15.59
1.234	19.06	15.59
1.234	19.06	15.59
1.235	19.03	15.59
1.235	19.03	15.59
1.235	19.04	15.59
1.235	19.03	15.59
1.235	19.02	15.59
1.236	19.03	15.59
1.236	19.02	15.59
1.236	19.02	15.59
1.236	19.03	15.59
1.236	19.02	15.59
1.237	19.01	15.59
1.237	19.01	15.59
1.237	19.01	15.59
1.237	19.00	15.59
1.237	18.99	15.59
1.238	18.99	15.59
1.238	18.99	15.59
1.238	18.99	15.59
1.238	18.99	15.59
1.238	18.99	15.59
1.238	18.99	15.59
1.238	18.99	15.59
1.238	18.99	15.59
1.238	18.99	15.59
1.239	18.99	15.59
1.239	18.99	15.59
1.239	18.98	15.59
1.239	18.98	15.59
1.239	18.98	15.59
1.239	18.98	15.59
1.239	18.97	15.59
1.239	18.97	15.59
1.239	18.97	15.59
1.240	18.97	15.59
1.240	18.97	15.59
1.240	18.95	15.59
1.240	18.95	15.59
1.240	18.94	15.59
1.240	18.94	15.59
1.241	18.94	15.59
1.241	18.93	15.59
1.241	18.93	15.59
1.242	18.93	15.59
1.242	18.93	15.59
1.242	18.93	15.59
1.242	18.92	15.59
1.242	18.91	15.59
1.242	18.91	15.59
1.243	18.91	15.59
1.243	18.90	15.59
1.243	18.91	15.59
1.243	18.90	15.59
1.243	18.90	15.59
1.244	18.89	15.59
1.244	18.90	15.59
1.244	18.90	15.59
1.244	18.90	15.59
1.244	18.90	15.59
1.244	18.88	15.59
1.244	18.88	15.59
1.244	18.89	15.59
1.244	18.88	15.59
1.244	18.88	15.59
1.244	18.89	15.59
1.244	18.89	15.59
1.245	18.88	15.59
1.245	18.87	15.59
1.245	18.87	15.59
1.245	18.86	15.59
1.245	18.84	15.59
1.245	18.85	15.59
1.246	18.86	15.59
1.246	18.85	15.59
1.246	18.85	15.59
1.246	18.85	15.59
1.246	18.84	15.59
1.246	18.83	15.59
1.246	18.83	15.59
1.246	18.84	15.59
1.247	18.83	15.59
1.247	18.83	15.59
1.247	18.82	15.59
1.247	18.82	15.59
1.247	18.82	15.59
1.247	18.82	15.59
1.247	18.82	15.59
1.247	18.81	15.59
1.247	18.81	15.59
1.248	18.80	15.59
1.248	18.79	15.59
1.248	18.79	15.59
1.248	18.79	15.59
1.248	18.80	15.59
1.249	18.80	15.59
1.249	18.80	15.59
1.249	18.80	15.59
1.249	18.79	15.59
1.249	18.79	15.59
1.249	18.79	15.59
1.249	18.79	15.59
1.249	18.79	15.59
1.249	18.79	15.59
1.249	18.79	15.59
1.250	18.79	15.59
1.250	18.79	15.59
1.250	18.80	15.59
1.250	18.80	15.59
1.250	18.79	15.59
1.250	18.79	15.59
1.250	18.79	15.59
1.250	18.79	15.59
1.250	18.79	15.59
1.251	18.79	15.59
1.251	18.78	15.59
1.251	18.78	15.59
1.251	18.78	15.59
1.251	18.77	15.59
1.252	18.76	15.59
1.252	18.77	15.59
1.252	18.77	15.59
1.252	18.76	15.59
1.252	18.77	15.59
1.252	18.77	15.59
1.252	18.75	15.59
1.252	18.75	15.59
1.252	18.76	15.59
1.252	18.75	15.59
1.252	18.75	15.59
1.252	18.75	15.59
1.252	18.75	15.59
1.252	18.75	15.59
1.252	18.75	15.59
1.253	18.74	15.59
1.252	18.74	15.59
1.253	18.73	15.59
1.253	18.73	15.59
1.253	18.74	15.59
1.253	18.73	15.59
1.253	18.74	15.60
1.253	18.74	15.60
1.254	18.73	15.60
1.254	18.74	15.60
1.254	18.73	15.60
1.254	18.72	15.60
1.254	18.73	15.60
1.254	18.73	15.60
1.254	18.72	15.60
1.254	18.72	15.60
1.255	18.72	15.60
1.255	18.73	15.60
1.255	18.72	15.60
1.255	18.71	15.60
1.255	18.69	15.60
1.256	18.69	15.60
1.256	18.69	15.60
1.256	18.69	15.60
1.256	18.69	15.60
1.256	18.69	15.60
1.256	18.68	15.60
1.256	18.68	15.60
1.257	18.68	15.60
1.257	18.68	15.60
1.257	18.68	15.60
1.257	18.69	15.60
1.257	18.68	15.60
1.257	18.68	15.60
1.257	18.67	15.60
1.257	18.67	15.60
1.258	18.67	15.60
1.258	18.67	15.60
1.258	18.67	15.60
1.258	18.66	15.60
1.258	18.65	15.60
1.259	18.62	15.60
1.260	18.61	15.60
1.261	18.59	15.60
1.261	18.58	15.60
1.261	18.59	15.60
1.261	18.59	15.60
1.261	18.58	15.60
1.262	18.59	15.60
1.262	18.60	15.60
1.262	18.61	15.60
1.262	18.60	15.60
1.262	18.60	15.60
1.262	18.60	15.60
1.262	18.60	15.60
1.263	18.60	15.60
1.263	18.59	15.60
1.263	18.58	15.60
1.263	18.58	15.60
1.263	18.57	15.60
1.264	18.57	15.60
1.264	18.56	15.60
1.264	18.56	15.60
1.264	18.56	15.60
1.264	18.56	15.60
1.264	18.56	15.60
1.265	18.55	15.60
1.265	18.56	15.60
1.265	18.56	15.60
1.266	18.53	15.60
1.266	18.53	15.60
1.266	18.53	15.60
1.266	18.53	15.60
1.266	18.54	15.60
1.266	18.53	15.60
1.266	18.53	15.60
1.267	18.53	15.60
1.267	18.53	15.60
1.268	18.52	15.60
1.268	18.52	15.60
1.268	18.49	15.60
1.269	18.49	15.60
1.269	18.48	15.60
1.269	18.49	15.60
1.269	18.48	15.60
1.269	18.49	15.60
1.269	18.48	15.60
1.270	18.48	15.60
1.270	18.48	15.60
1.270	18.48	15.60
1.270	18.47	15.60
1.270	18.47	15.60
1.271	18.47	15.60
1.271	18.46	15.60
1.271	18.45	15.60
1.272	18.44	15.60
1.272	18.43	15.60
1.272	18.43	15.60
1.273	18.43	15.60
1.272	18.43	15.60
1.273	18.43	15.60
1.273	18.43	15.60
1.273	18.42	15.60
1.274	18.42	15.60
1.274	18.42	15.60
1.274	18.42	15.60
1.274	18.39	15.60
1.274	18.39	15.60
1.274	18.39	15.60
1.274	18.40	15.60
1.275	18.42	15.60
1.275	18.42	15.60
1.275	18.41	15.60
1.275	18.39	15.60
1.275	18.39	15.60
1.275	18.39	15.60
1.276	18.40	15.60
1.276	18.38	15.60
1.276	18.38	15.60
1.276	18.37	15.60
1.276	18.37	15.60
1.276	18.37	15.60
1.276	18.37	15.60
1.277	18.36	15.60
1.277	18.35	15.60
1.277	18.35	15.60
1.278	18.34	15.60
1.278	18.35	15.60
1.278	18.36	15.60
1.278	18.35	15.60
1.278	18.34	15.60
1.278	18.34	15.60
1.279	18.34	15.60
1.279	18.34	15.60
1.279	18.34	15.60
1.279	18.34	15.60
1.279	18.33	15.60
1.279	18.33	15.60
1.279	18.33	15.60
1.279	18.32	15.60
1.280	18.31	15.60
1.280	18.31	15.60
1.280	18.31	15.60
1.280	18.31	15.60
1.281	18.31	15.60
1.281	18.30	15.60
1.281	18.29	15.60
1.281	18.30	15.60
1.281	18.30	15.60
1.282	18.30	15.60
1.282	18.30	15.60
1.281	18.30	15.60
1.281	18.30	15.60
1.282	18.29	15.60
1.282	18.28	15.60
1.282	18.28	15.60
1.282	18.27	15.60
1.283	18.27	15.60
1.283	18.27	15.60
1.283	18.27	15.61
1.283	18.27	15.61
1.283	18.27	15.61
1.284	18.26	15.61
1.284	18.27	15.61
1.284	18.27	15.61
1.284	18.27	15.61
1.284	18.26	15.61
1.284	18.26	15.61
1.285	18.25	15.61
1.285	18.25	15.61
1.285	18.25	15.61
1.285	18.25	15.61
1.285	18.24	15.61
1.285	18.24	15.61
1.285	18.24	15.61
1.286	18.24	15.61
1.286	18.24	15.61
1.287	18.24	15.61
1.286	18.24	15.61
1.286	18.24	15.61
1.286	18.24	15.61
1.287	18.23	15.61
1.287	18.23	15.61
1.287	18.23	15.61
1.287	18.23	15.61
1.287	18.22	15.61
1.287	18.21	15.61
1.288	18.20	15.61
1.288	18.20	15.61
1.288	18.20	15.61
1.288	18.19	15.61
1.288	18.20	15.61
1.288	18.20	15.61
1.288	18.20	15.61
1.289	18.20	15.61
1.289	18.19	15.61
1.290	18.20	15.61
1.290	18.20	15.61
1.290	18.20	15.61
1.290	18.19	15.61
1.290	18.19	15.61
1.290	18.18	15.61
1.290	18.19	15.61
1.290	18.18	15.61
1.291	18.18	15.61
1.291	18.17	15.61
1.291	18.17	15.61
1.291	18.17	15.61
1.292	18.17	15.61
1.292	18.17	15.61
1.292	18.17	15.61
1.292	18.17	15.61
1.292	18.16	15.61
1.292	18.16	15.61
1.293	18.16	15.61
1.293	18.16	15.61
1.293	18.15	15.61
1.293	18.16	15.61
1.293	18.16	15.61
1.293	18.16	15.61
1.294	18.15	15.61
1.294	18.15	15.61
1.294	18.15	15.61
1.295	18.14	15.61
1.295	18.14	15.61
1.295	18.14	15.61
1.295	18.14	15.61
1.295	18.13	15.61
1.296	18.13	15.61
1.296	18.13	15.61
1.296	18.13	15.61
1.296	18.13	15.61
1.297	18.13	15.61
1.297	18.12	15.61
1.297	18.11	15.61
1.297	18.11	15.61
1.298	18.11	15.61
1.298	18.11	15.61
1.298	18.10	15.61
1.298	18.10	15.61
1.298	18.10	15.61
1.298	18.10	15.61
1.298	18.10	15.61
1.298	18.10	15.61
1.298	18.10	15.61
1.298	18.10	15.61
1.299	18.10	15.61
1.299	18.09	15.61
1.299	18.08	15.61
1.300	18.08	15.61
1.300	18.07	15.61
1.300	18.06	15.61
1.301	18.06	15.61
1.301	18.05	15.61
1.301	18.04	15.61
1.302	18.04	15.61
1.302	18.03	15.61
1.302	18.03	15.61
1.302	18.03	15.61
1.303	18.03	15.61
1.303	18.03	15.61
1.303	18.03	15.61
1.303	18.03	15.61
1.303	18.00	15.61
1.304	17.99	15.61
1.304	17.99	15.61
1.304	17.99	15.61
1.304	17.98	15.61
1.304	17.97	15.61
1.305	17.96	15.61
1.305	17.94	15.61
1.305	17.93	15.61
1.305	17.93	15.61
1.306	17.93	15.61
1.306	17.93	15.61
1.306	17.93	15.61
1.306	17.93	15.61
1.306	17.93	15.61
1.306	17.93	15.61
1.306	17.93	15.61
1.306	17.92	15.61
1.306	17.91	15.61
1.306	17.91	15.61
1.307	17.91	15.61
1.307	17.91	15.61
1.307	17.92	15.61
1.307	17.92	15.61
1.307	17.93	15.61
1.308	17.94	15.61
1.308	17.94	15.61
1.308	17.94	15.61
1.308	17.94	15.61
1.308	17.94	15.61
1.308	17.94	15.61
1.308	17.94	15.61
1.308	17.94	15.61
1.309	17.94	15.61
1.309	17.93	15.61
1.309	17.91	15.61
1.309	17.89	15.61
1.309	17.88	15.61
1.309	17.87	15.61
1.310	17.87	15.61
1.310	17.86	15.61
1.310	17.86	15.61
1.310	17.85	15.61
1.311	17.86	15.61
1.311	17.86	15.61
1.311	17.86	15.61
1.311	17.86	15.61
1.311	17.86	15.61
1.311	17.85	15.61
1.311	17.85	15.61
1.311	17.85	15.61
1.311	17.85	15.61
1.311	17.85	15.61
1.311	17.85	15.61
1.311	17.85	15.61
1.312	17.85	15.61
1.312	17.85	15.61
1.312	17.85	15.61
1.312	17.84	15.61
1.312	17.84	15.61
1.312	17.83	15.61
1.313	17.82	15.61
1.313	17.82	15.61
1.313	17.81	15.61
1.313	17.81	15.61
1.313	17.81	15.61
1.314	17.80	15.61
1.314	17.80	15.61
1.314	17.81	15.61
1.314	17.81	15.61
1.314	17.81	15.61
1.314	17.81	15.61
1.314	17.81	15.61
1.314	17.81	15.61
1.314	17.81	15.61
1.314	17.81	15.61
1.314	17.80	15.61
1.314	17.80	15.61
1.315	17.80	15.61
1.315	17.80	15.61
1.315	17.80	15.61
1.316	17.80	15.61
1.316	17.80	15.61
1.316	17.79	15.61
1.316	17.79	15.61
1.316	17.79	15.61
1.316	17.78	15.61
1.317	17.78	15.61
1.317	17.77	15.61
1.317	17.77	15.61
1.318	17.77	15.61
1.318	17.78	15.61
1.318	17.78	15.61
1.318	17.78	15.61
1.318	17.78	15.61
1.319	17.78	15.61
1.319	17.78	15.61
1.319	17.78	15.61
1.319	17.78	15.61
1.319	17.78	15.61
1.319	17.78	15.61
1.319	17.78	15.61
1.319	17.78	15.61
1.320	17.78	15.61
1.320	17.78	15.61
1.320	17.78	15.61
1.320	17.77	15.61
1.320	17.77	15.61
1.320	17.77	15.61
1.321	17.77	15.61
1.321	17.77	15.61
1.321	17.76	15.61
1.321	17.75	15.61
1.321	17.75	15.61
1.322	17.74	15.61
1.322	17.74	15.61
1.322	17.73	15.61
1.322	17.72	15.61
1.322	17.71	15.61
1.322	17.71	15.61
1.322	17.71	15.61
1.322	17.70	15.61
1.323	17.69	15.61
1.323	17.68	15.61
1.324	17.68	15.61
1.324	17.67	15.61
1.324	17.67	15.61
1.324	17.66	15.61
1.324	17.66	15.61
1.324	17.65	15.61
1.324	17.64	15.61
1.324	17.64	15.62
1.325	17.64	15.62
1.325	17.64	15.62
1.325	17.64	15.62
1.325	17.64	15.62
1.325	17.64	15.62
1.325	17.64	15.62
1.325	17.64	15.62
1.325	17.64	15.62
1.325	17.64	15.62
1.325	17.64	15.62
1.326	17.63	15.62
1.326	17.63	15.62
1.326	17.62	15.62
1.326	17.62	15.62
1.327	17.62	15.62
1.327	17.62	15.62
1.327	17.61	15.62
1.327	17.61	15.62
1.327	17.61	15.62
1.328	17.61	15.62
1.328	17.61	15.62
1.328	17.60	15.62
1.328	17.60	15.62
1.328	17.60	15.62
1.328	17.59	15.62
1.328	17.59	15.62
1.328	17.58	15.62
1.329	17.58	15.62
1.329	17.57	15.62
1.329	17.57	15.62
1.329	17.57	15.62
1.329	17.57	15.62
1.330	17.57	15.62
1.330	17.56	15.62
1.330	17.56	15.62
1.330	17.56	15.62
1.331	17.56	15.62
1.331	17.55	15.62
1.332	17.55	15.62
1.331	17.55	15.62
1.331	17.55	15.62
1.332	17.55	15.62
1.332	17.54	15.62
1.332	17.54	15.62
1.332	17.53	15.62
1.332	17.53	15.62
1.333	17.52	15.62
1.333	17.51	15.62
1.333	17.51	15.62
1.333	17.51	15.62
1.333	17.51	15.62
1.334	17.51	15.62
1.334	17.51	15.62
1.334	17.51	15.62
1.334	17.51	15.62
1.334	17.51	15.62
1.335	17.50	15.62
1.335	17.50	15.62
1.335	17.50	15.62
1.335	17.50	15.62
1.335	17.50	15.62
1.335	17.49	15.62
1.335	17.49	15.62
1.335	17.49	15.62
1.335	17.49	15.62
1.335	17.49	15.62
1.336	17.49	15.62
1.336	17.49	15.62
1.336	17.48	15.62
1.336	17.48	15.62
1.336	17.47	15.62
1.336	17.47	15.62
1.336	17.47	15.62
1.336	17.47	15.62
1.337	17.47	15.62
1.337	17.47	15.62
1.337	17.46	15.62
1.337	17.46	15.62
1.337	17.46	15.62
1.337	17.45	15.62
1.338	17.45	15.62
1.338	17.44	15.62
1.338	17.44	15.62
1.338	17.44	15.62
1.339	17.44	15.62
1.339	17.44	15.62
1.339	17.43	15.62
1.339	17.43	15.62
1.339	17.43	15.62
1.339	17.43	15.62
1.340	17.43	15.62
1.339	17.42	15.62
1.340	17.42	15.62
1.340	17.42	15.62
1.340	17.42	15.62
1.340	17.42	15.62
1.340	17.42	15.62
1.340	17.42	15.62
1.340	17.42	15.62
1.340	17.42	15.62
1.340	17.42	15.62
1.340	17.42	15.62
1.340	17.42	15.62
1.341	17.42	15.62
1.341	17.41	15.62
1.341	17.41	15.62
1.341	17.41	15.62
1.341	17.41	15.62
1.341	17.40	15.62
1.341	17.40	15.62
1.342	17.39	15.62
1.342	17.39	15.62
1.343	17.39	15.62
1.343	17.38	15.62
1.343	17.38	15.62
1.343	17.38	15.62
1.343	17.38	15.62
1.343	17.38	15.62
1.343	17.38	15.62
1.343	17.38	15.62
1.343	17.38	15.62
1.343	17.38	15.62
1.343	17.38	15.62
1.343	17.38	15.62
1.343	17.38	15.62
1.343	17.38	15.62
1.344	17.38	15.62
1.344	17.38	15.62
1.344	17.37	15.62
1.344	17.37	15.62
1.344	17.36	15.62
1.345	17.36	15.62
1.346	17.35	15.62
1.346	17.35	15.62
1.346	17.34	15.62
1.347	17.34	15.62
1.347	17.33	15.62
1.347	17.32	15.62
1.347	17.32	15.62
1.348	17.32	15.62
1.348	17.32	15.62
1.348	17.31	15.62
1.348	17.31	15.62
1.348	17.31	15.62
1.348	17.31	15.62
1.348	17.31	15.62
1.349	17.31	15.62
1.348	17.31	15.63
1.349	17.30	15.63
1.349	17.30	15.63
1.349	17.30	15.63
1.349	17.29	15.63
1.350	17.29	15.63
1.350	17.29	15.63
1.350	17.28	15.63
1.350	17.28	15.63
1.351	17.27	15.63
1.352	17.27	15.63
1.352	17.27	15.63
1.352	17.27	15.63
1.352	17.27	15.63
1.352	17.25	15.63
1.353	17.24	15.63
1.354	17.23	15.63
1.355	17.21	15.63
1.355	17.21	15.63
1.356	17.20	15.63
1.356	17.20	15.63
1.357	17.20	15.63
1.357	17.19	15.63
1.357	17.18	15.63
1.358	17.18	15.63
1.358	17.18	15.63
1.358	17.18	15.63
1.358	17.17	15.63
1.358	17.17	15.63
1.358	17.17	15.63
1.358	17.17	15.63
1.358	17.17	15.63
1.359	17.16	15.63
1.359	17.16	15.63
1.359	17.15	15.63
1.360	17.15	15.63
1.360	17.14	15.63
1.360	17.14	15.63
1.360	17.13	15.63
1.360	17.13	15.63
1.361	17.13	15.63
1.361	17.12	15.63
1.361	17.12	15.63
1.361	17.12	15.63
1.362	17.11	15.63
1.363	17.11	15.63
1.363	17.10	15.63
1.363	17.09	15.63
1.364	17.09	15.63
1.364	17.09	15.63
1.365	17.08	15.63
1.365	17.08	15.63
1.365	17.08	15.63
1.365	17.07	15.63
1.365	17.06	15.63
1.366	17.06	15.63
1.366	17.06	15.63
1.366	17.05	15.63
1.366	17.05	15.63
1.366	17.05	15.63
1.367	17.05	15.63
1.367	17.04	15.63
1.368	17.03	15.63
1.369	17.02	15.63
1.369	17.02	15.63
1.370	17.01	15.63
1.370	17.01	15.63
1.370	17.01	15.63
1.370	17.01	15.63
1.370	17.00	15.63
1.370	17.00	15.63
1.371	17.00	15.63
1.372	17.00	15.63
1.372	16.97	15.63
1.373	16.97	15.63
1.373	16.96	15.63
1.374	16.96	15.63
1.374	16.96	15.63
1.374	16.96	15.63
1.374	16.96	15.63
1.374	16.95	15.63
1.375	16.94	15.63
1.375	16.94	15.63
1.376	16.93	15.63
1.376	16.92	15.63
1.376	16.92	15.63
1.377	16.92	15.63
1.378	16.91	15.63
1.378	16.90	15.63
1.378	16.90	15.63
1.379	16.90	15.63
1.379	16.90	15.63
1.379	16.90	15.63
1.379	16.90	15.63
1.379	16.89	15.63
1.379	16.89	15.63
1.380	16.88	15.63
1.380	16.88	15.63
1.380	16.87	15.63
1.380	16.87	15.63
1.381	16.87	15.63
1.381	16.87	15.63
1.381	16.86	15.63
1.382	16.86	15.63
1.383	16.85	15.63
1.383	16.84	15.63
1.384	16.84	15.63
1.384	16.83	15.63
1.385	16.82	15.63
1.386	16.80	15.63
1.386	16.79	15.63
1.386	16.79	15.63
1.386	16.79	15.63
1.386	16.79	15.63
1.387	16.79	15.63
1.387	16.78	15.63
1.387	16.77	15.63
1.387	16.77	15.63
1.388	16.77	15.63
1.388	16.77	15.63
1.388	16.76	15.63
1.388	16.76	15.63
1.388	16.76	15.63
1.389	16.76	15.63
1.389	16.76	15.63
1.389	16.76	15.63
1.389	16.76	15.63
1.389	16.76	15.63
1.389	16.76	15.63
1.390	16.76	15.63
1.389	16.76	15.63
1.390	16.75	15.63
1.390	16.75	15.63
1.391	16.74	15.63
1.391	16.74	15.63
1.391	16.73	15.63
1.392	16.72	15.63
1.392	16.72	15.63
1.392	16.72	15.63
1.392	16.72	15.63
1.392	16.72	15.63
1.392	16.72	15.63
1.393	16.71	15.63
1.393	16.71	15.63
1.393	16.71	15.63
1.393	16.71	15.63
1.393	16.71	15.63
1.393	16.71	15.63
1.393	16.71	15.63
1.393	16.71	15.63
1.393	16.71	15.63
1.393	16.70	15.63
1.394	16.69	15.63
1.394	16.69	15.63
1.394	16.69	15.63
1.395	16.68	15.63
1.395	16.68	15.63
1.395	16.67	15.64
1.395	16.66	15.64
1.396	16.66	15.63
1.396	16.65	15.64
1.397	16.65	15.64
1.397	16.64	15.64
1.398	16.64	15.64
1.398	16.64	15.64
1.398	16.64	15.64
1.399	16.63	15.64
1.399	16.63	15.64
1.399	16.62	15.64
1.400	16.62	15.64
1.400	16.61	15.64
1.400	16.61	15.64
1.400	16.61	15.64
1.400	16.61	15.64
1.400	16.61	15.64
1.400	16.61	15.64
1.400	16.60	15.64
1.400	16.60	15.64
1.400	16.60	15.64
1.401	16.60	15.64
1.401	16.59	15.64
1.402	16.58	15.64
1.403	16.57	15.64
1.403	16.57	15.64
1.404	16.57	15.64
1.404	16.57	15.64
1.404	16.57	15.64
1.404	16.56	15.64
1.405	16.56	15.64
1.405	16.55	15.64
1.405	16.55	15.64
1.405	16.55	15.64
1.405	16.55	15.64
1.405	16.54	15.64
1.406	16.54	15.64
1.406	16.54	15.64
1.406	16.53	15.64
1.406	16.53	15.64
1.407	16.53	15.64
1.407	16.53	15.64
1.407	16.52	15.64
1.407	16.52	15.64
1.408	16.51	15.64
1.408	16.51	15.64
1.408	16.51	15.64
1.408	16.50	15.64
1.409	16.50	15.64
1.409	16.49	15.64
1.410	16.48	15.64
1.410	16.48	15.64
1.409	16.48	15.64
1.410	16.48	15.64
1.410	16.48	15.64
1.410	16.48	15.64
1.410	16.48	15.64
1.410	16.48	15.64
1.410	16.48	15.64
1.410	16.47	15.64
1.410	16.47	15.64
1.410	16.47	15.64
1.411	16.47	15.64
1.411	16.47	15.64
1.411	16.47	15.64
1.411	16.47	15.64
1.411	16.46	15.64
1.411	16.46	15.64
1.412	16.46	15.64
1.412	16.45	15.64
1.412	16.45	15.64
1.413	16.44	15.64
1.413	16.44	15.64
1.413	16.44	15.64
1.414	16.44	15.64
1.414	16.44	15.64
1.414	16.44	15.64
1.414	16.44	15.64
1.414	16.44	15.64
1.414	16.43	15.64
1.414	16.43	15.64
1.415	16.43	15.64
1.415	16.43	15.64
1.415	16.42	15.64
1.415	16.42	15.64
1.415	16.42	15.64
1.415	16.42	15.64
1.415	16.42	15.64
1.415	16.42	15.64
1.415	16.41	15.64
1.415	16.41	15.64
1.416	16.41	15.64
1.416	16.41	15.64
1.416	16.41	15.64
1.416	16.40	15.64
1.416	16.40	15.64
1.417	16.39	15.64
1.417	16.39	15.64
1.417	16.38	15.64
1.417	16.38	15.64
1.417	16.38	15.64
1.418	16.38	15.64
1.418	16.38	15.64
1.418	16.38	15.64
1.418	16.38	15.64
1.418	16.37	15.64
1.419	16.37	15.64
1.419	16.37	15.64
1.419	16.37	15.64
1.419	16.37	15.64
1.419	16.37	15.64
1.419	16.37	15.64
1.419	16.36	15.64
1.419	16.36	15.64
1.420	16.36	15.64
1.420	16.35	15.64
1.420	16.35	15.64
1.421	16.35	15.64
1.421	16.35	15.64
1.422	16.34	15.64
1.422	16.33	15.64
1.423	16.33	15.64
1.423	16.32	15.64
1.423	16.31	15.64
1.424	16.31	15.64
1.424	16.30	15.64
1.424	16.29	15.64
1.424	16.29	15.64
1.425	16.29	15.64
1.426	16.28	15.64
1.426	16.28	15.64
1.426	16.28	15.64
1.426	16.28	15.64
1.426	16.27	15.64
1.426	16.27	15.64
1.427	16.26	15.64
1.427	16.26	15.64
1.427	16.26	15.64
1.427	16.25	15.64
1.427	16.24	15.64
1.428	16.23	15.64
1.428	16.23	15.64
1.429	16.23	15.64
1.429	16.22	15.64
1.429	16.22	15.64
1.429	16.22	15.64
1.430	16.22	15.64
1.430	16.22	15.64
1.430	16.22	15.65
1.430	16.22	15.65
1.430	16.21	15.65
1.430	16.21	15.65
1.431	16.21	15.65
1.431	16.21	15.65
1.431	16.20	15.65
1.432	16.20	15.65
1.432	16.20	15.65
1.432	16.20	15.65
1.432	16.19	15.65
1.433	16.19	15.65
1.433	16.18	15.65
1.434	16.18	15.65
1.434	16.17	15.65
1.435	16.16	15.65
1.435	16.16	15.65
1.435	16.16	15.65
1.435	16.15	15.65
1.436	16.15	15.65
1.436	16.15	15.65
1.436	16.14	15.65
1.436	16.14	15.65
1.436	16.14	15.65
1.436	16.14	15.65
1.437	16.13	15.65
1.437	16.13	15.65
1.437	16.13	15.65
1.438	16.13	15.65
1.438	16.12	15.65
1.438	16.12	15.65
1.438	16.12	15.65
1.439	16.11	15.65
1.439	16.11	15.65
1.439	16.10	15.65
1.440	16.10	15.65
1.440	16.10	15.65
1.440	16.10	15.65
1.440	16.09	15.65
1.440	16.08	15.65
1.441	16.08	15.65
1.441	16.08	15.65
1.442	16.08	15.65
1.442	16.08	15.65
1.442	16.07	15.65
1.443	16.07	15.65
1.443	16.06	15.65
1.444	16.06	15.65
1.444	16.04	15.65
1.445	16.04	15.65
1.445	16.04	15.65
1.446	16.03	15.65
1.446	16.03	15.65
1.446	16.03	15.65
1.446	16.03	15.65
1.446	16.03	15.65
1.446	16.03	15.65
1.447	16.01	15.65
1.447	16.01	15.65
1.447	16.00	15.65
1.448	15.99	15.65
1.448	15.99	15.65
1.448	15.99	15.65
1.448	15.99	15.65
1.448	15.99	15.65
1.448	15.98	15.65
1.448	15.98	15.65
1.449	15.98	15.65
1.449	15.98	15.65
1.450	15.99	15.65
1.450	15.98	15.65
1.450	15.98	15.65
1.450	15.98	15.65
1.450	15.98	15.65
1.450	15.97	15.65
1.451	15.97	15.65
1.451	15.97	15.65
1.451	15.97	15.65
1.451	15.97	15.65
1.451	15.97	15.65
1.451	15.96	15.65
1.451	15.96	15.65
1.451	15.96	15.65
1.451	15.96	15.65
1.451	15.96	15.65
1.451	15.96	15.65
1.452	15.95	15.65
1.452	15.95	15.65
1.452	15.94	15.65
1.453	15.94	15.65
1.453	15.94	15.65
1.453	15.94	15.65
1.453	15.94	15.65
1.454	15.93	15.65
1.454	15.93	15.65
1.455	15.92	15.65
1.455	15.92	15.65
1.456	15.92	15.65
1.456	15.91	15.65
1.456	15.91	15.65
1.456	15.90	15.65
1.456	15.90	15.65
1.457	15.89	15.65
1.457	15.88	15.65
1.457	15.87	15.65
1.457	15.87	15.65
1.458	15.87	15.65
1.458	15.87	15.65
1.458	15.87	15.65
1.459	15.86	15.65
1.459	15.86	15.65
1.459	15.86	15.65
1.459	15.86	15.65
1.460	15.86	15.65
1.460	15.85	15.65
1.461	15.84	15.65
1.461	15.84	15.65
1.462	15.84	15.65
1.462	15.83	15.65
1.462	15.82	15.65
1.462	15.82	15.65
1.463	15.81	15.65
1.463	15.82	15.65
1.463	15.81	15.65
1.463	15.81	15.65
1.463	15.81	15.65
1.464	15.81	15.65
1.464	15.81	15.65
1.464	15.81	15.65
1.464	15.81	15.65
1.464	15.80	15.65
1.465	15.80	15.65
1.465	15.80	15.65
1.465	15.79	15.65
1.466	15.79	15.65
1.466	15.79	15.65
1.466	15.79	15.65
1.466	15.79	15.65
1.466	15.79	15.65
1.466	15.79	15.65
1.466	15.78	15.65
1.466	15.78	15.65
1.466	15.78	15.65
1.466	15.77	15.65
1.467	15.77	15.65
1.467	15.77	15.65
1.467	15.76	15.65
1.468	15.76	15.65
1.468	15.76	15.65
1.469	15.75	15.65
1.469	15.75	15.65
1.470	15.74	15.65
1.470	15.73	15.65
1.470	15.73	15.65
1.471	15.73	15.65
1.471	15.73	15.65
1.471	15.73	15.65
1.471	15.73	15.65
1.472	15.71	15.65
1.472	15.71	15.65
1.472	15.70	15.65
1.472	15.70	15.65
1.473	15.69	15.65
1.473	15.69	15.65
1.473	15.69	15.65
1.473	15.68	15.65
1.473	15.68	15.65
1.474	15.68	15.65
1.474	15.68	15.65
1.475	15.67	15.65
1.475	15.67	15.65
1.475	15.66	15.65
1.476	15.66	15.65
1.476	15.65	15.65
1.476	15.66	15.65
1.476	15.66	15.65
1.476	15.65	15.65
1.476	15.65	15.65
1.477	15.65	15.65
1.477	15.65	15.65
1.477	15.65	15.65
1.477	15.65	15.65
1.477	15.65	15.65
1.478	15.65	15.65
1.478	15.64	15.65
1.479	15.64	15.65
1.480	15.63	15.65
1.480	15.62	15.65
1.480	15.62	15.65
1.480	15.61	15.65
1.481	15.61	15.65
1.481	15.61	15.65
1.481	15.61	15.65
1.481	15.60	15.65
1.482	15.60	15.65
1.482	15.60	15.65
1.482	15.60	15.65
1.483	15.59	15.65
1.483	15.59	15.65
1.483	15.59	15.65
1.483	15.59	15.65
1.483	15.59	15.65
1.483	15.59	15.65
1.483	15.59	15.65
1.483	15.59	15.65
1.483	15.59	15.65
1.483	15.58	15.65
1.483	15.58	15.65
1.483	15.58	15.65
1.483	15.58	15.65
1.483	15.58	15.65
1.484	15.57	15.65
1.484	15.56	15.65
1.485	15.56	15.66
1.485	15.55	15.66
1.486	15.55	15.66
1.486	15.55	15.66
1.486	15.55	15.66
1.486	15.55	15.66
1.487	15.55	15.66
1.488	15.53	15.66
1.489	15.52	15.66
1.489	15.52	15.66
1.489	15.52	15.66
1.489	15.51	15.66
1.490	15.50	15.66
1.491	15.50	15.66
1.491	15.50	15.66
1.491	15.49	15.66
1.492	15.48	15.66
1.493	15.48	15.66
1.493	15.48	15.66
1.493	15.48	15.66
1.493	15.48	15.66
1.493	15.48	15.66
1.493	15.47	15.66
1.493	15.47	15.66
1.493	15.47	15.66
1.494	15.47	15.66
1.494	15.46	15.66
1.496	15.44	15.66
1.496	15.43	15.66
1.497	15.43	15.66
1.497	15.43	15.66
1.498	15.42	15.66
1.499	15.40	15.66
1.499	15.40	15.66
1.500	15.39	15.66
1.500	15.39	15.66
1.500	15.39	15.66
1.500	15.39	15.66
1.501	15.38	15.66
1.501	15.38	15.66
1.501	15.38	15.66
1.501	15.38	15.66
1.501	15.38	15.66
1.501	15.37	15.66
1.502	15.38	15.66
1.502	15.37	15.66
1.502	15.37	15.66
1.502	15.37	15.66
1.503	15.36	15.66
1.503	15.35	15.66
1.504	15.34	15.66
1.505	15.33	15.66
1.506	15.32	15.66
1.507	15.32	15.66
1.506	15.32	15.66
1.506	15.32	15.66
1.506	15.31	15.66
1.507	15.31	15.66
1.507	15.31	15.66
1.507	15.31	15.66
1.508	15.29	15.66
1.509	15.29	15.66
1.509	15.29	15.66
1.510	15.28	15.66
1.510	15.28	15.66
1.510	15.28	15.66
1.510	15.28	15.66
1.511	15.27	15.66
1.511	15.26	15.66
1.511	15.25	15.66
1.512	15.25	15.66
1.513	15.24	15.66
1.513	15.24	15.66
1.514	15.24	15.66
1.514	15.24	15.66
1.515	15.24	15.66
1.515	15.23	15.66
1.516	15.23	15.66
1.516	15.22	15.66
1.516	15.22	15.66
1.517	15.21	15.66
1.517	15.21	15.66
1.518	15.20	15.66
1.519	15.19	15.66
1.519	15.19	15.66
1.520	15.19	15.66
1.520	15.18	15.66
1.520	15.17	15.66
1.520	15.17	15.66
1.521	15.16	15.66
1.521	15.16	15.66
1.522	15.16	15.66
1.522	15.15	15.66
1.523	15.14	15.66
1.523	15.14	15.66
1.524	15.14	15.66
1.525	15.13	15.66
1.525	15.12	15.66
1.525	15.12	15.66
1.526	15.12	15.66
1.526	15.12	15.66
1.527	15.11	15.66
1.528	15.10	15.66
1.528	15.09	15.66
1.529	15.08	15.66
1.530	15.08	15.66
1.530	15.08	15.66
1.530	15.07	15.66
1.531	15.07	15.66
1.532	15.06	15.66
1.532	15.06	15.66
1.532	15.05	15.66
1.532	15.05	15.66
1.533	15.04	15.66
1.533	15.03	15.66
1.534	15.02	15.66
1.534	15.02	15.66
1.535	15.01	15.66
1.535	15.01	15.66
1.536	15.01	15.66
1.536	15.01	15.66
1.536	15.00	15.66
1.536	15.00	15.66
1.537	14.99	15.66
1.537	14.99	15.66
1.537	14.99	15.66
1.537	14.99	15.66
1.537	14.99	15.66
1.538	14.99	15.66
1.538	14.98	15.66
1.538	14.97	15.66
1.539	14.97	15.66
1.539	14.96	15.66
1.540	14.96	15.66
1.540	14.96	15.66
1.541	14.95	15.66
1.541	14.95	15.66
1.541	14.94	15.66
1.542	14.93	15.66
1.542	14.93	15.66
1.543	14.92	15.66
1.544	14.93	15.66
1.544	14.92	15.66
1.544	14.91	15.66
1.544	14.91	15.66
1.545	14.91	15.66
1.546	14.90	15.66
1.546	14.89	15.67
1.547	14.89	15.67
1.547	14.88	15.67
1.548	14.88	15.67
1.548	14.88	15.67
1.549	14.87	15.67
1.549	14.86	15.67
1.550	14.85	15.67
1.551	14.85	15.67
1.551	14.85	15.67
1.552	14.84	15.67
1.552	14.83	15.67
1.553	14.83	15.67
1.554	14.82	15.67
1.554	14.82	15.67
1.554	14.81	15.67
1.555	14.81	15.67
1.555	14.80	15.67
1.556	14.80	15.67
1.556	14.80	15.67
1.556	14.79	15.67
1.556	14.79	15.67
1.556	14.79	15.67
1.557	14.78	15.67
1.557	14.78	15.67
1.557	14.79	15.67
1.557	14.78	15.67
1.558	14.77	15.67
1.558	14.76	15.67
1.558	14.76	15.67
1.558	14.76	15.67
1.559	14.76	15.67
1.559	14.76	15.67
1.560	14.76	15.67
1.560	14.76	15.67
1.561	14.75	15.67
1.561	14.74	15.67
1.562	14.73	15.67
1.562	14.73	15.67
1.562	14.73	15.67
1.562	14.73	15.67
1.563	14.72	15.67
1.563	14.72	15.67
1.564	14.72	15.67
1.564	14.72	15.67
1.564	14.72	15.67
1.565	14.71	15.67
1.565	14.70	15.67
1.566	14.71	15.67
1.566	14.70	15.67
1.566	14.70	15.67
1.567	14.70	15.67
1.567	14.70	15.67
1.567	14.70	15.67
1.567	14.69	15.67
1.567	14.69	15.67
1.568	14.68	15.67
1.568	14.67	15.67
1.568	14.67	15.67
1.568	14.67	15.67
1.569	14.67	15.67
1.569	14.67	15.67
1.569	14.67	15.67
1.570	14.66	15.67
1.570	14.66	15.67
1.570	14.66	15.67
1.570	14.66	15.67
1.570	14.66	15.67
1.570	14.65	15.67
1.571	14.65	15.67
1.571	14.64	15.67
1.572	14.63	15.67
1.573	14.62	15.67
1.573	14.62	15.67
1.574	14.62	15.67
1.574	14.61	15.67
1.575	14.61	15.67
1.575	14.60	15.67
1.575	14.60	15.67
1.576	14.59	15.67
1.577	14.59	15.67
1.577	14.58	15.67
1.577	14.58	15.67
1.577	14.58	15.67
1.578	14.58	15.67
1.578	14.57	15.67
1.579	14.56	15.67
1.579	14.56	15.67
1.580	14.56	15.67
1.580	14.56	15.67
1.581	14.54	15.67
1.581	14.55	15.67
1.581	14.55	15.67
1.581	14.55	15.67
1.581	14.54	15.67
1.581	14.54	15.67
1.582	14.53	15.67
1.582	14.53	15.67
1.582	14.53	15.67
1.582	14.53	15.67
1.583	14.53	15.67
1.583	14.53	15.67
1.583	14.52	15.67
1.584	14.52	15.67
1.585	14.51	15.67
1.585	14.50	15.67
1.586	14.48	15.67
1.587	14.48	15.67
1.587	14.47	15.67
1.588	14.47	15.67
1.588	14.47	15.67
1.589	14.47	15.67
1.589	14.46	15.67
1.590	14.45	15.67
1.590	14.44	15.67
1.590	14.44	15.67
1.591	14.44	15.67
1.591	14.44	15.67
1.591	14.43	15.67
1.591	14.44	15.67
1.591	14.43	15.67
1.591	14.43	15.67
1.592	14.43	15.67
1.592	14.43	15.67
1.592	14.43	15.67
1.592	14.43	15.67
1.592	14.43	15.67
1.592	14.43	15.67
1.592	14.43	15.67
1.592	14.42	15.67
1.593	14.42	15.67
1.593	14.41	15.67
1.593	14.41	15.67
1.594	14.41	15.67
1.594	14.40	15.67
1.595	14.41	15.67
1.595	14.40	15.67
1.595	14.40	15.67
1.596	14.39	15.67
1.597	14.38	15.67
1.597	14.38	15.67
1.597	14.38	15.67
1.597	14.38	15.67
1.598	14.37	15.67
1.598	14.37	15.67
1.599	14.36	15.68
1.599	14.36	15.68
1.599	14.36	15.67
1.600	14.35	15.68
1.601	14.35	15.68
1.601	14.34	15.68
1.601	14.34	15.68
1.602	14.34	15.68
1.602	14.34	15.68
1.602	14.33	15.68
1.602	14.33	15.68
1.602	14.32	15.68
1.603	14.32	15.68
1.603	14.32	15.68
1.604	14.31	15.68
1.604	14.31	15.68
1.604	14.31	15.68
1.604	14.31	15.68
1.604	14.31	15.68
1.605	14.31	15.68
1.605	14.30	15.68
1.605	14.30	15.68
1.605	14.30	15.68
1.605	14.30	15.68
1.605	14.30	15.68
1.605	14.30	15.68
1.606	14.30	15.68
1.606	14.29	15.68
1.606	14.29	15.68
1.607	14.29	15.68
1.607	14.28	15.68
1.607	14.28	15.68
1.608	14.28	15.68
1.608	14.26	15.68
1.609	14.26	15.68
1.609	14.25	15.68
1.610	14.26	15.68
1.610	14.25	15.68
1.610	14.25	15.68
1.610	14.25	15.68
1.610	14.25	15.68
1.611	14.25	15.68
1.611	14.25	15.68
1.611	14.24	15.68
1.611	14.24	15.68
1.611	14.24	15.68
1.612	14.24	15.68
1.612	14.24	15.68
1.612	14.23	15.68
1.612	14.23	15.68
1.612	14.23	15.68
1.613	14.23	15.68
1.613	14.23	15.68
1.613	14.23	15.68
1.613	14.23	15.68
1.613	14.22	15.68
1.614	14.21	15.68
1.614	14.21	15.68
1.614	14.21	15.68
1.614	14.21	15.68
1.615	14.21	15.68
1.615	14.20	15.68
1.616	14.20	15.68
1.616	14.19	15.68
1.617	14.19	15.68
1.617	14.19	15.68
1.617	14.18	15.68
1.617	14.18	15.68
1.618	14.18	15.68
1.618	14.17	15.68
1.620	14.16	15.68
1.621	14.15	15.68
1.621	14.15	15.68
1.621	14.14	15.68
1.621	14.14	15.68
1.621	14.14	15.68
1.622	14.13	15.68
1.622	14.13	15.68
1.623	14.13	15.68
1.623	14.13	15.68
1.623	14.13	15.68
1.624	14.12	15.68
1.624	14.12	15.68
1.624	14.12	15.68
1.624	14.12	15.68
1.624	14.12	15.68
1.624	14.11	15.68
1.625	14.10	15.68
1.626	14.09	15.68
1.627	14.08	15.68
1.628	14.08	15.68
1.628	14.08	15.68
1.628	14.07	15.68
1.629	14.07	15.68
1.630	14.07	15.68
1.630	14.06	15.68
1.630	14.06	15.68
1.631	14.06	15.68
1.631	14.05	15.68
1.631	14.05	15.68
1.632	14.05	15.68
1.632	14.04	15.68
1.632	14.04	15.68
1.632	14.04	15.68
1.633	14.03	15.68
1.633	14.03	15.68
1.634	14.02	15.68
1.634	14.02	15.68
1.635	14.01	15.68
1.635	14.01	15.68
1.635	14.00	15.68
1.635	14.00	15.68
1.635	14.00	15.68
1.635	14.00	15.68
1.635	14.00	15.68
1.635	14.00	15.68
1.635	13.99	15.68
1.636	13.99	15.68
1.636	14.00	15.68
1.636	13.99	15.68
1.636	13.99	15.68
1.637	13.98	15.68
1.638	13.98	15.68
1.638	13.98	15.68
1.639	13.98	15.68
1.639	13.98	15.68
1.639	13.97	15.68
1.640	13.97	15.68
1.640	13.97	15.68
1.640	13.97	15.68
1.640	13.97	15.68
1.640	13.97	15.68
1.640	13.97	15.68
1.641	13.97	15.68
1.641	13.96	15.68
1.641	13.96	15.68
1.642	13.95	15.68
1.642	13.95	15.68
1.642	13.95	15.68
1.643	13.94	15.68
1.644	13.94	15.68
1.644	13.93	15.68
1.644	13.93	15.68
1.644	13.93	15.68
1.644	13.92	15.68
1.645	13.91	15.68
1.645	13.91	15.68
1.646	13.91	15.68
1.646	13.91	15.68
1.647	13.91	15.68
1.647	13.91	15.68
1.647	13.90	15.68
1.647	13.90	15.68
1.648	13.90	15.68
1.648	13.89	15.68
1.649	13.89	15.68
1.649	13.89	15.68
1.649	13.89	15.68
1.649	13.88	15.68
1.650	13.87	15.68
1.650	13.87	15.68
1.650	13.87	15.68
1.651	13.87	15.68
1.652	13.86	15.68
1.652	13.86	15.68
1.652	13.85	15.68
1.653	13.85	15.68
1.653	13.85	15.68
1.654	13.84	15.68
1.654	13.84	15.68
1.654	13.84	15.68
1.655	13.83	15.68
1.655	13.83	15.68
1.656	13.83	15.68
1.657	13.82	15.68
1.657	13.82	15.68
1.658	13.82	15.68
1.658	13.82	15.68
1.659	13.82	15.68
1.660	13.82	15.68
1.660	13.81	15.68
1.661	13.81	15.68
1.662	13.81	15.68
1.662	13.80	15.68
1.662	13.80	15.68
1.662	13.80	15.68
1.662	13.80	15.68
1.662	13.80	15.68
1.662	13.80	15.68
1.662	13.80	15.68
1.662	13.80	15.68
1.663	13.79	15.68
1.663	13.78	15.68
1.663	13.77	15.68
1.664	13.77	15.68
1.664	13.76	15.68
1.664	13.76	15.68
1.665	13.75	15.68
1.665	13.75	15.68
1.665	13.75	15.68
1.665	13.75	15.68
1.666	13.74	15.68
1.666	13.74	15.68
1.667	13.73	15.68
1.667	13.73	15.68
1.667	13.72	15.68
1.667	13.72	15.68
1.667	13.72	15.68
1.668	13.73	15.68
1.669	13.72	15.68
1.670	13.70	15.68
1.671	13.69	15.68
1.672	13.68	15.68
1.672	13.68	15.69
1.672	13.68	15.68
1.673	13.67	15.69
1.674	13.66	15.69
1.674	13.66	15.69
1.674	13.66	15.69
1.675	13.66	15.69
1.675	13.65	15.69
1.676	13.65	15.69
1.676	13.64	15.69
1.676	13.64	15.69
1.677	13.64	15.69
1.677	13.63	15.69
1.678	13.63	15.69
1.678	13.63	15.69
1.678	13.62	15.69
1.679	13.62	15.69
1.679	13.61	15.69
1.679	13.61	15.69
1.679	13.61	15.69
1.680	13.62	15.69
1.680	13.60	15.69
1.681	13.60	15.69
1.681	13.59	15.69
1.681	13.59	15.69
1.682	13.59	15.69
1.682	13.58	15.69
1.683	13.58	15.69
1.683	13.57	15.69
1.684	13.56	15.69
1.684	13.55	15.69
1.684	13.56	15.69
1.685	13.56	15.69
1.686	13.55	15.69
1.686	13.54	15.69
1.686	13.55	15.69
1.687	13.54	15.69
1.687	13.53	15.69
1.688	13.53	15.69
1.689	13.53	15.69
1.690	13.52	15.69
1.690	13.52	15.69
1.690	13.52	15.69
1.690	13.52	15.69
1.691	13.52	15.69
1.691	13.52	15.69
1.691	13.51	15.69
1.691	13.51	15.69
1.692	13.50	15.69
1.692	13.50	15.69
1.692	13.49	15.69
1.693	13.49	15.69
1.693	13.49	15.69
1.693	13.48	15.69
1.694	13.48	15.69
1.694	13.48	15.69
1.694	13.48	15.69
1.695	13.48	15.69
1.695	13.48	15.69
1.695	13.47	15.69
1.696	13.47	15.69
1.696	13.46	15.69
1.696	13.46	15.69
1.697	13.46	15.69
1.697	13.45	15.69
1.698	13.45	15.69
1.698	13.45	15.69
1.699	13.44	15.69
1.700	13.44	15.69
1.700	13.43	15.69
1.701	13.43	15.69
1.701	13.42	15.69
1.702	13.42	15.69
1.702	13.42	15.69
1.703	13.42	15.69
1.703	13.41	15.69
1.703	13.41	15.69
1.704	13.41	15.69
1.704	13.41	15.69
1.705	13.40	15.69
1.705	13.40	15.69
1.706	13.39	15.69
1.706	13.39	15.69
1.707	13.39	15.69
1.707	13.39	15.69
1.708	13.38	15.69
1.708	13.37	15.69
1.708	13.37	15.69
1.709	13.36	15.69
1.709	13.35	15.69
1.709	13.35	15.69
1.710	13.35	15.69
1.710	13.35	15.69
1.710	13.35	15.69
1.710	13.35	15.69
1.710	13.35	15.69
1.710	13.34	15.69
1.711	13.34	15.69
1.711	13.34	15.69
1.711	13.34	15.69
1.711	13.34	15.69
1.711	13.34	15.69
1.711	13.34	15.69
1.711	13.33	15.69
1.712	13.33	15.69
1.712	13.33	15.69
1.712	13.33	15.69
1.713	13.33	15.69
1.713	13.32	15.69
1.713	13.32	15.69
1.713	13.32	15.69
1.713	13.32	15.69
1.713	13.32	15.69
1.714	13.32	15.69
1.714	13.31	15.69
1.715	13.32	15.69
1.715	13.31	15.69
1.715	13.30	15.69
1.716	13.30	15.69
1.716	13.30	15.69
1.717	13.30	15.69
1.717	13.30	15.69
1.717	13.29	15.69
1.717	13.30	15.69
1.717	13.30	15.69
1.717	13.29	15.69
1.717	13.29	15.69
1.718	13.29	15.69
1.718	13.28	15.69
1.718	13.27	15.69
1.718	13.27	15.69
1.719	13.27	15.69
1.719	13.26	15.69
1.720	13.26	15.69
1.720	13.26	15.69
1.720	13.26	15.69
1.720	13.26	15.70
1.721	13.26	15.70
1.721	13.25	15.70
1.721	13.25	15.70
1.722	13.25	15.70
1.722	13.25	15.70
1.723	13.24	15.70
1.724	13.24	15.70
1.724	13.24	15.70
1.724	13.24	15.70
1.724	13.24	15.70
1.725	13.22	15.70
1.726	13.21	15.70
1.726	13.21	15.70
1.726	13.21	15.70
1.726	13.20	15.70
1.727	13.20	15.70
1.727	13.20	15.70
1.728	13.19	15.70
1.728	13.19	15.70
1.729	13.19	15.70
1.729	13.19	15.70
1.729	13.18	15.70
1.729	13.18	15.70
1.730	13.17	15.70
1.731	13.17	15.70
1.731	13.17	15.70
1.731	13.17	15.70
1.731	13.17	15.70
1.732	13.16	15.70
1.732	13.16	15.70
1.732	13.16	15.70
1.732	13.16	15.70
1.733	13.16	15.70
1.733	13.16	15.70
1.733	13.15	15.70
1.733	13.15	15.70
1.733	13.15	15.70
1.734	13.15	15.70
1.734	13.14	15.70
1.734	13.14	15.70
1.735	13.14	15.70
1.735	13.14	15.70
1.736	13.14	15.70
1.736	13.13	15.70
1.736	13.11	15.70
1.737	13.11	15.70
1.737	13.11	15.70
1.738	13.11	15.70
1.738	13.10	15.70
1.738	13.10	15.70
1.738	13.10	15.70
1.738	13.10	15.70
1.739	13.10	15.70
1.739	13.10	15.70
1.739	13.10	15.70
1.739	13.10	15.70
1.739	13.09	15.70
1.739	13.09	15.70
1.740	13.09	15.70
1.740	13.09	15.70
1.740	13.09	15.70
1.740	13.09	15.70
1.741	13.09	15.70
1.741	13.08	15.70
1.741	13.08	15.70
1.741	13.08	15.70
1.741	13.08	15.70
1.742	13.08	15.70
1.742	13.08	15.70
1.742	13.07	15.70
1.742	13.07	15.70
1.742	13.06	15.70
1.742	13.07	15.70
1.743	13.07	15.70
1.743	13.07	15.70
1.743	13.07	15.70
1.743	13.07	15.70
1.743	13.07	15.70
1.743	13.06	15.70
1.744	13.06	15.70
1.744	13.06	15.70
1.744	13.06	15.70
1.744	13.06	15.70
1.744	13.06	15.70
1.744	13.06	15.70
1.745	13.05	15.70
1.745	13.05	15.70
1.745	13.05	15.70
1.745	13.05	15.70
1.745	13.05	15.70
1.745	13.04	15.70
1.745	13.04	15.70
1.745	13.05	15.70
1.746	13.05	15.70
1.746	13.04	15.70
1.746	13.04	15.70
1.746	13.04	15.70
1.746	13.04	15.70
1.746	13.04	15.70
1.747	13.04	15.70
1.747	13.03	15.70
1.747	13.03	15.70
1.747	13.03	15.70
1.748	13.02	15.70
1.748	13.02	15.70
1.748	13.02	15.70
1.748	13.02	15.70
1.748	13.02	15.70
1.749	13.01	15.70
1.749	13.02	15.70
1.749	13.01	15.70
1.749	13.01	15.70
1.749	13.01	15.70
1.749	13.01	15.70
1.749	13.01	15.70
1.750	13.00	15.70
1.752	13.00	15.70
1.752	13.00	15.70
1.752	13.00	15.70
1.752	13.00	15.70
1.752	12.99	15.70
1.752	12.99	15.70
1.753	12.99	15.70
1.753	12.98	15.70
1.753	12.99	15.70
1.753	12.98	15.70
1.753	12.98	15.70
1.754	12.98	15.70
1.754	12.98	15.70
1.754	12.97	15.70
1.754	12.97	15.70
1.754	12.97	15.70
1.755	12.97	15.70
1.755	12.97	15.70
1.755	12.97	15.70
1.755	12.97	15.70
1.756	12.97	15.70
1.756	12.96	15.70
1.756	12.96	15.70
1.756	12.95	15.70
1.757	12.95	15.70
1.757	12.95	15.70
1.758	12.95	15.70
1.758	12.95	15.70
1.758	12.95	15.71
1.759	12.94	15.71
1.759	12.94	15.71
1.759	12.94	15.70
1.760	12.94	15.71
1.760	12.94	15.71
1.760	12.93	15.71
1.761	12.93	15.71
1.761	12.92	15.71
1.761	12.92	15.71
1.761	12.92	15.71
1.762	12.92	15.71
1.763	12.91	15.71
1.763	12.91	15.71
1.763	12.91	15.71
1.763	12.91	15.71
1.764	12.91	15.71
1.764	12.90	15.71
1.764	12.90	15.71
1.764	12.89	15.71
1.765	12.89	15.71
1.765	12.89	15.71
1.765	12.89	15.71
1.765	12.89	15.71
1.765	12.89	15.71
1.765	12.89	15.71
1.765	12.89	15.71
1.765	12.89	15.71
1.765	12.88	15.71
1.766	12.87	15.71
1.767	12.87	15.71
1.767	12.87	15.71
1.767	12.86	15.71
1.768	12.86	15.71
1.768	12.86	15.71
1.769	12.85	15.71
1.769	12.85	15.71
1.769	12.86	15.71
1.769	12.85	15.71
1.769	12.85	15.71
1.770	12.84	15.71
1.771	12.84	15.71
1.771	12.84	15.71
1.772	12.83	15.71
1.772	12.83	15.71
1.772	12.82	15.71
1.772	12.82	15.71
1.773	12.82	15.71
1.773	12.82	15.71
1.773	12.82	15.71
1.773	12.82	15.71
1.774	12.82	15.71
1.774	12.81	15.71
1.775	12.80	15.71
1.775	12.81	15.71
1.776	12.80	15.71
1.777	12.79	15.71
1.777	12.79	15.71
1.777	12.80	15.71
1.777	12.79	15.71
1.777	12.79	15.71
1.778	12.78	15.71
1.779	12.78	15.71
1.780	12.78	15.71
1.781	12.78	15.71
1.781	12.77	15.71
1.781	12.77	15.71
1.781	12.77	15.71
1.782	12.76	15.71
1.783	12.74	15.71
1.783	12.74	15.71
1.784	12.75	15.71
1.784	12.74	15.71
1.784	12.74	15.71
1.784	12.73	15.71
1.784	12.73	15.71
1.785	12.73	15.71
1.785	12.73	15.71
1.786	12.72	15.71
1.786	12.72	15.71
1.786	12.72	15.71
1.786	12.72	15.71
1.786	12.72	15.71
1.786	12.72	15.71
1.786	12.71	15.71
1.787	12.71	15.71
1.787	12.71	15.71
1.787	12.71	15.71
1.787	12.71	15.71
1.788	12.70	15.71
1.789	12.69	15.71
1.789	12.69	15.71
1.789	12.69	15.71
1.790	12.68	15.71
1.790	12.68	15.71
1.791	12.68	15.71
1.791	12.68	15.71
1.791	12.67	15.71
1.792	12.67	15.71
1.792	12.66	15.71
1.793	12.66	15.71
1.793	12.66	15.71
1.793	12.65	15.71
1.793	12.65	15.71
1.794	12.65	15.71
1.794	12.65	15.71
1.794	12.64	15.71
1.794	12.64	15.71
1.795	12.64	15.71
1.795	12.64	15.71
1.796	12.64	15.71
1.796	12.63	15.71
1.796	12.63	15.71
1.797	12.63	15.71
1.797	12.63	15.71
1.798	12.62	15.71
1.798	12.62	15.71
1.799	12.62	15.71
1.799	12.61	15.71
1.800	12.60	15.71
1.800	12.60	15.71
1.800	12.60	15.71
1.801	12.60	15.71
1.802	12.60	15.71
1.802	12.59	15.71
1.802	12.59	15.71
1.802	12.59	15.71
1.802	12.58	15.71
1.803	12.58	15.71
1.803	12.58	15.71
1.803	12.58	15.71
1.803	12.58	15.71
1.804	12.58	15.71
1.804	12.57	15.71
1.804	12.57	15.71
1.805	12.57	15.71
1.805	12.57	15.71
1.806	12.57	15.71
1.806	12.57	15.71
1.806	12.57	15.72
1.806	12.57	15.71
1.806	12.57	15.72
1.806	12.57	15.72
1.806	12.56	15.72
1.806	12.56	15.72
1.807	12.56	15.72
1.807	12.55	15.72
1.808	12.55	15.72
1.808	12.54	15.72
1.808	12.54	15.72
1.808	12.54	15.72
1.808	12.54	15.72
1.808	12.54	15.72
1.808	12.54	15.72
1.809	12.54	15.72
1.809	12.54	15.72
1.809	12.54	15.72
1.809	12.53	15.72
1.809	12.52	15.72
1.809	12.52	15.72
1.810	12.52	15.72
1.810	12.52	15.72
1.810	12.52	15.72
1.810	12.52	15.72
1.810	12.52	15.72
1.810	12.52	15.72
1.810	12.52	15.72
1.810	12.51	15.72
1.811	12.51	15.72
1.811	12.51	15.72
1.811	12.51	15.72
1.812	12.51	15.72
1.812	12.51	15.72
1.812	12.51	15.72
1.813	12.51	15.72
1.813	12.51	15.72
1.813	12.51	15.72
1.813	12.50	15.72
1.813	12.50	15.72
1.814	12.50	15.72
1.814	12.50	15.72
1.815	12.49	15.72
1.815	12.49	15.72
1.815	12.49	15.72
1.816	12.49	15.72
1.816	12.49	15.72
1.816	12.49	15.72
1.816	12.48	15.72
1.817	12.48	15.72
1.817	12.48	15.72
1.817	12.48	15.72
1.818	12.48	15.72
1.818	12.48	15.72
1.818	12.48	15.72
1.818	12.47	15.72
1.819	12.47	15.72
1.819	12.47	15.72
1.820	12.46	15.72
1.821	12.46	15.72
1.821	12.46	15.72
1.821	12.46	15.72
1.822	12.45	15.72
1.822	12.44	15.72
1.822	12.44	15.72
1.823	12.45	15.72
1.823	12.44	15.72
1.824	12.44	15.72
1.824	12.44	15.72
1.824	12.43	15.72
1.825	12.43	15.72
1.825	12.43	15.72
1.825	12.43	15.72
1.826	12.43	15.72
1.825	12.42	15.72
1.826	12.42	15.72
1.826	12.42	15.72
1.827	12.41	15.72
1.827	12.41	15.72
1.828	12.41	15.72
1.828	12.41	15.72
1.829	12.40	15.72
1.829	12.40	15.72
1.830	12.40	15.72
1.830	12.40	15.72
1.830	12.40	15.72
1.831	12.39	15.72
1.831	12.39	15.72
1.831	12.39	15.72
1.831	12.39	15.72
1.832	12.39	15.72
1.832	12.38	15.72
1.833	12.38	15.72
1.833	12.38	15.72
1.833	12.37	15.72
1.834	12.37	15.72
1.834	12.37	15.72
1.834	12.37	15.72
1.833	12.37	15.72
1.834	12.37	15.72
1.834	12.36	15.72
1.834	12.36	15.72
1.835	12.35	15.72
1.835	12.35	15.72
1.836	12.35	15.72
1.836	12.35	15.72
1.836	12.34	15.72
1.837	12.34	15.72
1.837	12.34	15.72
1.838	12.33	15.72
1.838	12.34	15.72
1.838	12.34	15.72
1.838	12.33	15.72
1.838	12.33	15.72
1.838	12.33	15.72
1.838	12.33	15.72
1.838	12.32	15.72
1.839	12.31	15.72
1.841	12.30	15.72
1.842	12.31	15.72
1.842	12.30	15.72
1.843	12.29	15.72
1.844	12.28	15.72
1.844	12.28	15.72
1.844	12.28	15.72
1.844	12.28	15.72
1.844	12.28	15.72
1.845	12.27	15.72
1.845	12.27	15.72
1.845	12.27	15.72
1.845	12.27	15.72
1.845	12.27	15.72
1.846	12.26	15.72
1.846	12.26	15.72
1.846	12.26	15.72
1.847	12.26	15.72
1.847	12.26	15.72
1.847	12.25	15.72
1.848	12.25	15.72
1.848	12.25	15.72
1.848	12.24	15.72
1.849	12.24	15.72
1.849	12.24	15.72
1.850	12.24	15.72
1.850	12.24	15.72
1.850	12.23	15.72
1.851	12.23	15.72
1.851	12.23	15.72
1.851	12.22	15.72
1.851	12.22	15.72
1.852	12.22	15.72
1.852	12.22	15.72
1.852	12.22	15.72
1.852	12.21	15.72
1.853	12.21	15.72
1.853	12.21	15.72
1.853	12.21	15.72
1.853	12.21	15.72
1.853	12.21	15.72
1.853	12.21	15.72
1.854	12.20	15.72
1.854	12.20	15.72
1.854	12.20	15.72
1.854	12.20	15.72
1.854	12.20	15.72
1.855	12.20	15.72
1.855	12.20	15.72
1.855	12.19	15.72
1.855	12.19	15.72
1.855	12.19	15.72
1.855	12.19	15.72
1.856	12.19	15.72
1.856	12.19	15.72
1.856	12.19	15.72
1.857	12.18	15.72
1.857	12.18	15.72
1.857	12.18	15.72
1.857	12.18	15.72
1.858	12.17	15.72
1.858	12.18	15.72
1.858	12.18	15.72
1.858	12.17	15.72
1.859	12.17	15.72
1.859	12.17	15.72
1.860	12.17	15.72
1.860	12.17	15.72
1.860	12.16	15.72
1.861	12.16	15.72
1.861	12.16	15.72
1.862	12.15	15.73
1.862	12.16	15.72
1.862	12.15	15.73
1.862	12.15	15.73
1.862	12.15	15.73
1.863	12.15	15.73
1.863	12.15	15.73
1.863	12.15	15.73
1.863	12.15	15.73
1.863	12.15	15.73
1.864	12.14	15.73
1.864	12.14	15.73
1.864	12.14	15.73
1.865	12.14	15.73
1.865	12.13	15.73
1.865	12.14	15.73
1.865	12.13	15.73
1.865	12.13	15.73
1.866	12.13	15.73
1.866	12.13	15.73
1.866	12.13	15.73
1.866	12.12	15.73
1.866	12.12	15.73
1.866	12.12	15.73
1.867	12.11	15.73
1.867	12.12	15.73
1.867	12.11	15.73
1.868	12.11	15.73
1.869	12.11	15.73
1.869	12.10	15.73
1.870	12.10	15.73
1.870	12.09	15.73
1.871	12.10	15.73
1.872	12.09	15.73
1.872	12.08	15.73
1.872	12.08	15.73
1.873	12.08	15.73
1.873	12.08	15.73
1.873	12.08	15.73
1.874	12.07	15.73
1.875	12.06	15.73
1.876	12.05	15.73
1.876	12.05	15.73
1.876	12.05	15.73
1.877	12.05	15.73
1.877	12.05	15.73
1.877	12.04	15.73
1.878	12.05	15.73
1.878	12.04	15.73
1.878	12.04	15.73
1.879	12.03	15.73
1.880	12.03	15.73
1.881	12.03	15.73
1.881	12.02	15.73
1.881	12.02	15.73
1.882	12.02	15.73
1.883	12.01	15.73
1.884	12.00	15.73
1.884	12.00	15.73
1.884	12.00	15.73
1.885	11.99	15.73
1.885	11.99	15.73
1.885	11.99	15.73
1.886	11.99	15.73
1.886	11.98	15.73
1.886	11.98	15.73
1.886	11.98	15.73
1.886	11.98	15.73
1.887	11.98	15.73
1.887	11.97	15.73
1.887	11.97	15.73
1.888	11.97	15.73
1.888	11.96	15.73
1.889	11.97	15.73
1.889	11.96	15.73
1.889	11.96	15.73
1.890	11.96	15.73
1.890	11.96	15.73
1.891	11.95	15.73
1.891	11.95	15.73
1.891	11.95	15.73
1.892	11.95	15.73
1.892	11.94	15.73
1.893	11.94	15.73
1.893	11.94	15.73
1.893	11.93	15.73
1.894	11.93	15.73
1.895	11.91	15.73
1.896	11.90	15.73
1.897	11.90	15.73
1.897	11.90	15.73
1.898	11.90	15.73
1.898	11.89	15.73
1.899	11.89	15.73
1.900	11.88	15.73
1.901	11.87	15.73
1.902	11.87	15.73
1.902	11.86	15.73
1.902	11.87	15.73
1.903	11.86	15.73
1.903	11.86	15.73
1.904	11.85	15.73
1.905	11.84	15.73
1.905	11.85	15.73
1.906	11.85	15.73
1.906	11.84	15.73
1.906	11.84	15.73
1.907	11.84	15.73
1.907	11.83	15.73
1.907	11.83	15.73
1.908	11.82	15.73
1.909	11.81	15.73
1.910	11.80	15.73
1.910	11.80	15.73
1.910	11.80	15.73
1.910	11.80	15.73
1.911	11.80	15.73
1.912	11.80	15.73
1.912	11.79	15.73
1.912	11.79	15.73
1.913	11.79	15.73
1.913	11.78	15.73
1.914	11.79	15.73
1.914	11.78	15.73
1.915	11.78	15.73
1.915	11.77	15.73
1.916	11.77	15.73
1.916	11.77	15.73
1.916	11.77	15.73
1.916	11.76	15.73
1.917	11.76	15.73
1.917	11.75	15.73
1.917	11.75	15.73
1.918	11.75	15.73
1.918	11.75	15.73
1.918	11.74	15.73
1.918	11.74	15.73
1.918	11.74	15.73
1.918	11.74	15.73
1.919	11.74	15.73
1.919	11.73	15.73
1.919	11.73	15.73
1.919	11.73	15.73
1.920	11.73	15.73
1.920	11.73	15.73
1.921	11.72	15.73
1.921	11.72	15.73
1.922	11.71	15.73
1.923	11.71	15.73
1.923	11.71	15.73
1.924	11.71	15.73
1.924	11.70	15.73
1.925	11.70	15.73
1.925	11.70	15.73
1.925	11.70	15.73
1.925	11.70	15.74
1.925	11.70	15.74
1.925	11.70	15.74
1.926	11.70	15.74
1.926	11.69	15.74
1.926	11.69	15.74
1.926	11.68	15.74
1.926	11.68	15.74
1.927	11.67	15.74
1.928	11.67	15.74
1.928	11.67	15.74
1.928	11.67	15.74
1.929	11.67	15.74
1.930	11.66	15.74
1.930	11.66	15.74
1.931	11.66	15.74
1.931	11.66	15.74
1.931	11.66	15.74
1.932	11.66	15.74
1.932	11.65	15.74
1.933	11.65	15.74
1.933	11.65	15.74
1.933	11.65	15.74
1.933	11.65	15.74
1.933	11.65	15.74
1.934	11.65	15.74
1.934	11.64	15.74
1.934	11.64	15.74
1.935	11.64	15.74
1.935	11.63	15.74
1.936	11.63	15.74
1.936	11.62	15.74
1.937	11.62	15.74
1.938	11.62	15.74
1.939	11.61	15.74
1.940	11.60	15.74
1.940	11.60	15.74
1.940	11.60	15.74
1.940	11.60	15.74
1.940	11.59	15.74
1.941	11.60	15.74
1.942	11.59	15.74
1.942	11.59	15.74
1.944	11.58	15.74
1.944	11.58	15.74
1.944	11.58	15.74
1.945	11.58	15.74
1.945	11.58	15.74
1.945	11.58	15.74
1.946	11.57	15.74
1.947	11.57	15.74
1.947	11.57	15.74
1.948	11.55	15.74
1.948	11.55	15.74
1.949	11.55	15.74
1.949	11.55	15.74
1.950	11.55	15.74
1.951	11.54	15.74
1.951	11.54	15.74
1.952	11.54	15.74
1.952	11.53	15.74
1.952	11.53	15.74
1.952	11.53	15.74
1.953	11.53	15.74
1.953	11.53	15.74
1.953	11.52	15.74
1.953	11.53	15.74
1.953	11.53	15.74
1.954	11.53	15.74
1.954	11.52	15.74
1.955	11.52	15.74
1.955	11.52	15.74
1.955	11.51	15.74
1.956	11.50	15.74
1.957	11.50	15.74
1.957	11.49	15.74
1.958	11.49	15.74
1.959	11.49	15.74
1.959	11.49	15.74
1.959	11.48	15.74
1.960	11.48	15.74
1.960	11.48	15.74
1.961	11.48	15.74
1.961	11.48	15.74
1.962	11.47	15.74
1.962	11.47	15.74
1.962	11.47	15.74
1.962	11.47	15.74
1.962	11.47	15.74
1.962	11.47	15.74
1.962	11.46	15.74
1.963	11.45	15.74
1.963	11.45	15.74
1.964	11.45	15.74
1.965	11.45	15.74
1.965	11.45	15.74
1.965	11.45	15.74
1.966	11.45	15.74
1.966	11.44	15.74
1.967	11.44	15.74
1.967	11.44	15.74
1.968	11.43	15.74
1.968	11.43	15.74
1.968	11.43	15.74
1.969	11.43	15.74
1.970	11.42	15.74
1.970	11.42	15.74
1.971	11.41	15.74
1.972	11.40	15.74
1.972	11.40	15.74
1.972	11.40	15.74
1.972	11.40	15.74
1.972	11.40	15.74
1.972	11.39	15.74
1.973	11.39	15.74
1.973	11.39	15.74
1.974	11.38	15.74
1.975	11.38	15.74
1.975	11.37	15.74
1.976	11.37	15.74
1.975	11.37	15.74
1.976	11.37	15.74
1.976	11.37	15.74
1.977	11.37	15.74
1.978	11.36	15.74
1.979	11.36	15.74
1.980	11.35	15.74
1.980	11.35	15.74
1.981	11.34	15.74
1.981	11.34	15.74
1.981	11.34	15.74
1.981	11.34	15.75
1.982	11.33	15.75
1.983	11.33	15.75
1.983	11.32	15.75
1.983	11.32	15.75
1.984	11.32	15.75
1.984	11.32	15.75
1.985	11.31	15.75
1.985	11.32	15.75
1.986	11.31	15.75
1.986	11.31	15.75
1.987	11.31	15.75
1.987	11.31	15.75
1.987	11.31	15.75
1.988	11.30	15.75
1.988	11.30	15.75
1.989	11.29	15.75
1.990	11.29	15.75
1.990	11.29	15.75
1.991	11.28	15.75
1.991	11.28	15.75
1.992	11.27	15.75
1.993	11.27	15.75
1.993	11.27	15.75
1.993	11.26	15.75
1.994	11.26	15.75
1.994	11.26	15.75
1.995	11.26	15.75
1.995	11.25	15.75
1.995	11.25	15.75
1.996	11.25	15.75
1.996	11.24	15.75
1.996	11.24	15.75
1.997	11.23	15.75
1.997	11.24	15.75
1.998	11.23	15.75
1.998	11.23	15.75
1.998	11.23	15.75
1.998	11.22	15.75
1.999	11.22	15.75
1.999	11.22	15.75
1.999	11.22	15.75
2.000	11.22	15.75
2.000	11.22	15.75
2.001	11.22	15.75
2.001	11.22	15.75
2.001	11.22	15.75
2.002	11.21	15.75
2.002	11.21	15.75
2.002	11.21	15.75
2.002	11.21	15.75
2.002	11.21	15.75
2.003	11.20	15.75
2.003	11.19	15.75
2.004	11.19	15.75
2.004	11.19	15.75
2.005	11.19	15.75
2.005	11.19	15.75
2.006	11.19	15.75
2.007	11.18	15.75
2.007	11.18	15.75
2.008	11.18	15.75
2.009	11.17	15.75
2.009	11.17	15.75
2.009	11.17	15.75
2.010	11.16	15.75
2.010	11.16	15.75
2.010	11.16	15.75
2.010	11.16	15.75
2.012	11.16	15.75
2.014	11.14	15.75
2.014	11.14	15.75
2.015	11.14	15.75
2.015	11.13	15.75
2.015	11.13	15.75
2.015	11.13	15.75
2.016	11.13	15.75
2.017	11.13	15.75
2.017	11.13	15.75
2.017	11.12	15.75
2.017	11.12	15.75
2.017	11.12	15.75
2.018	11.12	15.75
2.019	11.11	15.75
2.019	11.11	15.75
2.020	11.10	15.75
2.021	11.10	15.75
2.022	11.10	15.75
2.022	11.09	15.75
2.022	11.09	15.75
2.023	11.09	15.75
2.024	11.08	15.75
2.024	11.08	15.75
2.024	11.08	15.75
2.025	11.08	15.75
2.025	11.08	15.75
2.026	11.07	15.75
2.026	11.06	15.75
2.027	11.05	15.75
2.027	11.05	15.75
2.028	11.05	15.75
2.029	11.05	15.75
2.029	11.04	15.75
2.030	11.04	15.75
2.030	11.04	15.75
2.031	11.04	15.75
2.031	11.04	15.75
2.031	11.03	15.75
2.032	11.03	15.75
2.033	11.03	15.75
2.033	11.02	15.75
2.034	11.02	15.75
2.034	11.01	15.75
2.034	11.01	15.75
2.034	11.02	15.75
2.034	11.01	15.75
2.034	11.01	15.75
2.035	11.01	15.75
2.036	11.00	15.75
2.036	11.00	15.75
2.037	10.99	15.75
2.038	10.99	15.75
2.038	10.99	15.75
2.039	10.99	15.75
2.039	10.99	15.75
2.039	10.99	15.75
2.040	10.98	15.75
2.040	10.98	15.75
2.041	10.97	15.75
2.042	10.97	15.75
2.042	10.96	15.75
2.043	10.95	15.75
2.044	10.94	15.75
2.044	10.94	15.75
2.045	10.94	15.75
2.046	10.93	15.75
2.046	10.93	15.75
2.047	10.93	15.75
2.047	10.93	15.75
2.047	10.93	15.75
2.047	10.93	15.75
2.047	10.92	15.75
2.048	10.92	15.75
2.048	10.92	15.75
2.049	10.91	15.75
2.049	10.91	15.75
2.051	10.90	15.75
2.052	10.90	15.75
2.053	10.89	15.75
2.054	10.89	15.75
2.054	10.89	15.75
2.055	10.88	15.75
2.056	10.87	15.75
2.056	10.86	15.75
2.056	10.86	15.75
2.056	10.85	15.75
2.057	10.85	15.75
2.057	10.84	15.75
2.058	10.85	15.75
2.058	10.84	15.75
2.059	10.84	15.75
2.060	10.83	15.75
2.061	10.83	15.75
2.061	10.83	15.75
2.062	10.82	15.75
2.063	10.82	15.75
2.064	10.82	15.75
2.064	10.81	15.75
2.064	10.82	15.75
2.065	10.81	15.75
2.065	10.81	15.75
2.066	10.80	15.75
2.066	10.80	15.75
2.066	10.80	15.75
2.067	10.80	15.75
2.067	10.79	15.75
2.067	10.79	15.75
2.068	10.79	15.75
2.068	10.79	15.75
2.069	10.78	15.75
2.070	10.78	15.75
2.070	10.78	15.75
2.070	10.77	15.75
2.071	10.77	15.75
2.071	10.77	15.75
2.072	10.77	15.75
2.072	10.76	15.75
2.072	10.76	15.75
2.072	10.75	15.75
2.072	10.75	15.75
2.073	10.75	15.75
2.073	10.75	15.75
2.073	10.75	15.75
2.073	10.75	15.75
2.074	10.75	15.75
2.074	10.75	15.75
2.074	10.74	15.75
2.075	10.74	15.75
2.075	10.74	15.75
2.075	10.74	15.75
2.076	10.74	15.75
2.076	10.74	15.75
2.077	10.74	15.75
2.077	10.74	15.75
2.078	10.74	15.75
2.078	10.73	15.75
2.078	10.73	15.75
2.079	10.72	15.75
2.079	10.73	15.75
2.079	10.72	15.75
2.080	10.72	15.75
2.081	10.72	15.75
2.081	10.72	15.75
2.082	10.71	15.76
2.082	10.71	15.76
2.083	10.71	15.76
2.084	10.70	15.76
2.086	10.70	15.76
2.086	10.70	15.76
2.087	10.69	15.76
2.087	10.69	15.76
2.087	10.69	15.76
2.087	10.69	15.76
2.088	10.69	15.76
2.088	10.68	15.76
2.088	10.68	15.76
2.088	10.69	15.76
2.088	10.69	15.76
2.088	10.69	15.76
2.088	10.69	15.76
2.088	10.68	15.76
2.088	10.68	15.76
2.089	10.68	15.76
2.090	10.67	15.76
2.090	10.67	15.76
2.091	10.67	15.76
2.091	10.66	15.76
2.092	10.66	15.76
2.094	10.65	15.76
2.097	10.64	15.76
2.097	10.64	15.76
2.098	10.64	15.76
2.098	10.63	15.76
2.098	10.63	15.76
2.098	10.63	15.76
2.099	10.63	15.76
2.100	10.62	15.76
2.101	10.62	15.76
2.101	10.61	15.76
2.102	10.61	15.76
2.103	10.60	15.76
2.103	10.59	15.76
2.104	10.59	15.76
2.104	10.59	15.76
2.105	10.59	15.76
2.105	10.58	15.76
2.106	10.58	15.76
2.107	10.58	15.76
2.107	10.57	15.76
2.108	10.57	15.76
2.108	10.57	15.76
2.108	10.57	15.76
2.108	10.57	15.76
2.108	10.57	15.76
2.108	10.56	15.76
2.108	10.57	15.76
2.108	10.56	15.76
2.108	10.56	15.76
2.108	10.56	15.76
2.109	10.56	15.76
2.109	10.56	15.76
2.110	10.55	15.76
2.111	10.55	15.76
2.112	10.55	15.76
2.113	10.54	15.76
2.113	10.54	15.76
2.114	10.53	15.76
2.115	10.53	15.76
2.116	10.52	15.76
2.117	10.51	15.76
2.117	10.51	15.76
2.118	10.51	15.76
2.120	10.50	15.76
2.121	10.50	15.76
2.121	10.49	15.76
2.121	10.49	15.76
2.122	10.48	15.76
2.122	10.48	15.76
2.122	10.48	15.76
2.122	10.48	15.76
2.122	10.47	15.76
2.123	10.47	15.76
2.123	10.47	15.76
2.124	10.47	15.76
2.125	10.47	15.76
2.125	10.47	15.76
2.125	10.47	15.76
2.125	10.47	15.76
2.125	10.47	15.76
2.126	10.46	15.76
2.127	10.45	15.76
2.128	10.45	15.76
2.129	10.44	15.76
2.130	10.44	15.76
2.131	10.44	15.76
2.132	10.43	15.76
2.134	10.42	15.76
2.136	10.41	15.76
2.136	10.41	15.76
2.136	10.40	15.76
2.136	10.40	15.76
2.137	10.40	15.76
2.137	10.40	15.76
2.137	10.40	15.76
2.137	10.39	15.76
2.138	10.39	15.76
2.139	10.39	15.76
2.140	10.38	15.76
2.140	10.38	15.76
2.141	10.37	15.76
2.142	10.37	15.76
2.142	10.36	15.76
2.143	10.35	15.76
2.143	10.35	15.76
2.143	10.35	15.76
2.144	10.35	15.76
2.145	10.34	15.76
2.145	10.34	15.76
2.146	10.34	15.76
2.147	10.33	15.76
2.148	10.33	15.76
2.148	10.33	15.76
2.148	10.33	15.76
2.150	10.33	15.76
2.151	10.32	15.76
2.151	10.31	15.76
2.152	10.31	15.76
2.152	10.30	15.76
2.153	10.30	15.76
2.153	10.30	15.76
2.154	10.30	15.76
2.154	10.30	15.76
2.155	10.29	15.76
2.156	10.28	15.76
2.156	10.28	15.77
2.157	10.28	15.77
2.157	10.27	15.77
2.158	10.27	15.77
2.158	10.27	15.77
2.159	10.27	15.77
2.159	10.26	15.77
2.159	10.27	15.77
2.160	10.26	15.77
2.160	10.26	15.77
2.161	10.26	15.77
2.161	10.26	15.77
2.162	10.25	15.77
2.162	10.25	15.77
2.162	10.25	15.77
2.163	10.25	15.77
2.164	10.25	15.77
2.164	10.25	15.77
2.164	10.24	15.77
2.164	10.24	15.77
2.164	10.24	15.77
2.165	10.24	15.77
2.165	10.24	15.77
2.166	10.24	15.77
2.166	10.24	15.77
2.167	10.23	15.77
2.167	10.23	15.77
2.168	10.23	15.77
2.168	10.23	15.77
2.169	10.23	15.77
2.169	10.22	15.77
2.169	10.22	15.77
2.170	10.22	15.77
2.171	10.22	15.77
2.171	10.22	15.77
2.172	10.21	15.77
2.172	10.21	15.77
2.172	10.21	15.77
2.173	10.21	15.77
2.173	10.21	15.77
2.173	10.21	15.77
2.175	10.20	15.77
2.175	10.20	15.77
2.176	10.20	15.77
2.177	10.19	15.77
2.177	10.19	15.77
2.177	10.19	15.77
2.177	10.19	15.77
2.178	10.19	15.77
2.179	10.18	15.77
2.179	10.18	15.77
2.180	10.18	15.77
2.180	10.17	15.77
2.180	10.17	15.77
2.181	10.17	15.77
2.181	10.16	15.77
2.182	10.16	15.77
2.183	10.16	15.77
2.183	10.15	15.77
2.183	10.15	15.77
2.183	10.15	15.77
2.183	10.15	15.77
2.184	10.15	15.77
2.184	10.15	15.77
2.185	10.15	15.77
2.185	10.15	15.77
2.185	10.15	15.77
2.186	10.15	15.77
2.186	10.14	15.77
2.187	10.14	15.77
2.188	10.14	15.77
2.189	10.13	15.77
2.189	10.13	15.77
2.190	10.13	15.77
2.191	10.12	15.77
2.192	10.12	15.77
2.192	10.12	15.77
2.193	10.11	15.77
2.193	10.11	15.77
2.194	10.11	15.77
2.194	10.11	15.77
2.195	10.10	15.77
2.195	10.10	15.77
2.196	10.10	15.77
2.196	10.10	15.77
2.197	10.10	15.77
2.197	10.10	15.77
2.197	10.09	15.77
2.198	10.09	15.77
2.198	10.09	15.77
2.198	10.09	15.77
2.198	10.09	15.77
2.198	10.08	15.77
2.199	10.08	15.77
2.200	10.07	15.77
2.202	10.06	15.77
2.203	10.06	15.77
2.204	10.05	15.77
2.204	10.05	15.77
2.205	10.04	15.77
2.206	10.04	15.77
2.206	10.04	15.77
2.207	10.03	15.77
2.207	10.04	15.77
2.208	10.03	15.77
2.208	10.03	15.77
2.209	10.02	15.77
2.209	10.02	15.77
2.210	10.02	15.77
2.210	10.01	15.77
2.211	10.01	15.77
2.212	10.01	15.77
2.212	10.01	15.77
2.212	10.01	15.77
2.212	10.00	15.77
2.213	10.00	15.77
2.215	9.99	15.77
2.216	9.98	15.77
2.217	9.98	15.77
2.218	9.98	15.77
2.219	9.98	15.77
2.220	9.97	15.77
2.222	9.96	15.77
2.222	9.96	15.77
2.222	9.96	15.77
2.223	9.95	15.77
2.224	9.94	15.77
2.225	9.94	15.77
2.226	9.93	15.77
2.226	9.93	15.77
2.227	9.92	15.77
2.228	9.92	15.77
2.229	9.91	15.77
2.230	9.90	15.77
2.231	9.90	15.77
2.232	9.89	15.77
2.234	9.89	15.77
2.235	9.89	15.77
2.235	9.88	15.77
2.236	9.87	15.77
2.237	9.87	15.77
2.237	9.87	15.78
2.237	9.86	15.78
2.238	9.86	15.77
2.238	9.86	15.78
2.239	9.85	15.78
2.239	9.85	15.78
2.239	9.84	15.78
2.240	9.84	15.78
2.241	9.84	15.78
2.241	9.83	15.78
2.242	9.83	15.78
2.243	9.82	15.78
2.244	9.81	15.78
2.245	9.81	15.78
2.245	9.81	15.78
2.246	9.80	15.78
2.246	9.80	15.78
2.248	9.80	15.78
2.248	9.80	15.78
2.249	9.79	15.78
2.249	9.79	15.78
2.250	9.79	15.78
2.251	9.78	15.78
2.253	9.77	15.78
2.254	9.77	15.78
2.255	9.77	15.78
2.256	9.76	15.78
2.256	9.76	15.78
2.257	9.76	15.78
2.257	9.76	15.78
2.258	9.76	15.78
2.259	9.75	15.78
2.259	9.75	15.78
2.260	9.75	15.78
2.261	9.75	15.78
2.262	9.74	15.78
2.264	9.74	15.78
2.265	9.73	15.78
2.266	9.72	15.78
2.268	9.70	15.78
2.271	9.70	15.78
2.274	9.69	15.78
2.274	9.69	15.78
2.274	9.69	15.78
2.274	9.69	15.78
2.274	9.68	15.78
2.275	9.67	15.78
2.275	9.67	15.78
2.276	9.66	15.78
2.277	9.66	15.78
2.277	9.65	15.78
2.278	9.65	15.78
2.279	9.64	15.78
2.280	9.64	15.78
2.281	9.63	15.78
2.282	9.63	15.78
2.283	9.63	15.78
2.284	9.62	15.78
2.285	9.61	15.78
2.286	9.61	15.78
2.287	9.61	15.78
2.287	9.60	15.78
2.288	9.59	15.78
2.289	9.59	15.78
2.290	9.59	15.78
2.291	9.59	15.78
2.291	9.59	15.78
2.291	9.59	15.78
2.291	9.59	15.78
2.291	9.59	15.78
2.291	9.59	15.78
2.291	9.59	15.78
2.291	9.59	15.78
2.292	9.58	15.78
2.293	9.57	15.78
2.294	9.57	15.78
2.295	9.56	15.78
2.296	9.55	15.78
2.297	9.55	15.78
2.297	9.54	15.78
2.298	9.54	15.78
2.298	9.53	15.78
2.299	9.53	15.78
2.300	9.52	15.78
2.301	9.51	15.78
2.302	9.51	15.78
2.303	9.50	15.78
2.304	9.49	15.78
2.305	9.49	15.78
2.305	9.48	15.78
2.305	9.48	15.78
2.305	9.48	15.78
2.305	9.48	15.78
2.306	9.49	15.78
2.308	9.48	15.78
2.310	9.47	15.78
2.313	9.46	15.78
2.313	9.46	15.78
2.313	9.46	15.78
2.314	9.44	15.78
2.317	9.43	15.78
2.319	9.42	15.78
2.320	9.41	15.78
2.322	9.40	15.78
2.324	9.40	15.78
2.325	9.39	15.78
2.326	9.39	15.78
2.327	9.39	15.78
2.327	9.38	15.78
2.327	9.38	15.78
2.328	9.38	15.78
2.329	9.38	15.78
2.329	9.38	15.78
2.330	9.38	15.78
2.331	9.38	15.78
2.332	9.38	15.78
2.332	9.37	15.78
2.333	9.37	15.78
2.333	9.36	15.78
2.334	9.35	15.78
2.335	9.35	15.78
2.336	9.35	15.78
2.336	9.34	15.78
2.337	9.33	15.78
2.338	9.31	15.78
2.339	9.30	15.78
2.340	9.29	15.78
2.340	9.29	15.78
2.340	9.28	15.78
2.341	9.27	15.78
2.342	9.25	15.78
2.342	9.26	15.78
2.342	9.26	15.79
2.342	9.26	15.79
2.343	9.26	15.79
2.344	9.25	15.79
2.344	9.24	15.79
2.344	9.24	15.79
2.345	9.25	15.79
2.346	9.24	15.79
2.346	9.24	15.79
2.347	9.22	15.79
2.348	9.21	15.79
2.348	9.21	15.79
2.349	9.21	15.79
2.350	9.20	15.79
2.350	9.20	15.79
2.351	9.21	15.79
2.352	9.19	15.79
2.352	9.20	15.79
2.353	9.20	15.79
2.354	9.20	15.79
2.355	9.19	15.79
2.356	9.20	15.79
2.357	9.18	15.79
2.358	9.18	15.79
2.359	9.17	15.79
2.361	9.17	15.79
2.362	9.17	15.79
2.363	9.16	15.79
2.363	9.16	15.79
2.364	9.16	15.79
2.366	9.16	15.79
2.367	9.16	15.79
2.369	9.17	15.79
2.371	9.16	15.79
2.372	9.16	15.79
2.373	9.16	15.79
2.376	9.15	15.79
2.379	9.13	15.79
2.379	9.12	15.79
2.380	9.10	15.79
2.381	9.12	15.79
2.382	9.13	15.79
2.384	9.13	15.79
2.385	9.12	15.79
2.386	9.09	15.79
2.387	9.07	15.79
2.387	9.07	15.79
2.387	9.07	15.79
2.388	9.07	15.79
2.388	9.06	15.79
2.389	9.07	15.79
2.390	9.07	15.79
2.391	9.06	15.79
2.392	9.06	15.79
2.393	9.05	15.79
2.393	9.06	15.79
2.394	9.04	15.79
2.395	9.05	15.79
2.395	9.05	15.79
2.396	9.04	15.79
2.396	9.04	15.79
2.396	9.04	15.79
2.397	9.04	15.79
2.397	9.04	15.79
2.398	9.03	15.79
2.398	9.04	15.79
2.400	9.03	15.79
2.401	9.03	15.79
2.402	9.02	15.79
2.402	9.01	15.79
2.403	9.02	15.79
2.403	9.02	15.79
2.404	9.01	15.79
2.405	9.01	15.79
2.407	9.01	15.79
2.409	9.01	15.79
2.410	9.00	15.79
2.411	9.00	15.79
2.411	9.00	15.79
2.411	9.00	15.79
2.412	9.00	15.79
2.413	8.99	15.79
2.414	8.98	15.79
2.414	8.99	15.79
2.415	8.98	15.79
2.416	8.98	15.79
2.416	8.98	15.79
2.417	8.97	15.79
2.418	8.97	15.79
2.418	8.97	15.79
2.418	8.98	15.79
2.418	8.97	15.79
2.418	8.97	15.79
2.418	8.98	15.79
2.419	8.98	15.79
2.422	8.97	15.79
2.425	8.97	15.79
2.426	8.96	15.79
2.427	8.97	15.79
2.431	8.96	15.79
2.432	8.95	15.79
2.432	8.94	15.79
2.432	8.95	15.79
2.433	8.95	15.79
2.434	8.94	15.79
2.435	8.94	15.79
2.436	8.94	15.79
2.438	8.94	15.79
2.439	8.94	15.79
2.440	8.93	15.79
2.441	8.92	15.79
2.442	8.93	15.79
2.442	8.92	15.79
2.443	8.92	15.79
2.445	8.91	15.79
2.446	8.92	15.79
2.447	8.91	15.79
2.448	8.91	15.79
2.449	8.90	15.79
2.450	8.90	15.79
2.450	8.89	15.79
2.451	8.89	15.79
2.453	8.89	15.79
2.454	8.89	15.79
2.455	8.89	15.79
2.455	8.89	15.79
2.456	8.89	15.79
2.458	8.90	15.79
2.459	8.88	15.79
2.459	8.89	15.79
2.461	8.89	15.79
2.462	8.89	15.79
2.463	8.89	15.79
2.463	8.89	15.79
2.464	8.88	15.79
2.465	8.87	15.79
2.466	8.87	15.79
2.467	8.89	15.79
2.468	8.88	15.79
2.470	8.86	15.79
2.472	8.86	15.79
2.473	8.86	15.79
2.473	8.86	15.79
2.474	8.85	15.79
2.475	8.83	15.79
2.476	8.83	15.79
2.478	8.83	15.79
2.479	8.82	15.79
2.479	8.81	15.79
2.480	8.81	15.79
2.480	8.82	15.79
2.481	8.79	15.79
2.482	8.79	15.79
2.483	8.82	15.79
2.484	8.79	15.79
2.485	8.80	15.79
2.486	8.78	15.79
2.487	8.78	15.79
2.488	8.78	15.79
2.488	8.79	15.79
2.489	8.75	15.79
2.490	8.77	15.79
2.491	8.77	15.79
2.492	8.78	15.79
2.492	8.77	15.79
2.493	8.76	15.79
2.494	8.76	15.79
2.495	8.77	15.79
2.495	8.77	15.79
2.496	8.75	15.79
2.496	8.75	15.79
2.496	8.74	15.79
2.496	8.74	15.79
2.497	8.75	15.79
2.498	8.75	15.79
2.499	8.75	15.79
2.500	8.75	15.79
2.500	8.73	15.79
2.501	8.74	15.79
2.502	8.74	15.79
2.502	8.74	15.79
2.503	8.73	15.79
2.504	8.74	15.79
2.505	8.73	15.79
2.505	8.75	15.79
2.505	8.71	15.79
2.504	8.73	15.79
2.504	8.73	15.79
2.505	8.73	15.79
2.506	8.74	15.79
2.508	8.73	15.79
2.510	8.70	15.79
2.512	8.71	15.79
2.513	8.71	15.79
2.513	8.70	15.79
2.515	8.69	15.79
2.516	8.68	15.79
2.517	8.68	15.79
2.518	8.69	15.79
2.519	8.69	15.79
2.520	8.69	15.79
2.522	8.66	15.79
2.524	8.66	15.79
2.525	8.68	15.79
2.526	8.64	15.79
2.527	8.61	15.79
2.527	8.62	15.79
2.527	8.61	15.79
2.527	8.62	15.79
2.529	8.64	15.79
2.530	8.67	15.79
2.532	8.64	15.79
2.535	8.59	15.79
2.535	8.61	15.79
2.536	8.62	15.79
2.537	8.62	15.80
2.538	8.59	15.79
2.539	8.62	15.80
2.540	8.62	15.80
2.540	8.62	15.80
2.541	8.62	15.80
2.542	8.61	15.80
2.542	8.62	15.80
2.543	8.60	15.80
2.544	8.61	15.80
2.545	8.60	15.80
2.548	8.61	15.80
2.551	8.57	15.80
2.552	8.56	15.80
2.555	8.55	15.80
2.558	8.54	15.80
2.561	8.52	15.80
2.563	8.54	15.80
2.565	8.54	15.80
2.566	8.55	15.80
2.567	8.52	15.80
2.569	8.52	15.80
2.571	8.53	15.80
2.573	8.51	15.80
2.576	8.51	15.80
2.579	8.49	15.80
2.583	8.49	15.80
2.586	8.48	15.80
2.586	8.48	15.80
2.587	8.49	15.80
2.587	8.48	15.80
2.588	8.48	15.80
2.588	8.47	15.80
2.589	8.47	15.80
2.590	8.46	15.80
2.591	8.47	15.80
2.593	8.44	15.80
2.596	8.45	15.80
2.598	8.43	15.80
2.598	8.45	15.80
2.598	8.43	15.80
2.598	8.44	15.80
2.599	8.43	15.80
2.600	8.43	15.80
2.601	8.40	15.80
2.602	8.43	15.80
2.602	8.41	15.80
2.604	8.42	15.80
2.607	8.41	15.80
2.608	8.42	15.80
2.608	8.40	15.80
2.609	8.40	15.80
2.611	8.40	15.80
2.614	8.36	15.80
2.616	8.37	15.80
2.616	8.39	15.80
2.616	8.36	15.80
2.617	8.39	15.80
2.617	8.36	15.80
2.617	8.37	15.80
2.618	8.38	15.80
2.618	8.38	15.80
2.619	8.36	15.80
2.620	8.36	15.80
2.620	8.38	15.80
2.621	8.35	15.80
2.622	8.36	15.80
2.622	8.34	15.80
2.623	8.34	15.80
2.624	8.36	15.80
2.626	8.34	15.80
2.627	8.31	15.80
2.628	8.31	15.80
2.628	8.31	15.80
2.628	8.31	15.80
2.628	8.32	15.80
2.629	8.33	15.80
2.630	8.31	15.80
2.630	8.31	15.80
2.630	8.33	15.80
2.631	8.31	15.80
2.631	8.30	15.80
2.631	8.31	15.80
2.631	8.30	15.80
2.631	8.29	15.80
2.631	8.31	15.80
2.632	8.27	15.80
2.635	8.27	15.80
2.637	8.28	15.80
2.639	8.28	15.80
2.641	8.27	15.80
2.642	8.24	15.80
2.643	8.25	15.80
2.644	8.27	15.80
2.646	8.26	15.80
2.648	8.26	15.80
2.649	8.26	15.80
2.650	8.26	15.80
2.651	8.28	15.80
2.654	8.23	15.80
2.656	8.22	15.80
2.659	8.21	15.80
2.660	8.20	15.80
2.661	8.21	15.80
2.662	8.22	15.80
2.663	8.21	15.80
2.663	8.20	15.80
2.663	8.21	15.80
2.667	8.18	15.80
2.670	8.16	15.80
2.671	8.18	15.80
2.671	8.13	15.80
2.671	8.17	15.80
2.671	8.15	15.80
2.671	8.15	15.80
2.671	8.15	15.80
2.672	8.14	15.80
2.673	8.15	15.80
2.676	8.15	15.80
2.678	8.14	15.80
2.678	8.12	15.80
2.679	8.14	15.80
2.679	8.11	15.80
2.679	8.11	15.80
2.679	8.12	15.80
2.679	8.11	15.80
2.680	8.10	15.80
2.681	8.13	15.80
2.681	8.11	15.80
2.682	8.10	15.80
2.683	8.12	15.80
2.685	8.12	15.80
2.686	8.13	15.80
2.687	8.12	15.80
2.687	8.10	15.80
2.687	8.14	15.80
2.688	8.13	15.80
2.690	8.12	15.80
2.691	8.12	15.80
2.692	8.12	15.80
2.692	8.10	15.80
2.693	8.09	15.80
2.693	8.10	15.80
2.693	8.09	15.80
2.693	8.10	15.80
2.693	8.10	15.80
2.694	8.08	15.80
2.694	8.05	15.80
2.695	8.04	15.81
2.696	8.05	15.80
2.697	8.05	15.81
2.699	8.02	15.81
2.699	8.08	15.81
2.700	8.07	15.81
2.701	8.03	15.81
2.701	8.00	15.81
2.702	8.03	15.81
2.702	8.00	15.81
2.703	7.98	15.81
2.704	7.97	15.81
2.705	7.93	15.81
2.706	7.95	15.81
2.706	7.96	15.81
2.706	7.94	15.81
2.707	7.96	15.81
2.708	7.94	15.81
2.709	7.96	15.81
2.711	7.93	15.81
2.712	7.93	15.81
2.713	7.93	15.81
2.715	7.92	15.81
2.717	7.92	15.81
2.717	7.94	15.81
2.718	7.94	15.81
2.720	7.93	15.81
2.721	7.93	15.81
2.724	7.93	15.81
2.727	7.91	15.81
2.728	7.88	15.81
2.729	7.88	15.81
2.730	7.87	15.81
2.730	7.87	15.81
2.732	7.88	15.81
2.733	7.87	15.81
2.733	7.88	15.81
2.734	7.86	15.81
2.736	7.86	15.81
2.738	7.88	15.81
2.739	7.87	15.81
2.740	7.88	15.81
2.741	7.86	15.81
2.742	7.86	15.81
2.743	7.86	15.81
2.744	7.85	15.81
2.746	7.85	15.81
2.748	7.83	15.81
2.749	7.84	15.81
2.752	7.85	15.81
2.753	7.82	15.81
2.753	7.85	15.81
2.754	7.82	15.81
2.754	7.80	15.81
2.755	7.82	15.81
2.756	7.82	15.81
2.758	7.81	15.81
2.758	7.82	15.81
2.759	7.80	15.81
2.760	7.81	15.81
2.761	7.80	15.81
2.761	7.81	15.81
2.762	7.81	15.81
2.762	7.81	15.81
2.764	7.80	15.81
2.765	7.81	15.81
2.765	7.80	15.81
2.766	7.80	15.81
2.766	7.82	15.81
2.768	7.81	15.81
2.769	7.80	15.81
2.770	7.78	15.81
2.771	7.80	15.81
2.771	7.78	15.81
2.771	7.79	15.81
2.772	7.79	15.81
2.772	7.76	15.81
2.773	7.77	15.81
2.774	7.78	15.81
2.776	7.77	15.81
2.779	7.78	15.81
2.781	7.78	15.81
2.782	7.78	15.81
2.783	7.77	15.81
2.783	7.78	15.81
2.785	7.77	15.81
2.786	7.76	15.81
2.788	7.73	15.81
2.789	7.72	15.81
2.791	7.74	15.81
2.792	7.73	15.81
2.794	7.73	15.81
2.794	7.73	15.81
2.795	7.72	15.81
2.796	7.71	15.81
2.799	7.72	15.81
2.801	7.70	15.81
2.801	7.70	15.81
2.802	7.70	15.81
2.803	7.69	15.81
2.803	7.69	15.81
2.803	7.68	15.81
2.803	7.69	15.81
2.802	7.69	15.81
2.804	7.71	15.81
2.808	7.69	15.81
2.809	7.68	15.81
2.811	7.68	15.81
2.812	7.68	15.81
2.813	7.71	15.81
2.814	7.70	15.81
2.815	7.68	15.81
2.817	7.67	15.81
2.819	7.66	15.81
2.822	7.65	15.81
2.822	7.64	15.81
2.824	7.66	15.81
2.824	7.65	15.81
2.825	7.63	15.81
2.826	7.64	15.81
2.827	7.61	15.81
2.827	7.62	15.81
2.828	7.64	15.81
2.828	7.63	15.81
2.829	7.59	15.81
2.830	7.58	15.81
2.831	7.59	15.81
2.832	7.59	15.81
2.833	7.57	15.81
2.833	7.56	15.81
2.833	7.56	15.81
2.834	7.54	15.81
2.835	7.56	15.81
2.836	7.53	15.81
2.837	7.53	15.81
2.839	7.53	15.81
2.841	7.52	15.82
2.842	7.52	15.81
2.843	7.52	15.82
2.843	7.51	15.82
2.844	7.51	15.82
2.844	7.50	15.82
2.845	7.50	15.82
2.845	7.49	15.82
2.845	7.49	15.82
2.845	7.50	15.82
2.846	7.49	15.82
2.846	7.51	15.82
2.847	7.50	15.82
2.847	7.49	15.82
2.848	7.50	15.82
2.848	7.50	15.82
2.848	7.50	15.82
2.848	7.49	15.82
2.848	7.50	15.82
2.849	7.50	15.82
2.849	7.50	15.82
2.851	7.51	15.82
2.853	7.50	15.82
2.854	7.49	15.82
2.855	7.49	15.82
2.856	7.52	15.82
2.857	7.50	15.82
2.857	7.51	15.82
2.858	7.51	15.82
2.858	7.51	15.82
2.859	7.50	15.82
2.860	7.50	15.82
2.860	7.51	15.82
2.861	7.51	15.82
2.861	7.51	15.82
2.862	7.51	15.82
2.863	7.50	15.82
2.864	7.51	15.82
2.865	7.50	15.82
2.866	7.51	15.82
2.867	7.50	15.82
2.868	7.50	15.82
2.869	7.50	15.82
2.869	7.48	15.82
2.870	7.49	15.82
2.871	7.49	15.82
2.871	7.47	15.82
2.872	7.49	15.82
2.873	7.49	15.82
2.874	7.49	15.82
2.874	7.49	15.82
2.874	7.47	15.82
2.874	7.48	15.82
2.876	7.47	15.82
2.877	7.47	15.82
2.880	7.47	15.82
2.882	7.46	15.82
2.883	7.45	15.82
2.884	7.46	15.82
2.885	7.44	15.82
2.885	7.44	15.82
2.887	7.44	15.82
2.890	7.43	15.82
2.891	7.45	15.82
2.892	7.43	15.82
2.892	7.42	15.82
2.893	7.42	15.82
2.894	7.43	15.82
2.895	7.43	15.82
2.896	7.43	15.82
2.897	7.42	15.82
2.898	7.42	15.82
2.899	7.40	15.82
2.900	7.41	15.82
2.901	7.43	15.82
2.903	7.40	15.82
2.905	7.38	15.82
2.906	7.34	15.82
2.907	7.35	15.82
2.908	7.35	15.82
2.909	7.34	15.82
2.911	7.34	15.82
2.912	7.33	15.82
2.913	7.33	15.82
2.914	7.32	15.82
2.915	7.34	15.82
2.916	7.33	15.82
2.917	7.32	15.82
2.918	7.34	15.82
2.919	7.32	15.82
2.920	7.34	15.82
2.920	7.32	15.82
2.920	7.32	15.82
2.921	7.31	15.82
2.922	7.32	15.82
2.923	7.31	15.82
2.924	7.34	15.82
2.924	7.32	15.82
2.925	7.33	15.82
2.926	7.32	15.82
2.927	7.31	15.82
2.928	7.31	15.82
2.929	7.30	15.82
2.929	7.30	15.82
2.931	7.30	15.82
2.932	7.31	15.82
2.933	7.30	15.82
2.933	7.30	15.82
2.934	7.30	15.82
2.936	7.29	15.82
2.937	7.28	15.82
2.937	7.29	15.82
2.938	7.28	15.82
2.939	7.27	15.82
2.940	7.29	15.82
2.941	7.28	15.82
2.942	7.27	15.82
2.942	7.25	15.82
2.943	7.25	15.82
2.943	7.25	15.82
2.944	7.25	15.82
2.946	7.25	15.82
2.949	7.27	15.82
2.952	7.24	15.82
2.953	7.23	15.82
2.953	7.26	15.82
2.953	7.25	15.82
2.954	7.24	15.82
2.956	7.23	15.82
2.958	7.21	15.82
2.961	7.23	15.82
2.963	7.22	15.82
2.965	7.21	15.82
2.966	7.21	15.82
2.969	7.21	15.82
2.971	7.20	15.82
2.973	7.18	15.82
2.974	7.19	15.82
2.975	7.18	15.82
2.975	7.17	15.82
2.975	7.18	15.82
2.975	7.17	15.82
2.976	7.18	15.82
2.976	7.17	15.82
2.977	7.16	15.82
2.978	7.17	15.82
2.979	7.17	15.82
2.980	7.16	15.82
2.980	7.15	15.82
2.980	7.15	15.82
2.980	7.14	15.82
2.982	7.12	15.82
2.984	7.11	15.82
2.985	7.13	15.82
2.985	7.12	15.82
2.985	7.14	15.82
2.985	7.12	15.82
2.985	7.12	15.82
2.985	7.14	15.82
2.985	7.13	15.82
2.986	7.11	15.82
2.987	7.12	15.82
2.986	7.13	15.82
2.986	7.13	15.82
2.987	7.12	15.82
2.988	7.12	15.82
2.989	7.13	15.82
2.990	7.12	15.82
2.991	7.13	15.82
2.991	7.12	15.82
2.991	7.12	15.82
2.992	7.12	15.82
2.994	7.12	15.82
2.996	7.11	15.82
2.999	7.14	15.82
3.000	7.11	15.82
3.001	7.10	15.82
3.002	7.09	15.82
3.003	7.09	15.82
3.004	7.09	15.82
3.006	7.07	15.82
3.007	7.09	15.82
3.008	7.07	15.82
3.009	7.07	15.82
3.011	7.09	15.82
3.011	7.08	15.82
3.012	7.07	15.82
3.013	7.05	15.82
3.014	7.09	15.82
3.015	7.08	15.82
3.015	7.07	15.82
3.016	7.06	15.82
3.017	7.05	15.82
3.018	7.05	15.82
3.019	7.07	15.82
3.021	7.05	15.82
3.025	7.05	15.82
3.030	7.01	15.82
3.033	7.03	15.82
3.034	7.00	15.83
3.034	6.99	15.82
3.034	6.99	15.83
3.034	6.98	15.83
3.034	6.97	15.83
3.035	7.00	15.83
3.039	6.98	15.83
3.043	6.98	15.83
3.045	6.97	15.83
3.046	6.98	15.83
3.047	6.98	15.83
3.048	6.98	15.83
3.050	6.97	15.83
3.051	6.98	15.83
3.055	6.96	15.83
3.057	6.95	15.83
3.059	6.95	15.83
3.061	6.95	15.83
3.062	6.93	15.83
3.062	6.94	15.83
3.062	6.92	15.83
3.061	6.92	15.83
3.063	6.91	15.83
3.065	6.90	15.83
3.069	6.92	15.83
3.069	6.90	15.83
3.069	6.90	15.83
3.069	6.89	15.83
3.069	6.89	15.83
3.069	6.90	15.83
3.070	6.90	15.83
3.072	6.91	15.83
3.075	6.91	15.83
3.080	6.90	15.83
3.081	6.88	15.83
3.083	6.90	15.83
3.084	6.92	15.83
3.084	6.90	15.83
3.084	6.90	15.83
3.084	6.90	15.83
3.085	6.86	15.83
3.085	6.88	15.83
3.085	6.87	15.83
3.086	6.87	15.83
3.088	6.85	15.83
3.091	6.84	15.83
3.095	6.84	15.83
3.095	6.86	15.83
3.095	6.83	15.83
3.095	6.82	15.83
3.095	6.83	15.83
3.095	6.82	15.83
3.095	6.84	15.83
3.096	6.84	15.83
3.099	6.80	15.83
3.105	6.79	15.83
3.111	6.79	15.83
3.114	6.75	15.83
3.116	6.75	15.83
3.119	6.75	15.83
3.122	6.75	15.83
3.126	6.74	15.83
3.129	6.68	15.83
3.131	6.70	15.83
3.133	6.69	15.83
3.138	6.67	15.83
3.147	6.66	15.83
3.152	6.65	15.83
3.154	6.64	15.83
3.158	6.63	15.83
3.161	6.61	15.83
3.162	6.59	15.83
3.163	6.60	15.83
3.165	6.62	15.83
3.167	6.58	15.83
3.168	6.58	15.83
3.168	6.60	15.83
3.169	6.58	15.83
3.170	6.62	15.83
3.171	6.60	15.83
3.173	6.61	15.83
3.175	6.59	15.83
3.177	6.58	15.83
3.179	6.58	15.83
3.182	6.56	15.83
3.184	6.55	15.83
3.185	6.57	15.83
3.186	6.56	15.83
3.188	6.54	15.83
3.189	6.53	15.83
3.190	6.54	15.83
3.192	6.52	15.83
3.193	6.51	15.83
3.195	6.50	15.83
3.197	6.51	15.83
3.199	6.51	15.83
3.199	6.50	15.83
3.201	6.50	15.83
3.202	6.52	15.83
3.204	6.49	15.83
3.205	6.51	15.83
3.206	6.49	15.83
3.208	6.48	15.83
3.210	6.52	15.83
3.213	6.52	15.83
3.215	6.53	15.83
3.217	6.50	15.83
3.218	6.49	15.83
3.220	6.47	15.83
3.223	6.48	15.83
3.225	6.47	15.83
3.227	6.45	15.83
3.229	6.46	15.83
3.230	6.45	15.83
3.233	6.45	15.83
3.238	6.45	15.83
3.242	6.42	15.83
3.244	6.43	15.83
3.245	6.43	15.83
3.248	6.41	15.83
3.252	6.43	15.83
3.256	6.43	15.83
3.260	6.40	15.83
3.262	6.40	15.83
3.265	6.37	15.83
3.268	6.35	15.83
3.271	6.35	15.83
3.273	6.35	15.83
3.276	6.35	15.83
3.279	6.36	15.83
3.281	6.36	15.83
3.283	6.33	15.83
3.285	6.33	15.83
3.287	6.34	15.83
3.289	6.33	15.83
3.290	6.32	15.83
3.291	6.32	15.83
3.292	6.33	15.83
3.294	6.32	15.84
3.294	6.33	15.84
3.295	6.34	15.84
3.295	6.33	15.84
3.295	6.35	15.84
3.296	6.32	15.84
3.296	6.33	15.84
3.297	6.31	15.84
3.297	6.30	15.84
3.297	6.30	15.84
3.298	6.32	15.84
3.298	6.31	15.84
3.297	6.30	15.84
3.297	6.32	15.84
3.297	6.29	15.84
3.297	6.31	15.84
3.297	6.29	15.84
3.298	6.30	15.84
3.299	6.32	15.84
3.303	6.29	15.84
3.307	6.27	15.84
3.309	6.30	15.84
3.311	6.29	15.84
3.314	6.27	15.84
3.319	6.27	15.84
3.322	6.25	15.84
3.323	6.26	15.84
3.325	6.26	15.84
3.330	6.26	15.84
3.339	6.23	15.84
3.349	6.17	15.84
3.349	6.15	15.84
3.349	6.15	15.84
3.352	6.13	15.84
3.361	6.11	15.84
3.368	6.11	15.84
3.376	6.10	15.84
3.380	6.10	15.84
3.381	6.09	15.84
3.382	6.09	15.84
3.383	6.10	15.84
3.384	6.08	15.84
3.386	6.08	15.84
3.387	6.07	15.84
3.388	6.08	15.84
3.389	6.09	15.84
3.392	6.06	15.84
3.395	6.05	15.84
3.398	6.06	15.84
3.401	6.05	15.84
3.404	6.05	15.84
3.406	6.03	15.84
3.408	6.06	15.84
3.411	6.04	15.84
3.412	6.05	15.84
3.414	6.04	15.84
3.416	6.02	15.84
3.417	6.02	15.84
3.419	6.02	15.84
3.421	6.03	15.84
3.424	6.02	15.84
3.428	6.02	15.84
3.433	6.01	15.84
3.438	6.01	15.84
3.443	6.00	15.84
3.448	5.99	15.84
3.450	5.98	15.84
3.451	5.98	15.84
3.453	5.97	15.84
3.454	5.97	15.84
3.455	5.99	15.84
3.456	5.98	15.84
3.457	5.99	15.84
3.459	5.99	15.84
3.462	5.99	15.84
3.465	5.98	15.84
3.468	5.96	15.84
3.470	5.94	15.84
3.474	5.94	15.84
3.477	5.94	15.84
3.480	5.93	15.84
3.482	5.92	15.84
3.485	5.93	15.84
3.486	5.90	15.84
3.487	5.91	15.84
3.490	5.90	15.84
3.491	5.91	15.84
3.494	5.89	15.84
3.495	5.89	15.84
3.497	5.90	15.84
3.499	5.92	15.84
3.501	5.88	15.84
3.504	5.85	15.84
3.506	5.84	15.84
3.510	5.85	15.84
3.514	5.86	15.84
3.517	5.84	15.84
3.519	5.83	15.84
3.522	5.83	15.84
3.524	5.83	15.84
3.525	5.83	15.84
3.526	5.82	15.84
3.527	5.84	15.84
3.527	5.82	15.84
3.527	5.83	15.84
3.527	5.83	15.84
3.527	5.83	15.84
3.527	5.82	15.84
3.527	5.83	15.84
3.526	5.82	15.84
3.526	5.82	15.84
3.528	5.83	15.84
3.531	5.82	15.84
3.535	5.80	15.84
3.539	5.82	15.84
3.542	5.81	15.84
3.544	5.81	15.84
3.550	5.80	15.84
3.555	5.78	15.84
3.557	5.75	15.84
3.559	5.74	15.84
3.560	5.74	15.84
3.563	5.73	15.84
3.567	5.74	15.84
3.569	5.74	15.84
3.569	5.76	15.84
3.569	5.73	15.85
3.569	5.73	15.84
3.569	5.71	15.84
3.569	5.69	15.84
3.569	5.70	15.85
3.569	5.66	15.85
3.569	5.64	15.85
3.569	5.63	15.85
3.569	5.61	15.85
3.569	5.62	15.85
3.569	5.61	15.85
3.569	5.63	15.85
3.569	5.62	15.85
3.569	5.59	15.85
3.569	5.62	15.85
3.569	5.61	15.85
3.569	5.61	15.85
3.569	5.59	15.85
3.569	5.60	15.85
3.569	5.56	15.85
3.569	5.57	15.85
3.569	5.56	15.85
3.569	5.55	15.85
3.569	5.55	15.85
3.569	5.55	15.85
3.569	5.56	15.85
3.569	5.55	15.85
3.569	5.55	15.85
3.569	5.54	15.85
3.569	5.56	15.85
3.569	5.54	15.85
3.569	5.54	15.85
3.569	5.50	15.85
3.569	5.49	15.85
3.569	5.49	15.85
3.569	5.50	15.85
3.569	5.49	15.85
3.569	5.47	15.85
3.569	5.45	15.85
3.569	5.44	15.85
3.569	5.43	15.85
3.569	5.42	15.85
3.569	5.41	15.85
3.569	5.43	15.85
3.569	5.42	15.85
3.569	5.44	15.85
3.569	5.43	15.85
3.569	5.42	15.85
3.569	5.44	15.85
3.569	5.42	15.85
3.569	5.43	15.85
3.569	5.42	15.85
3.569	5.42	15.85
3.569	5.42	15.85
3.569	5.41	15.85
3.569	5.42	15.85
3.569	5.43	15.85
3.569	5.42	15.85
3.569	5.41	15.85
3.569	5.43	15.85
3.569	5.40	15.85
3.569	5.42	15.85
3.569	5.42	15.85
3.569	5.41	15.85
3.569	5.41	15.85
3.569	5.42	15.85
3.569	5.42	15.85
3.569	5.44	15.85
3.569	5.42	15.85
