3.568	4.73	15.38
3.568	4.69	15.38
3.568	4.75	15.38
3.568	4.75	15.38
3.568	4.66	15.38
3.568	4.83	15.38
3.568	4.67	15.38
3.568	4.74	15.38
3.568	4.68	15.38
3.568	4.59	15.38
3.568	4.71	15.38
3.568	4.69	15.38
3.568	4.70	15.38
3.568	4.70	15.38
3.568	4.64	15.38
3.568	4.70	15.38
3.568	4.76	15.38
3.568	4.71	15.38
3.568	4.72	15.38
3.568	4.68	15.38
3.568	4.65	15.38
3.568	4.73	15.38
3.568	4.71	15.38
3.568	4.71	15.38
3.568	4.83	15.38
3.568	4.79	15.38
3.568	4.72	15.38
3.568	4.75	15.38
3.568	4.67	15.38
3.568	4.75	15.38
3.568	4.74	15.38
3.568	4.68	15.38
3.568	4.72	15.38
3.568	4.73	15.38
3.568	4.56	15.38
3.568	4.70	15.38
3.568	4.72	15.38
3.568	4.72	15.38
3.568	4.82	15.38
3.568	4.78	15.38
3.568	4.69	15.38
3.568	4.69	15.38
3.568	4.64	15.38
3.568	4.55	15.38
3.568	4.73	15.38
3.568	4.74	15.38
3.568	4.71	15.38
3.568	4.72	15.38
3.568	4.52	15.38
3.568	4.75	15.38
3.568	4.68	15.38
3.568	4.81	15.38
3.568	4.72	15.38
3.568	4.62	15.38
3.568	4.72	15.38
3.568	4.73	15.38
3.568	4.59	15.38
3.568	4.86	15.38
3.568	4.63	15.38
3.568	4.72	15.38
3.568	4.71	15.38
3.568	4.72	15.38
3.568	4.48	15.38
3.568	4.73	15.38
3.568	4.77	15.38
3.568	4.76	15.38
3.568	4.73	15.38
3.568	4.64	15.38
3.568	4.67	15.38
3.568	4.73	15.38
3.568	4.70	15.38
3.568	4.68	15.38
3.568	4.71	15.38
3.568	4.72	15.38
3.568	4.73	15.38
3.568	4.70	15.38
3.568	4.87	15.38
3.568	4.77	15.38
3.568	4.72	15.38
3.568	4.76	15.38
3.568	4.79	15.38
3.568	4.71	15.38
3.568	4.72	15.38
3.568	4.71	15.38
3.568	4.83	15.38
3.568	4.68	15.38
3.568	4.78	15.38
3.568	4.72	15.38
3.568	4.76	15.38
3.568	4.64	15.38
3.568	4.74	15.38
3.568	4.72	15.38
3.568	4.66	15.38
3.568	4.73	15.38
3.568	4.61	15.38
3.568	4.78	15.38
3.568	4.72	15.38
3.568	4.75	15.38
3.568	4.86	15.38
3.568	4.76	15.38
3.568	4.77	15.38
3.568	4.79	15.38
3.568	4.79	15.38
3.568	4.86	15.38
3.568	4.80	15.38
3.568	4.70	15.38
3.568	4.72	15.38
3.568	4.78	15.38
3.568	4.59	15.38
3.568	4.64	15.38
3.568	4.79	15.38
3.568	4.90	15.38
3.568	4.90	15.38
3.568	4.83	15.38
3.568	4.92	15.38
3.568	4.93	15.38
3.568	4.89	15.38
3.568	4.96	15.38
3.568	5.04	15.38
3.568	4.96	15.38
3.568	4.94	15.38
3.568	4.93	15.38
3.568	4.83	15.38
3.568	4.96	15.38
3.568	4.91	15.38
3.568	4.96	15.38
3.568	4.99	15.38
3.568	5.06	15.38
3.568	5.09	15.38
3.568	5.01	15.38
3.568	4.98	15.38
3.568	5.10	15.38
3.568	5.09	15.38
3.568	5.08	15.38
3.568	5.05	15.38
3.568	5.09	15.38
3.568	5.04	15.38
3.568	5.00	15.38
3.568	5.03	15.38
3.568	5.04	15.38
3.568	5.10	15.38
3.568	5.06	15.38
3.568	5.11	15.38
3.568	5.13	15.38
3.568	5.14	15.38
3.568	5.14	15.38
3.568	5.14	15.38
3.568	5.14	15.38
3.568	5.21	15.38
3.568	5.21	15.38
3.568	5.24	15.38
3.568	5.23	15.38
3.568	5.22	15.38
3.568	5.23	15.38
3.568	5.26	15.38
3.568	5.22	15.38
3.568	5.25	15.38
3.568	5.25	15.38
3.568	5.26	15.38
3.568	5.26	15.38
3.568	5.24	15.38
3.568	5.27	15.38
3.568	5.29	15.38
3.568	5.28	15.38
3.568	5.28	15.38
3.568	5.29	15.38
3.568	5.28	15.38
3.568	5.29	15.38
3.568	5.29	15.38
3.568	5.27	15.38
3.568	5.29	15.38
3.568	5.30	15.38
3.568	5.32	15.38
3.568	5.35	15.38
3.568	5.33	15.38
3.568	5.32	15.38
3.568	5.34	15.39
3.568	5.35	15.39
3.568	5.38	15.38
3.568	5.36	15.39
3.568	5.38	15.38
3.568	5.40	15.39
3.568	5.40	15.39
3.568	5.43	15.39
3.568	5.43	15.39
3.568	5.40	15.39
3.568	5.40	15.39
3.568	5.40	15.39
3.568	5.42	15.39
3.568	5.42	15.39
3.568	5.43	15.39
3.568	5.45	15.39
3.568	5.43	15.39
3.568	5.42	15.39
3.568	5.45	15.39
3.568	5.43	15.39
3.568	5.42	15.39
3.568	5.46	15.39
3.568	5.47	15.39
3.568	5.46	15.39
3.568	5.46	15.39
3.568	5.48	15.39
3.568	5.46	15.39
3.568	5.47	15.39
3.568	5.48	15.39
3.568	5.47	15.39
3.568	5.52	15.39
3.568	5.52	15.39
3.568	5.51	15.39
3.568	5.53	15.39
3.568	5.51	15.39
3.568	5.54	15.39
3.568	5.55	15.39
3.568	5.54	15.39
3.568	5.54	15.39
3.568	5.54	15.39
3.568	5.56	15.39
3.568	5.54	15.39
3.568	5.56	15.39
3.568	5.56	15.39
3.568	5.58	15.39
3.568	5.59	15.39
3.568	5.59	15.39
3.568	5.60	15.39
3.568	5.60	15.39
3.568	5.61	15.39
3.568	5.58	15.39
3.568	5.61	15.39
3.568	5.59	15.39
3.568	5.60	15.39
3.568	5.60	15.39
3.568	5.61	15.39
3.568	5.63	15.39
3.568	5.62	15.39
3.568	5.62	15.39
3.568	5.62	15.39
3.568	5.63	15.39
3.568	5.63	15.39
3.568	5.63	15.39
3.568	5.62	15.39
3.568	5.63	15.39
3.567	5.65	15.39
3.565	5.65	15.39
3.564	5.64	15.39
3.563	5.65	15.39
3.561	5.65	15.39
3.560	5.65	15.39
3.558	5.66	15.39
3.556	5.66	15.39
3.554	5.70	15.39
3.551	5.70	15.39
3.549	5.75	15.39
3.548	5.75	15.39
3.546	5.75	15.39
3.543	5.76	15.39
3.540	5.77	15.39
3.537	5.77	15.39
3.536	5.79	15.39
3.534	5.81	15.39
3.532	5.77	15.39
3.529	5.79	15.39
3.527	5.79	15.39
3.525	5.77	15.39
3.524	5.79	15.39
3.522	5.80	15.39
3.519	5.80	15.39
3.516	5.80	15.39
3.514	5.84	15.39
3.512	5.82	15.39
3.510	5.81	15.39
3.508	5.82	15.39
3.505	5.81	15.39
3.504	5.85	15.39
3.502	5.85	15.39
3.501	5.83	15.39
3.499	5.83	15.39
3.497	5.83	15.39
3.494	5.85	15.39
3.492	5.85	15.39
3.489	5.86	15.39
3.486	5.86	15.39
3.485	5.85	15.39
3.484	5.87	15.39
3.483	5.84	15.39
3.481	5.85	15.39
3.480	5.87	15.39
3.479	5.84	15.39
3.478	5.85	15.39
3.477	5.88	15.39
3.476	5.87	15.39
3.474	5.87	15.39
3.473	5.90	15.39
3.471	5.88	15.39
3.470	5.89	15.39
3.468	5.88	15.39
3.466	5.93	15.39
3.463	5.90	15.39
3.462	5.90	15.39
3.461	5.91	15.39
3.460	5.90	15.39
3.457	5.92	15.39
3.452	5.92	15.39
3.451	5.91	15.39
3.450	5.93	15.39
3.448	5.91	15.39
3.446	5.90	15.39
3.443	5.92	15.39
3.440	5.92	15.39
3.438	5.92	15.39
3.438	5.91	15.39
3.437	5.94	15.39
3.435	5.94	15.39
3.434	5.94	15.39
3.433	5.98	15.39
3.431	5.95	15.39
3.429	5.96	15.39
3.428	5.99	15.39
3.427	5.95	15.39
3.426	5.95	15.39
3.426	5.96	15.39
3.425	6.00	15.39
3.422	6.00	15.39
3.415	5.96	15.39
3.410	5.98	15.39
3.408	5.98	15.39
3.408	5.98	15.39
3.407	5.98	15.39
3.405	6.00	15.39
3.404	6.01	15.39
3.402	6.04	15.39
3.400	5.99	15.39
3.398	6.05	15.39
3.395	6.01	15.39
3.393	6.03	15.39
3.390	6.02	15.39
3.387	6.05	15.39
3.385	6.03	15.39
3.383	6.04	15.39
3.380	6.05	15.39
3.378	6.09	15.39
3.376	6.09	15.39
3.376	6.07	15.39
3.374	6.07	15.39
3.374	6.05	15.39
3.373	6.06	15.39
3.371	6.09	15.39
3.370	6.07	15.39
3.368	6.06	15.39
3.368	6.03	15.39
3.367	6.11	15.39
3.366	6.06	15.39
3.364	6.08	15.39
3.363	6.08	15.39
3.362	6.08	15.39
3.361	6.10	15.39
3.359	6.08	15.39
3.358	6.10	15.39
3.356	6.08	15.39
3.354	6.09	15.39
3.353	6.08	15.39
3.351	6.11	15.39
3.348	6.12	15.39
3.346	6.13	15.39
3.345	6.16	15.39
3.344	6.13	15.39
3.343	6.11	15.39
3.341	6.12	15.39
3.339	6.13	15.39
3.336	6.13	15.39
3.333	6.14	15.39
3.330	6.14	15.39
3.329	6.15	15.39
3.327	6.18	15.39
3.323	6.17	15.39
3.321	6.16	15.39
3.318	6.20	15.39
3.314	6.24	15.39
3.311	6.26	15.39
3.310	6.22	15.39
3.308	6.24	15.39
3.306	6.25	15.39
3.303	6.26	15.39
3.300	6.25	15.39
3.298	6.27	15.39
3.296	6.28	15.39
3.295	6.29	15.39
3.294	6.28	15.39
3.292	6.28	15.39
3.291	6.29	15.39
3.290	6.29	15.39
3.288	6.29	15.39
3.287	6.28	15.39
3.285	6.29	15.39
3.283	6.29	15.39
3.282	6.31	15.39
3.281	6.31	15.39
3.279	6.32	15.39
3.277	6.31	15.39
3.276	6.32	15.39
3.274	6.32	15.39
3.273	6.30	15.39
3.271	6.30	15.39
3.269	6.32	15.39
3.267	6.31	15.39
3.266	6.32	15.39
3.263	6.34	15.39
3.261	6.34	15.39
3.260	6.34	15.39
3.259	6.34	15.39
3.258	6.34	15.39
3.257	6.34	15.39
3.256	6.34	15.39
3.255	6.34	15.39
3.254	6.35	15.39
3.252	6.37	15.39
3.250	6.36	15.39
3.247	6.36	15.39
3.245	6.38	15.39
3.243	6.38	15.39
3.242	6.36	15.39
3.241	6.37	15.39
3.239	6.36	15.39
3.237	6.39	15.39
3.235	6.41	15.39
3.233	6.40	15.39
3.231	6.39	15.39
3.230	6.42	15.39
3.228	6.41	15.39
3.220	6.40	15.39
3.215	6.41	15.39
3.214	6.42	15.39
3.214	6.42	15.39
3.213	6.42	15.39
3.212	6.43	15.39
3.211	6.40	15.39
3.209	6.42	15.39
3.206	6.43	15.39
3.201	6.44	15.39
3.197	6.46	15.39
3.195	6.46	15.39
3.193	6.47	15.39
3.192	6.46	15.39
3.189	6.49	15.39
3.187	6.51	15.39
3.184	6.50	15.39
3.182	6.51	15.39
3.179	6.50	15.39
3.177	6.51	15.39
3.175	6.52	15.39
3.174	6.52	15.39
3.173	6.51	15.39
3.171	6.54	15.39
3.169	6.54	15.39
3.167	6.54	15.39
3.166	6.55	15.39
3.165	6.55	15.39
3.164	6.57	15.39
3.162	6.57	15.39
3.161	6.57	15.39
3.160	6.57	15.39
3.158	6.58	15.39
3.157	6.60	15.39
3.154	6.62	15.39
3.151	6.61	15.39
3.148	6.61	15.39
3.146	6.60	15.39
3.144	6.62	15.39
3.142	6.61	15.39
3.139	6.60	15.39
3.138	6.62	15.39
3.135	6.62	15.39
3.133	6.62	15.39
3.130	6.64	15.39
3.124	6.67	15.39
3.119	6.65	15.39
3.115	6.66	15.39
3.113	6.69	15.39
3.112	6.70	15.39
3.111	6.71	15.39
3.110	6.70	15.39
3.107	6.71	15.39
3.104	6.73	15.39
3.102	6.75	15.39
3.101	6.76	15.39
3.100	6.74	15.39
3.098	6.75	15.39
3.097	6.76	15.39
3.095	6.75	15.39
3.095	6.77	15.39
3.094	6.77	15.39
3.092	6.76	15.39
3.090	6.76	15.39
3.089	6.78	15.39
3.088	6.80	15.39
3.086	6.80	15.39
3.085	6.80	15.39
3.083	6.82	15.39
3.082	6.82	15.39
3.081	6.84	15.39
3.079	6.83	15.39
3.078	6.81	15.39
3.076	6.84	15.39
3.074	6.83	15.39
3.073	6.84	15.39
3.072	6.83	15.39
3.072	6.85	15.39
3.071	6.86	15.39
3.071	6.86	15.39
3.071	6.87	15.39
3.070	6.86	15.39
3.069	6.85	15.39
3.068	6.86	15.39
3.068	6.86	15.39
3.067	6.87	15.39
3.064	6.88	15.39
3.062	6.93	15.39
3.060	6.92	15.39
3.058	6.91	15.39
3.056	6.92	15.39
3.054	6.91	15.39
3.053	6.93	15.39
3.051	6.92	15.39
3.049	6.92	15.39
3.047	6.93	15.39
3.045	6.94	15.39
3.043	6.94	15.39
3.042	6.92	15.39
3.042	6.95	15.39
3.041	6.95	15.39
3.038	6.96	15.39
3.034	6.96	15.39
3.030	6.98	15.39
3.027	6.96	15.39
3.023	6.97	15.39
3.018	6.99	15.39
3.014	7.00	15.39
3.011	6.98	15.39
3.010	6.98	15.39
3.009	7.00	15.39
3.007	7.03	15.39
3.006	7.02	15.39
3.004	7.03	15.39
3.003	7.05	15.39
3.001	7.04	15.39
2.998	7.04	15.39
2.996	7.05	15.39
2.995	7.04	15.39
2.994	7.03	15.39
2.994	7.08	15.39
2.993	7.07	15.39
2.992	7.07	15.39
2.991	7.08	15.39
2.989	7.07	15.39
2.987	7.06	15.39
2.987	7.06	15.39
2.986	7.06	15.39
2.986	7.08	15.39
2.985	7.08	15.39
2.984	7.09	15.39
2.982	7.08	15.39
2.980	7.10	15.39
2.979	7.11	15.39
2.977	7.11	15.39
2.976	7.11	15.39
2.975	7.11	15.39
2.974	7.12	15.39
2.973	7.11	15.39
2.971	7.11	15.39
2.969	7.14	15.39
2.967	7.12	15.39
2.965	7.14	15.39
2.963	7.13	15.39
2.961	7.13	15.39
2.960	7.15	15.39
2.959	7.14	15.39
2.957	7.15	15.39
2.956	7.15	15.39
2.954	7.17	15.39
2.953	7.17	15.39
2.952	7.18	15.39
2.951	7.19	15.39
2.948	7.21	15.39
2.944	7.21	15.39
2.942	7.22	15.39
2.942	7.21	15.39
2.942	7.22	15.39
2.942	7.22	15.39
2.941	7.23	15.39
2.939	7.24	15.39
2.937	7.21	15.39
2.935	7.24	15.39
2.934	7.23	15.39
2.933	7.24	15.39
2.931	7.27	15.39
2.929	7.28	15.39
2.928	7.26	15.39
2.926	7.28	15.39
2.925	7.27	15.39
2.924	7.30	15.40
2.923	7.28	15.39
2.922	7.28	15.39
2.921	7.27	15.39
2.921	7.28	15.40
2.921	7.30	15.40
2.919	7.31	15.39
2.918	7.31	15.40
2.916	7.31	15.40
2.916	7.31	15.39
2.916	7.31	15.40
2.915	7.31	15.40
2.914	7.31	15.40
2.913	7.30	15.40
2.912	7.30	15.40
2.911	7.31	15.40
2.911	7.31	15.40
2.910	7.31	15.40
2.909	7.31	15.40
2.908	7.32	15.40
2.907	7.31	15.40
2.906	7.32	15.40
2.905	7.31	15.40
2.904	7.32	15.40
2.902	7.32	15.40
2.901	7.32	15.40
2.899	7.33	15.40
2.898	7.34	15.40
2.897	7.33	15.40
2.896	7.34	15.40
2.896	7.34	15.40
2.895	7.36	15.40
2.895	7.32	15.40
2.894	7.35	15.40
2.893	7.35	15.40
2.892	7.36	15.40
2.892	7.38	15.40
2.891	7.39	15.40
2.890	7.36	15.40
2.890	7.35	15.40
2.888	7.35	15.40
2.887	7.36	15.40
2.886	7.36	15.40
2.884	7.37	15.40
2.883	7.39	15.40
2.881	7.42	15.40
2.879	7.44	15.40
2.877	7.44	15.40
2.875	7.44	15.40
2.873	7.45	15.40
2.872	7.43	15.40
2.872	7.45	15.40
2.870	7.44	15.40
2.868	7.44	15.40
2.868	7.47	15.40
2.867	7.45	15.40
2.867	7.46	15.40
2.867	7.46	15.40
2.867	7.48	15.40
2.866	7.46	15.40
2.865	7.47	15.40
2.865	7.47	15.40
2.865	7.47	15.40
2.864	7.47	15.40
2.863	7.47	15.40
2.860	7.47	15.40
2.858	7.48	15.40
2.856	7.47	15.40
2.855	7.50	15.40
2.853	7.50	15.40
2.851	7.49	15.40
2.849	7.49	15.40
2.848	7.50	15.40
2.847	7.49	15.40
2.846	7.49	15.40
2.846	7.49	15.40
2.844	7.51	15.40
2.843	7.52	15.40
2.842	7.53	15.40
2.840	7.53	15.40
2.839	7.52	15.40
2.837	7.52	15.40
2.836	7.53	15.40
2.835	7.52	15.40
2.835	7.50	15.40
2.834	7.51	15.40
2.834	7.50	15.40
2.833	7.50	15.40
2.832	7.50	15.40
2.831	7.51	15.40
2.830	7.50	15.40
2.828	7.52	15.40
2.827	7.51	15.40
2.827	7.53	15.40
2.826	7.52	15.40
2.825	7.53	15.40
2.824	7.53	15.40
2.823	7.54	15.40
2.822	7.53	15.40
2.821	7.54	15.40
2.819	7.55	15.40
2.818	7.56	15.40
2.817	7.54	15.40
2.816	7.58	15.40
2.815	7.54	15.40
2.814	7.56	15.40
2.813	7.55	15.40
2.812	7.55	15.40
2.812	7.55	15.40
2.811	7.57	15.40
2.809	7.59	15.40
2.808	7.59	15.40
2.807	7.61	15.40
2.805	7.62	15.40
2.804	7.62	15.40
2.803	7.64	15.40
2.802	7.66	15.40
2.801	7.64	15.40
2.800	7.65	15.40
2.799	7.65	15.40
2.798	7.65	15.40
2.797	7.67	15.40
2.796	7.66	15.40
2.796	7.67	15.40
2.795	7.66	15.40
2.794	7.67	15.40
2.793	7.66	15.40
2.792	7.67	15.40
2.791	7.67	15.40
2.790	7.66	15.40
2.790	7.68	15.40
2.789	7.69	15.40
2.788	7.67	15.40
2.787	7.67	15.40
2.787	7.68	15.40
2.787	7.67	15.40
2.786	7.69	15.40
2.785	7.69	15.40
2.784	7.70	15.40
2.784	7.69	15.40
2.783	7.69	15.40
2.782	7.69	15.40
2.780	7.71	15.40
2.778	7.70	15.40
2.777	7.70	15.40
2.776	7.71	15.40
2.776	7.70	15.40
2.775	7.72	15.40
2.775	7.73	15.40
2.774	7.72	15.40
2.773	7.73	15.40
2.771	7.75	15.40
2.770	7.74	15.40
2.769	7.76	15.40
2.768	7.76	15.40
2.768	7.75	15.40
2.767	7.75	15.40
2.766	7.78	15.40
2.766	7.77	15.40
2.765	7.77	15.40
2.764	7.77	15.40
2.764	7.77	15.40
2.763	7.77	15.40
2.762	7.77	15.40
2.761	7.77	15.40
2.759	7.77	15.40
2.758	7.77	15.40
2.757	7.77	15.40
2.757	7.78	15.40
2.756	7.77	15.40
2.755	7.78	15.40
2.754	7.77	15.40
2.754	7.78	15.40
2.752	7.78	15.40
2.751	7.80	15.40
2.750	7.79	15.40
2.749	7.80	15.40
2.748	7.79	15.40
2.747	7.78	15.40
2.746	7.82	15.40
2.746	7.79	15.40
2.745	7.81	15.40
2.745	7.82	15.40
2.744	7.81	15.40
2.742	7.81	15.40
2.741	7.82	15.40
2.740	7.84	15.40
2.738	7.83	15.40
2.737	7.84	15.40
2.736	7.83	15.40
2.735	7.84	15.40
2.735	7.84	15.40
2.734	7.83	15.40
2.733	7.84	15.40
2.731	7.85	15.40
2.730	7.85	15.40
2.729	7.85	15.40
2.725	7.85	15.40
2.722	7.85	15.40
2.721	7.85	15.40
2.720	7.85	15.40
2.718	7.87	15.40
2.715	7.88	15.40
2.714	7.87	15.40
2.712	7.88	15.40
2.712	7.88	15.40
2.711	7.87	15.40
2.709	7.88	15.40
2.706	7.92	15.40
2.704	7.90	15.40
2.702	7.90	15.40
2.702	7.91	15.40
2.701	7.92	15.40
2.699	7.93	15.40
2.698	7.93	15.40
2.697	7.94	15.40
2.696	7.97	15.40
2.694	7.95	15.40
2.693	7.95	15.40
2.691	8.00	15.40
2.690	7.98	15.40
2.689	7.98	15.40
2.687	7.98	15.40
2.685	7.98	15.40
2.684	8.00	15.40
2.683	7.99	15.40
2.682	8.01	15.40
2.681	7.98	15.40
2.680	8.00	15.40
2.679	7.99	15.40
2.678	8.02	15.40
2.677	8.03	15.40
2.676	8.06	15.40
2.675	8.03	15.40
2.673	8.06	15.40
2.673	8.05	15.40
2.672	8.07	15.40
2.672	8.08	15.40
2.671	8.08	15.40
2.671	8.07	15.40
2.669	8.11	15.40
2.667	8.11	15.40
2.664	8.10	15.40
2.662	8.11	15.40
2.660	8.14	15.40
2.659	8.13	15.40
2.658	8.13	15.40
2.658	8.14	15.40
2.658	8.12	15.40
2.657	8.12	15.40
2.657	8.16	15.40
2.655	8.16	15.40
2.648	8.18	15.40
2.644	8.18	15.40
2.643	8.19	15.40
2.643	8.18	15.40
2.643	8.18	15.40
2.643	8.19	15.40
2.641	8.22	15.40
2.639	8.21	15.40
2.638	8.23	15.40
2.636	8.22	15.40
2.635	8.21	15.40
2.633	8.19	15.40
2.631	8.24	15.40
2.630	8.24	15.40
2.630	8.24	15.40
2.629	8.25	15.40
2.628	8.27	15.40
2.626	8.27	15.40
2.625	8.26	15.40
2.624	8.28	15.40
2.623	8.29	15.40
2.622	8.31	15.40
2.620	8.31	15.40
2.619	8.32	15.40
2.618	8.32	15.40
2.616	8.34	15.40
2.615	8.34	15.40
2.613	8.33	15.40
2.611	8.32	15.40
2.610	8.33	15.40
2.607	8.34	15.40
2.605	8.34	15.40
2.604	8.38	15.40
2.602	8.38	15.40
2.601	8.38	15.40
2.600	8.38	15.40
2.599	8.38	15.40
2.599	8.39	15.40
2.598	8.40	15.40
2.598	8.38	15.40
2.597	8.38	15.40
2.597	8.38	15.40
2.597	8.38	15.40
2.595	8.39	15.40
2.594	8.37	15.40
2.592	8.39	15.40
2.590	8.40	15.40
2.589	8.40	15.40
2.588	8.39	15.40
2.586	8.40	15.40
2.584	8.42	15.40
2.582	8.47	15.40
2.581	8.47	15.40
2.579	8.45	15.40
2.578	8.48	15.40
2.576	8.48	15.40
2.575	8.48	15.40
2.574	8.49	15.40
2.571	8.51	15.40
2.569	8.53	15.40
2.567	8.50	15.40
2.567	8.51	15.40
2.566	8.51	15.40
2.565	8.50	15.40
2.565	8.49	15.40
2.564	8.49	15.40
2.563	8.50	15.40
2.562	8.51	15.40
2.560	8.50	15.40
2.559	8.49	15.40
2.558	8.49	15.40
2.557	8.49	15.40
2.555	8.49	15.40
2.554	8.51	15.40
2.553	8.52	15.40
2.552	8.52	15.40
2.551	8.52	15.40
2.550	8.52	15.40
2.550	8.52	15.40
2.549	8.53	15.40
2.548	8.52	15.40
2.547	8.53	15.40
2.546	8.54	15.40
2.545	8.53	15.40
2.545	8.55	15.40
2.544	8.55	15.40
2.542	8.54	15.40
2.541	8.55	15.40
2.541	8.55	15.40
2.540	8.54	15.40
2.540	8.56	15.40
2.539	8.55	15.40
2.538	8.57	15.40
2.537	8.56	15.40
2.536	8.55	15.40
2.535	8.58	15.40
2.533	8.56	15.40
2.532	8.57	15.40
2.532	8.56	15.40
2.532	8.56	15.40
2.532	8.56	15.40
2.532	8.57	15.40
2.531	8.57	15.40
2.531	8.57	15.40
2.531	8.58	15.40
2.530	8.58	15.41
2.530	8.57	15.41
2.529	8.58	15.40
2.529	8.59	15.41
2.529	8.58	15.41
2.524	8.59	15.41
2.520	8.60	15.41
2.519	8.60	15.41
2.519	8.58	15.41
2.519	8.59	15.40
2.516	8.62	15.40
2.513	8.65	15.41
2.512	8.67	15.41
2.511	8.68	15.41
2.510	8.70	15.41
2.509	8.71	15.41
2.508	8.71	15.41
2.507	8.70	15.41
2.506	8.72	15.41
2.504	8.71	15.41
2.503	8.71	15.41
2.502	8.70	15.41
2.501	8.70	15.41
2.499	8.71	15.41
2.498	8.73	15.41
2.498	8.72	15.41
2.497	8.72	15.41
2.496	8.73	15.41
2.494	8.73	15.41
2.493	8.74	15.41
2.492	8.74	15.41
2.491	8.73	15.41
2.489	8.72	15.41
2.488	8.73	15.41
2.486	8.72	15.41
2.485	8.74	15.41
2.484	8.74	15.41
2.483	8.76	15.41
2.482	8.76	15.41
2.481	8.77	15.41
2.480	8.77	15.41
2.478	8.76	15.41
2.476	8.78	15.41
2.475	8.77	15.41
2.474	8.79	15.41
2.472	8.80	15.41
2.470	8.79	15.41
2.468	8.81	15.41
2.467	8.80	15.41
2.467	8.81	15.41
2.465	8.83	15.41
2.464	8.81	15.41
2.463	8.80	15.41
2.462	8.82	15.41
2.459	8.83	15.41
2.457	8.85	15.41
2.454	8.85	15.41
2.452	8.87	15.41
2.451	8.86	15.41
2.450	8.87	15.41
2.449	8.88	15.41
2.447	8.88	15.41
2.446	8.89	15.41
2.444	8.88	15.41
2.443	8.89	15.41
2.441	8.89	15.41
2.440	8.88	15.41
2.438	8.89	15.41
2.437	8.89	15.41
2.435	8.89	15.41
2.434	8.89	15.41
2.433	8.90	15.41
2.432	8.90	15.41
2.431	8.89	15.41
2.429	8.91	15.41
2.428	8.91	15.41
2.426	8.91	15.41
2.425	8.92	15.41
2.424	8.92	15.41
2.423	8.92	15.41
2.421	8.94	15.41
2.419	8.95	15.41
2.417	8.95	15.41
2.414	8.96	15.41
2.411	8.97	15.41
2.410	8.97	15.41
2.409	9.00	15.41
2.406	9.00	15.41
2.404	9.00	15.41
2.403	9.01	15.41
2.402	9.00	15.41
2.401	9.02	15.41
2.399	9.03	15.41
2.397	9.04	15.41
2.396	9.06	15.41
2.395	9.07	15.41
2.394	9.06	15.41
2.394	9.06	15.41
2.393	9.06	15.41
2.392	9.07	15.41
2.391	9.09	15.41
2.390	9.08	15.41
2.389	9.07	15.41
2.389	9.08	15.41
2.388	9.09	15.41
2.388	9.09	15.41
2.388	9.09	15.41
2.388	9.10	15.41
2.387	9.09	15.41
2.387	9.07	15.41
2.386	9.06	15.41
2.385	9.06	15.41
2.385	9.05	15.41
2.383	9.06	15.41
2.381	9.06	15.41
2.379	9.06	15.41
2.378	9.07	15.41
2.376	9.06	15.41
2.374	9.07	15.41
2.372	9.08	15.41
2.370	9.07	15.41
2.368	9.10	15.41
2.366	9.10	15.41
2.365	9.08	15.41
2.363	9.11	15.41
2.360	9.13	15.41
2.356	9.12	15.41
2.352	9.15	15.41
2.350	9.15	15.41
2.348	9.15	15.41
2.345	9.16	15.41
2.343	9.17	15.41
2.341	9.19	15.41
2.340	9.18	15.41
2.339	9.19	15.41
2.338	9.20	15.41
2.337	9.21	15.41
2.336	9.23	15.41
2.336	9.24	15.41
2.335	9.24	15.41
2.334	9.26	15.41
2.333	9.29	15.41
2.332	9.32	15.41
2.330	9.33	15.41
2.329	9.34	15.41
2.327	9.35	15.41
2.325	9.36	15.41
2.323	9.36	15.41
2.321	9.37	15.41
2.320	9.37	15.41
2.319	9.37	15.41
2.318	9.37	15.41
2.317	9.37	15.41
2.316	9.38	15.41
2.314	9.39	15.41
2.313	9.39	15.41
2.312	9.40	15.41
2.311	9.40	15.41
2.310	9.41	15.41
2.309	9.41	15.41
2.308	9.41	15.41
2.306	9.42	15.41
2.305	9.43	15.41
2.304	9.43	15.41
2.303	9.44	15.41
2.301	9.44	15.41
2.299	9.44	15.41
2.298	9.45	15.41
2.297	9.45	15.41
2.296	9.45	15.41
2.295	9.45	15.41
2.294	9.46	15.41
2.292	9.47	15.41
2.290	9.49	15.41
2.288	9.49	15.41
2.287	9.50	15.41
2.287	9.50	15.41
2.286	9.50	15.41
2.284	9.51	15.41
2.283	9.53	15.41
2.281	9.55	15.41
2.281	9.56	15.41
2.280	9.56	15.41
2.278	9.57	15.41
2.276	9.58	15.41
2.274	9.59	15.41
2.272	9.60	15.41
2.270	9.61	15.41
2.269	9.62	15.41
2.268	9.62	15.41
2.267	9.63	15.41
2.266	9.63	15.41
2.264	9.64	15.41
2.263	9.65	15.41
2.263	9.65	15.41
2.263	9.65	15.41
2.262	9.65	15.41
2.261	9.66	15.41
2.261	9.66	15.41
2.260	9.67	15.41
2.259	9.68	15.41
2.257	9.68	15.41
2.256	9.68	15.41
2.254	9.69	15.41
2.251	9.71	15.41
2.249	9.72	15.41
2.246	9.74	15.41
2.243	9.74	15.41
2.242	9.74	15.41
2.242	9.75	15.41
2.241	9.76	15.41
2.239	9.77	15.41
2.238	9.77	15.41
2.237	9.77	15.41
2.235	9.78	15.41
2.233	9.79	15.41
2.231	9.80	15.41
2.230	9.80	15.41
2.229	9.81	15.41
2.228	9.82	15.41
2.227	9.83	15.41
2.226	9.85	15.41
2.225	9.85	15.41
2.224	9.85	15.41
2.222	9.86	15.41
2.221	9.87	15.41
2.220	9.88	15.41
2.219	9.89	15.41
2.217	9.90	15.41
2.215	9.91	15.41
2.212	9.93	15.41
2.210	9.94	15.41
2.207	9.95	15.41
2.205	9.97	15.41
2.204	9.97	15.41
2.202	9.99	15.41
2.201	9.99	15.41
2.201	9.99	15.41
2.199	10.00	15.41
2.197	10.01	15.41
2.194	10.02	15.41
2.192	10.03	15.41
2.191	10.04	15.41
2.189	10.05	15.41
2.187	10.07	15.41
2.185	10.07	15.41
2.184	10.07	15.41
2.183	10.08	15.41
2.182	10.08	15.41
2.181	10.09	15.41
2.179	10.10	15.41
2.178	10.10	15.41
2.177	10.11	15.41
2.175	10.12	15.41
2.173	10.13	15.41
2.172	10.13	15.41
2.171	10.14	15.41
2.169	10.15	15.41
2.167	10.15	15.41
2.165	10.16	15.41
2.164	10.17	15.41
2.162	10.18	15.41
2.161	10.18	15.41
2.160	10.20	15.41
2.159	10.20	15.41
2.159	10.20	15.41
2.157	10.20	15.41
2.156	10.21	15.41
2.155	10.22	15.41
2.154	10.22	15.41
2.153	10.22	15.41
2.152	10.22	15.41
2.151	10.24	15.41
2.150	10.24	15.41
2.149	10.24	15.41
2.149	10.24	15.41
2.148	10.25	15.41
2.147	10.25	15.41
2.147	10.26	15.41
2.146	10.26	15.41
2.146	10.26	15.41
2.145	10.26	15.41
2.144	10.27	15.41
2.144	10.27	15.41
2.143	10.27	15.41
2.142	10.28	15.41
2.142	10.29	15.41
2.141	10.28	15.41
2.140	10.29	15.41
2.140	10.30	15.41
2.139	10.30	15.41
2.138	10.31	15.41
2.138	10.31	15.41
2.137	10.32	15.41
2.136	10.32	15.41
2.135	10.33	15.41
2.135	10.33	15.41
2.134	10.34	15.41
2.133	10.34	15.41
2.132	10.35	15.41
2.131	10.36	15.41
2.130	10.36	15.41
2.129	10.37	15.41
2.128	10.38	15.41
2.127	10.39	15.41
2.125	10.40	15.41
2.124	10.40	15.41
2.123	10.41	15.41
2.122	10.43	15.41
2.121	10.43	15.41
2.121	10.42	15.41
2.121	10.43	15.41
2.121	10.43	15.41
2.120	10.45	15.41
2.119	10.45	15.41
2.118	10.44	15.41
2.116	10.45	15.41
2.115	10.45	15.41
2.114	10.46	15.41
2.113	10.46	15.41
2.113	10.47	15.41
2.112	10.47	15.41
2.111	10.48	15.41
2.110	10.49	15.41
2.110	10.50	15.41
2.109	10.50	15.41
2.109	10.51	15.41
2.108	10.51	15.41
2.107	10.51	15.41
2.106	10.52	15.41
2.106	10.52	15.41
2.105	10.52	15.41
2.104	10.53	15.41
2.103	10.54	15.41
2.102	10.54	15.41
2.101	10.54	15.41
2.100	10.55	15.41
2.099	10.56	15.41
2.097	10.57	15.41
2.096	10.57	15.41
2.095	10.57	15.41
2.094	10.57	15.41
2.092	10.58	15.41
2.090	10.58	15.41
2.089	10.59	15.41
2.088	10.60	15.41
2.086	10.61	15.41
2.085	10.62	15.41
2.084	10.62	15.41
2.084	10.63	15.41
2.081	10.64	15.41
2.079	10.65	15.41
2.077	10.66	15.41
2.075	10.67	15.41
2.074	10.67	15.41
2.074	10.67	15.41
2.074	10.68	15.41
2.073	10.68	15.41
2.073	10.68	15.41
2.072	10.68	15.41
2.072	10.69	15.41
2.071	10.69	15.41
2.071	10.70	15.41
2.070	10.70	15.41
2.069	10.71	15.41
2.068	10.71	15.41
2.068	10.72	15.41
2.067	10.72	15.41
2.066	10.72	15.41
2.066	10.73	15.41
2.064	10.72	15.41
2.064	10.73	15.41
2.063	10.74	15.41
2.062	10.74	15.41
2.061	10.74	15.41
2.060	10.76	15.41
2.059	10.76	15.41
2.059	10.77	15.41
2.058	10.77	15.41
2.057	10.78	15.41
2.056	10.78	15.41
2.055	10.79	15.41
2.054	10.80	15.41
2.054	10.80	15.41
2.053	10.81	15.41
2.052	10.80	15.41
2.051	10.82	15.41
2.051	10.82	15.41
2.050	10.84	15.41
2.049	10.84	15.41
2.047	10.84	15.41
2.047	10.85	15.41
2.046	10.85	15.41
2.045	10.85	15.41
2.044	10.87	15.41
2.043	10.88	15.41
2.042	10.90	15.41
2.041	10.90	15.41
2.040	10.90	15.41
2.040	10.90	15.41
2.040	10.91	15.41
2.039	10.91	15.41
2.038	10.92	15.41
2.037	10.94	15.41
2.036	10.93	15.41
2.036	10.93	15.41
2.035	10.94	15.41
2.034	10.95	15.41
2.033	10.95	15.41
2.032	10.96	15.41
2.031	10.97	15.41
2.031	10.98	15.41
2.030	10.98	15.41
2.029	10.99	15.41
2.028	10.98	15.41
2.028	10.99	15.41
2.026	11.01	15.41
2.025	11.01	15.41
2.025	11.02	15.41
2.024	11.02	15.41
2.023	11.02	15.41
2.022	11.02	15.41
2.021	11.03	15.41
2.020	11.04	15.41
2.019	11.04	15.41
2.018	11.05	15.41
2.017	11.04	15.41
2.016	11.05	15.41
2.015	11.05	15.41
2.014	11.05	15.41
2.013	11.05	15.41
2.012	11.06	15.41
2.012	11.07	15.41
2.011	11.08	15.41
2.010	11.08	15.41
2.010	11.08	15.41
2.009	11.07	15.41
2.009	11.09	15.41
2.008	11.09	15.41
2.008	11.09	15.42
2.007	11.11	15.42
2.006	11.10	15.42
2.006	11.11	15.42
2.005	11.10	15.42
2.005	11.11	15.42
2.005	11.11	15.42
2.003	11.12	15.42
2.003	11.13	15.42
2.002	11.13	15.42
2.001	11.15	15.42
2.000	11.14	15.42
1.999	11.15	15.42
1.999	11.16	15.42
1.998	11.16	15.42
1.997	11.15	15.42
1.996	11.17	15.42
1.995	11.16	15.42
1.995	11.18	15.42
1.994	11.17	15.42
1.993	11.18	15.42
1.992	11.19	15.42
1.991	11.19	15.42
1.991	11.19	15.42
1.990	11.19	15.42
1.989	11.21	15.42
1.989	11.21	15.42
1.988	11.22	15.42
1.987	11.22	15.42
1.987	11.23	15.42
1.986	11.22	15.42
1.985	11.22	15.42
1.985	11.23	15.42
1.985	11.23	15.42
1.984	11.24	15.42
1.983	11.25	15.42
1.983	11.24	15.42
1.982	11.25	15.42
1.981	11.25	15.42
1.981	11.27	15.42
1.981	11.27	15.42
1.980	11.27	15.42
1.980	11.27	15.42
1.979	11.27	15.42
1.978	11.28	15.42
1.978	11.28	15.42
1.978	11.29	15.42
1.977	11.29	15.42
1.976	11.31	15.42
1.976	11.31	15.42
1.975	11.30	15.42
1.974	11.31	15.42
1.974	11.32	15.42
1.973	11.33	15.42
1.972	11.33	15.42
1.971	11.33	15.42
1.971	11.34	15.42
1.970	11.34	15.42
1.969	11.34	15.42
1.969	11.34	15.42
1.968	11.36	15.42
1.967	11.37	15.42
1.967	11.37	15.42
1.966	11.37	15.42
1.966	11.38	15.42
1.965	11.38	15.42
1.965	11.38	15.42
1.965	11.38	15.42
1.964	11.39	15.42
1.963	11.39	15.42
1.963	11.40	15.42
1.962	11.40	15.42
1.961	11.40	15.42
1.960	11.41	15.42
1.959	11.41	15.42
1.958	11.42	15.42
1.957	11.44	15.42
1.957	11.44	15.42
1.956	11.44	15.42
1.955	11.44	15.42
1.954	11.45	15.42
1.953	11.45	15.42
1.952	11.46	15.42
1.952	11.47	15.42
1.952	11.48	15.42
1.951	11.48	15.42
1.950	11.48	15.42
1.950	11.48	15.42
1.950	11.48	15.42
1.949	11.50	15.42
1.949	11.49	15.42
1.948	11.50	15.42
1.948	11.50	15.42
1.947	11.50	15.42
1.946	11.50	15.42
1.945	11.51	15.42
1.945	11.52	15.42
1.944	11.52	15.42
1.943	11.53	15.42
1.942	11.53	15.42
1.942	11.53	15.42
1.942	11.53	15.42
1.941	11.53	15.42
1.941	11.53	15.42
1.940	11.54	15.42
1.939	11.53	15.42
1.939	11.54	15.42
1.939	11.54	15.42
1.938	11.54	15.42
1.938	11.54	15.42
1.937	11.54	15.42
1.937	11.55	15.42
1.937	11.54	15.42
1.937	11.55	15.42
1.936	11.55	15.42
1.936	11.55	15.42
1.935	11.55	15.42
1.935	11.55	15.42
1.934	11.55	15.42
1.934	11.56	15.42
1.933	11.58	15.42
1.932	11.58	15.42
1.932	11.58	15.42
1.932	11.58	15.42
1.932	11.58	15.42
1.931	11.58	15.42
1.931	11.58	15.42
1.930	11.59	15.42
1.929	11.59	15.42
1.928	11.60	15.42
1.928	11.60	15.42
1.927	11.61	15.42
1.926	11.62	15.42
1.926	11.62	15.42
1.926	11.62	15.42
1.926	11.62	15.42
1.925	11.62	15.42
1.924	11.63	15.42
1.924	11.63	15.42
1.923	11.63	15.42
1.923	11.63	15.42
1.922	11.65	15.42
1.922	11.65	15.42
1.921	11.65	15.42
1.920	11.65	15.42
1.920	11.65	15.42
1.919	11.66	15.42
1.919	11.66	15.42
1.918	11.66	15.42
1.918	11.66	15.42
1.917	11.66	15.42
1.916	11.67	15.42
1.916	11.67	15.42
1.915	11.68	15.42
1.915	11.68	15.42
1.914	11.69	15.42
1.913	11.69	15.42
1.913	11.70	15.42
1.912	11.71	15.42
1.912	11.70	15.42
1.911	11.71	15.42
1.911	11.71	15.42
1.910	11.71	15.42
1.910	11.72	15.42
1.909	11.72	15.42
1.909	11.72	15.42
1.909	11.72	15.42
1.909	11.72	15.42
1.909	11.73	15.42
1.908	11.73	15.42
1.908	11.73	15.42
1.908	11.74	15.42
1.908	11.75	15.42
1.907	11.75	15.42
1.907	11.76	15.42
1.906	11.76	15.42
1.906	11.75	15.42
1.905	11.76	15.42
1.905	11.77	15.42
1.904	11.78	15.42
1.904	11.77	15.42
1.904	11.77	15.42
1.903	11.78	15.42
1.902	11.79	15.42
1.900	11.81	15.42
1.898	11.83	15.42
1.897	11.85	15.42
1.896	11.84	15.42
1.896	11.84	15.42
1.896	11.85	15.42
1.896	11.85	15.42
1.896	11.85	15.42
1.895	11.86	15.42
1.893	11.87	15.42
1.892	11.88	15.42
1.891	11.88	15.42
1.891	11.89	15.42
1.891	11.90	15.42
1.890	11.90	15.42
1.889	11.90	15.42
1.889	11.90	15.42
1.889	11.90	15.42
1.889	11.91	15.42
1.888	11.90	15.42
1.888	11.91	15.42
1.887	11.91	15.42
1.886	11.93	15.42
1.886	11.93	15.42
1.884	11.95	15.42
1.884	11.95	15.42
1.883	11.95	15.42
1.883	11.95	15.42
1.882	11.95	15.42
1.882	11.95	15.42
1.881	11.96	15.42
1.881	11.97	15.42
1.880	11.97	15.42
1.880	11.97	15.42
1.880	11.96	15.42
1.879	11.97	15.42
1.878	11.98	15.42
1.878	11.98	15.42
1.877	11.99	15.42
1.877	11.99	15.42
1.877	11.99	15.42
1.876	11.99	15.42
1.876	11.99	15.42
1.876	11.99	15.42
1.875	11.99	15.42
1.875	11.99	15.42
1.875	11.99	15.42
1.875	11.99	15.42
1.874	12.00	15.42
1.874	12.00	15.42
1.873	12.01	15.42
1.872	12.01	15.42
1.872	12.01	15.42
1.872	12.01	15.42
1.871	12.01	15.42
1.870	12.02	15.42
1.870	12.02	15.42
1.869	12.02	15.42
1.869	12.02	15.42
1.868	12.03	15.42
1.868	12.03	15.42
1.867	12.03	15.42
1.867	12.04	15.42
1.867	12.03	15.42
1.866	12.04	15.42
1.865	12.04	15.42
1.864	12.05	15.42
1.864	12.04	15.42
1.864	12.05	15.43
1.863	12.07	15.42
1.861	12.08	15.42
1.861	12.08	15.43
1.861	12.08	15.42
1.860	12.09	15.43
1.859	12.09	15.43
1.858	12.09	15.43
1.858	12.10	15.43
1.857	12.11	15.43
1.856	12.11	15.43
1.856	12.11	15.43
1.855	12.12	15.43
1.854	12.12	15.43
1.854	12.13	15.43
1.853	12.13	15.43
1.853	12.14	15.43
1.852	12.14	15.43
1.852	12.14	15.43
1.851	12.15	15.43
1.851	12.15	15.43
1.850	12.16	15.43
1.850	12.16	15.43
1.849	12.16	15.43
1.849	12.17	15.43
1.848	12.18	15.43
1.848	12.18	15.43
1.847	12.17	15.43
1.847	12.18	15.43
1.846	12.18	15.43
1.846	12.18	15.43
1.845	12.19	15.43
1.845	12.19	15.43
1.844	12.19	15.43
1.844	12.20	15.43
1.843	12.21	15.43
1.843	12.20	15.43
1.842	12.22	15.43
1.842	12.22	15.43
1.841	12.21	15.43
1.840	12.22	15.43
1.840	12.23	15.43
1.839	12.23	15.43
1.839	12.24	15.43
1.838	12.24	15.43
1.838	12.24	15.43
1.838	12.25	15.43
1.837	12.25	15.43
1.837	12.26	15.43
1.837	12.26	15.43
1.837	12.26	15.43
1.836	12.26	15.43
1.836	12.27	15.43
1.835	12.27	15.43
1.835	12.28	15.43
1.835	12.28	15.43
1.834	12.28	15.43
1.834	12.29	15.43
1.832	12.30	15.43
1.832	12.30	15.43
1.832	12.30	15.43
1.832	12.31	15.43
1.832	12.31	15.43
1.831	12.32	15.43
1.831	12.32	15.43
1.830	12.33	15.43
1.828	12.35	15.43
1.826	12.36	15.43
1.826	12.35	15.43
1.826	12.36	15.43
1.826	12.36	15.43
1.826	12.36	15.43
1.825	12.37	15.43
1.824	12.38	15.43
1.823	12.39	15.43
1.822	12.40	15.43
1.821	12.54	15.43
1.820	12.41	15.43
1.819	12.42	15.43
1.819	12.42	15.43
1.818	12.42	15.43
1.817	12.43	15.43
1.816	12.44	15.43
1.816	12.44	15.43
1.816	12.44	15.43
1.815	12.45	15.43
1.814	12.45	15.43
1.813	12.46	15.43
1.813	12.46	15.43
1.812	12.47	15.43
1.812	12.46	15.43
1.811	12.47	15.43
1.811	12.46	15.43
1.811	12.47	15.43
1.810	12.48	15.43
1.810	12.47	15.43
1.809	12.47	15.43
1.809	12.48	15.43
1.808	12.48	15.43
1.808	12.48	15.43
1.807	12.48	15.43
1.807	12.48	15.43
1.806	12.48	15.43
1.805	12.49	15.43
1.804	12.49	15.43
1.804	12.49	15.43
1.802	12.50	15.43
1.801	12.51	15.43
1.800	12.51	15.43
1.800	12.51	15.43
1.800	12.51	15.43
1.800	12.51	15.43
1.800	12.52	15.43
1.799	12.52	15.43
1.797	12.54	15.43
1.796	12.54	15.43
1.796	12.55	15.43
1.795	12.56	15.43
1.794	12.57	15.43
1.793	12.57	15.43
1.792	12.58	15.43
1.791	12.58	15.43
1.790	12.59	15.43
1.789	12.60	15.43
1.789	12.60	15.43
1.789	12.60	15.43
1.788	12.60	15.43
1.788	12.60	15.43
1.788	12.60	15.43
1.787	12.61	15.43
1.787	12.61	15.43
1.787	12.62	15.43
1.786	12.63	15.43
1.786	12.62	15.43
1.785	12.63	15.43
1.785	12.63	15.43
1.784	12.63	15.43
1.784	12.64	15.43
1.783	12.64	15.43
1.783	12.64	15.43
1.783	12.64	15.43
1.782	12.65	15.43
1.782	12.65	15.43
1.782	12.66	15.43
1.781	12.66	15.43
1.781	12.67	15.43
1.781	12.67	15.43
1.780	12.67	15.43
1.780	12.67	15.43
1.780	12.68	15.43
1.779	12.68	15.43
1.779	12.70	15.43
1.778	12.70	15.43
1.778	12.70	15.43
1.777	12.70	15.43
1.777	12.71	15.43
1.776	12.71	15.43
1.776	12.72	15.43
1.776	12.72	15.43
1.775	12.72	15.43
1.775	12.73	15.43
1.774	12.73	15.43
1.774	12.74	15.43
1.774	12.75	15.43
1.773	12.76	15.43
1.772	12.76	15.43
1.771	12.78	15.43
1.770	12.79	15.43
1.769	12.79	15.43
1.768	12.81	15.43
1.767	12.81	15.43
1.767	12.81	15.43
1.767	12.81	15.43
1.766	12.82	15.43
1.765	12.83	15.43
1.764	12.84	15.43
1.763	12.84	15.43
1.762	12.85	15.43
1.762	12.86	15.43
1.761	12.86	15.43
1.761	12.86	15.43
1.760	12.87	15.43
1.759	12.88	15.43
1.759	12.88	15.43
1.758	12.88	15.43
1.757	12.89	15.43
1.756	12.90	15.43
1.756	12.91	15.43
1.755	12.91	15.43
1.755	12.91	15.43
1.755	12.92	15.43
1.755	12.92	15.43
1.754	12.92	15.43
1.753	12.93	15.43
1.753	12.93	15.43
1.753	12.93	15.43
1.753	12.93	15.43
1.752	12.93	15.43
1.752	12.93	15.43
1.751	12.94	15.43
1.750	12.94	15.43
1.750	12.94	15.43
1.749	12.94	15.43
1.748	12.95	15.43
1.748	12.96	15.43
1.747	12.96	15.43
1.747	12.96	15.43
1.746	12.96	15.43
1.746	12.96	15.43
1.746	12.97	15.43
1.745	12.97	15.43
1.744	12.97	15.43
1.743	12.97	15.43
1.742	12.98	15.43
1.742	12.99	15.43
1.740	12.99	15.43
1.740	13.00	15.43
1.740	13.00	15.43
1.739	13.00	15.43
1.739	13.00	15.43
1.739	13.01	15.43
1.738	13.01	15.43
1.737	13.02	15.43
1.737	13.02	15.43
1.736	13.02	15.43
1.735	13.03	15.43
1.735	13.05	15.43
1.734	13.05	15.43
1.733	13.06	15.43
1.733	13.06	15.43
1.732	13.06	15.43
1.732	13.07	15.43
1.731	13.07	15.43
1.731	13.07	15.43
1.731	13.08	15.43
1.730	13.09	15.43
1.729	13.08	15.43
1.729	13.09	15.43
1.729	13.09	15.43
1.728	13.09	15.43
1.728	13.10	15.43
1.727	13.09	15.43
1.727	13.11	15.43
1.727	13.11	15.43
1.726	13.11	15.43
1.726	13.11	15.43
1.725	13.13	15.43
1.725	13.14	15.44
1.725	13.14	15.44
1.724	13.14	15.44
1.724	13.15	15.44
1.724	13.14	15.44
1.723	13.15	15.44
1.723	13.15	15.44
1.722	13.15	15.44
1.722	13.16	15.44
1.722	13.16	15.44
1.721	13.16	15.44
1.720	13.16	15.44
1.720	13.17	15.44
1.719	13.17	15.44
1.719	13.18	15.44
1.719	13.18	15.44
1.718	13.19	15.44
1.718	13.19	15.44
1.717	13.19	15.44
1.717	13.19	15.44
1.716	13.20	15.44
1.715	13.21	15.44
1.715	13.21	15.44
1.715	13.21	15.44
1.715	13.22	15.44
1.714	13.23	15.44
1.714	13.23	15.44
1.714	13.23	15.44
1.714	13.24	15.44
1.714	13.25	15.44
1.714	13.25	15.44
1.713	13.25	15.44
1.713	13.25	15.44
1.713	13.26	15.44
1.712	13.26	15.44
1.711	13.28	15.44
1.710	13.29	15.44
1.710	13.28	15.44
1.709	13.29	15.44
1.709	13.29	15.44
1.708	13.30	15.44
1.708	13.31	15.44
1.707	13.31	15.44
1.707	13.31	15.44
1.706	13.32	15.44
1.705	13.33	15.44
1.704	13.33	15.44
1.703	13.33	15.44
1.703	13.34	15.44
1.703	13.34	15.44
1.703	13.34	15.44
1.702	13.35	15.44
1.702	13.34	15.44
1.701	13.35	15.44
1.700	13.36	15.44
1.700	13.36	15.44
1.699	13.37	15.44
1.699	13.38	15.44
1.698	13.38	15.44
1.698	13.39	15.44
1.698	13.39	15.44
1.697	13.39	15.44
1.697	13.39	15.44
1.697	13.39	15.44
1.696	13.40	15.44
1.696	13.40	15.44
1.695	13.40	15.44
1.695	13.40	15.44
1.694	13.41	15.44
1.693	13.41	15.44
1.693	13.41	15.44
1.693	13.41	15.44
1.692	13.41	15.44
1.692	13.41	15.44
1.692	13.42	15.44
1.692	13.42	15.44
1.691	13.42	15.44
1.690	13.42	15.44
1.690	13.43	15.44
1.689	13.44	15.44
1.688	13.45	15.44
1.688	13.44	15.44
1.687	13.45	15.44
1.687	13.45	15.44
1.687	13.45	15.44
1.686	13.46	15.44
1.685	13.47	15.44
1.685	13.47	15.44
1.685	13.47	15.44
1.685	13.47	15.44
1.684	13.48	15.44
1.684	13.48	15.44
1.683	13.48	15.44
1.682	13.49	15.44
1.682	13.49	15.44
1.681	13.50	15.44
1.681	13.50	15.44
1.680	13.50	15.44
1.679	13.52	15.44
1.679	13.52	15.44
1.678	13.52	15.44
1.678	13.53	15.44
1.677	13.52	15.44
1.677	13.53	15.44
1.676	13.54	15.44
1.676	13.54	15.44
1.675	13.55	15.44
1.675	13.55	15.44
1.675	13.55	15.44
1.674	13.56	15.44
1.674	13.56	15.44
1.673	13.57	15.44
1.673	13.57	15.44
1.673	13.58	15.44
1.672	13.58	15.44
1.672	13.59	15.44
1.672	13.59	15.44
1.671	13.59	15.44
1.671	13.59	15.44
1.670	13.60	15.44
1.669	13.60	15.44
1.669	13.61	15.44
1.669	13.61	15.44
1.669	13.62	15.44
1.668	13.62	15.44
1.668	13.63	15.44
1.667	13.63	15.44
1.667	13.64	15.44
1.666	13.64	15.44
1.666	13.64	15.44
1.665	13.65	15.44
1.665	13.65	15.44
1.664	13.66	15.44
1.664	13.67	15.44
1.663	13.68	15.44
1.663	13.69	15.44
1.662	13.68	15.44
1.662	13.68	15.44
1.662	13.69	15.44
1.662	13.69	15.44
1.662	13.79	15.44
1.661	13.71	15.44
1.660	13.72	15.44
1.658	13.73	15.44
1.658	13.73	15.44
1.658	13.74	15.44
1.658	13.74	15.44
1.657	13.74	15.44
1.656	13.75	15.44
1.656	13.75	15.44
1.655	13.75	15.44
1.655	13.77	15.44
1.654	13.79	15.44
1.653	13.79	15.44
1.653	13.80	15.44
1.653	13.79	15.44
1.652	13.80	15.44
1.652	13.80	15.44
1.651	13.80	15.44
1.651	13.81	15.44
1.650	13.82	15.44
1.650	13.82	15.44
1.649	13.82	15.44
1.649	13.83	15.44
1.648	13.83	15.44
1.648	13.83	15.44
1.647	13.84	15.44
1.647	13.84	15.44
1.647	13.85	15.44
1.646	13.84	15.44
1.646	13.84	15.44
1.646	13.85	15.44
1.645	13.85	15.44
1.645	13.86	15.44
1.645	13.86	15.44
1.644	13.86	15.44
1.643	13.86	15.44
1.643	13.87	15.44
1.642	13.87	15.44
1.642	13.87	15.44
1.641	13.87	15.44
1.641	13.88	15.44
1.640	13.89	15.44
1.640	13.89	15.44
1.640	13.88	15.44
1.639	13.90	15.44
1.638	13.90	15.44
1.638	13.90	15.44
1.637	13.91	15.44
1.636	13.91	15.44
1.635	13.91	15.44
1.635	13.91	15.44
1.635	13.92	15.44
1.635	13.92	15.44
1.634	13.93	15.44
1.633	13.94	15.44
1.633	13.94	15.44
1.633	13.95	15.44
1.632	13.95	15.44
1.632	13.95	15.44
1.631	13.96	15.44
1.630	13.97	15.44
1.630	13.97	15.44
1.629	13.98	15.44
1.628	13.98	15.44
1.628	13.98	15.44
1.627	13.99	15.44
1.626	13.99	15.44
1.626	14.00	15.44
1.625	14.00	15.44
1.625	14.00	15.44
1.624	14.01	15.44
1.624	14.02	15.44
1.623	14.02	15.44
1.623	14.04	15.44
1.622	14.04	15.44
1.622	14.05	15.44
1.621	14.05	15.44
1.621	14.06	15.44
1.620	14.06	15.44
1.620	14.06	15.44
1.619	14.07	15.44
1.618	14.07	15.44
1.617	14.08	15.44
1.617	14.09	15.44
1.616	14.10	15.44
1.615	14.11	15.44
1.614	14.11	15.44
1.614	14.12	15.44
1.613	14.13	15.44
1.613	14.13	15.44
1.612	14.14	15.44
1.612	14.14	15.44
1.612	14.15	15.44
1.611	14.15	15.44
1.610	14.16	15.44
1.609	14.18	15.44
1.608	14.19	15.44
1.607	14.20	15.44
1.606	14.20	15.44
1.605	14.22	15.44
1.605	14.22	15.44
1.604	14.23	15.44
1.604	14.24	15.44
1.603	14.24	15.44
1.603	14.25	15.44
1.602	14.25	15.44
1.602	14.26	15.44
1.602	14.26	15.44
1.601	14.27	15.44
1.600	14.28	15.44
1.600	14.29	15.44
1.600	14.29	15.44
1.599	14.29	15.44
1.598	14.29	15.44
1.598	14.30	15.44
1.598	14.30	15.44
1.598	14.30	15.44
1.597	14.31	15.44
1.596	14.31	15.44
1.596	14.32	15.44
1.596	14.32	15.44
1.595	14.32	15.44
1.595	14.32	15.44
1.594	14.33	15.44
1.593	14.33	15.44
1.593	14.34	15.44
1.593	14.35	15.44
1.592	14.35	15.44
1.591	14.35	15.44
1.590	14.35	15.44
1.590	14.36	15.44
1.589	14.36	15.44
1.588	14.37	15.44
1.587	14.38	15.44
1.586	14.38	15.44
1.586	14.39	15.44
1.585	14.40	15.44
1.585	14.41	15.44
1.584	14.41	15.44
1.584	14.41	15.44
1.583	14.41	15.44
1.582	14.43	15.44
1.581	14.43	15.44
1.581	14.43	15.44
1.580	14.44	15.44
1.580	14.44	15.44
1.579	14.45	15.44
1.578	14.46	15.44
1.578	14.47	15.44
1.577	14.47	15.44
1.577	14.48	15.44
1.576	14.49	15.44
1.576	14.50	15.44
1.575	14.51	15.44
1.575	14.51	15.44
1.574	14.52	15.44
1.574	14.52	15.44
1.574	14.53	15.44
1.573	14.53	15.44
1.572	14.53	15.44
1.571	14.54	15.44
1.571	14.55	15.44
1.570	14.55	15.44
1.570	14.55	15.44
1.569	14.56	15.44
1.569	14.57	15.44
1.568	14.57	15.44
1.568	14.58	15.44
1.568	14.58	15.44
1.567	14.59	15.44
1.567	14.59	15.44
1.566	14.60	15.44
1.566	14.60	15.44
1.566	14.61	15.44
1.565	14.61	15.44
1.565	14.61	15.44
1.565	14.61	15.44
1.566	14.61	15.44
1.565	14.62	15.44
1.565	14.62	15.44
1.565	14.62	15.44
1.565	14.62	15.44
1.564	14.64	15.44
1.562	14.64	15.44
1.561	14.66	15.44
1.561	14.67	15.44
1.560	14.68	15.45
1.559	14.69	15.45
1.559	14.69	15.45
1.558	14.70	15.45
1.558	14.70	15.45
1.557	14.71	15.45
1.557	14.72	15.45
1.556	14.72	15.45
1.555	14.72	15.45
1.555	14.73	15.45
1.555	14.74	15.45
1.554	14.74	15.45
1.553	14.74	15.45
1.553	14.75	15.45
1.552	14.75	15.45
1.552	14.76	15.45
1.551	14.76	15.45
1.551	14.76	15.45
1.551	14.77	15.45
1.550	14.77	15.45
1.550	14.78	15.45
1.549	14.78	15.45
1.548	14.79	15.45
1.548	14.79	15.45
1.547	14.80	15.45
1.547	14.80	15.45
1.547	14.80	15.45
1.546	14.80	15.45
1.546	14.81	15.45
1.545	14.81	15.45
1.545	14.81	15.45
1.544	14.81	15.45
1.544	14.82	15.45
1.543	14.82	15.45
1.543	14.83	15.45
1.542	14.83	15.45
1.542	14.84	15.45
1.541	14.84	15.45
1.540	14.85	15.45
1.540	14.85	15.45
1.539	14.86	15.45
1.539	14.86	15.45
1.539	14.86	15.45
1.538	14.87	15.45
1.538	14.87	15.45
1.537	14.88	15.45
1.537	14.89	15.45
1.536	14.89	15.45
1.535	14.90	15.45
1.534	14.91	15.45
1.534	14.92	15.45
1.534	14.92	15.45
1.534	14.92	15.45
1.534	14.93	15.45
1.533	14.93	15.45
1.533	14.93	15.45
1.532	14.93	15.45
1.532	14.95	15.45
1.531	14.95	15.45
1.531	14.95	15.45
1.531	14.96	15.45
1.531	14.96	15.45
1.530	14.96	15.45
1.530	14.97	15.45
1.529	14.97	15.45
1.529	14.97	15.45
1.529	14.98	15.45
1.528	14.98	15.45
1.528	14.98	15.45
1.527	14.99	15.45
1.527	15.00	15.45
1.526	15.00	15.45
1.526	15.01	15.45
1.525	15.01	15.45
1.525	15.01	15.45
1.524	15.02	15.45
1.524	15.02	15.45
1.523	15.03	15.45
1.523	15.05	15.45
1.522	15.06	15.45
1.521	15.06	15.45
1.521	15.06	15.45
1.521	15.07	15.45
1.521	15.07	15.45
1.521	15.07	15.45
1.520	15.07	15.45
1.520	15.08	15.45
1.519	15.10	15.45
1.518	15.11	15.45
1.518	15.11	15.45
1.517	15.12	15.45
1.517	15.12	15.45
1.516	15.12	15.45
1.516	15.13	15.45
1.516	15.12	15.45
1.515	15.13	15.45
1.515	15.14	15.45
1.514	15.15	15.45
1.514	15.16	15.45
1.513	15.17	15.45
1.512	15.18	15.45
1.511	15.19	15.45
1.511	15.18	15.45
1.510	15.20	15.45
1.510	15.20	15.45
1.509	15.21	15.45
1.508	15.22	15.45
1.508	15.23	15.45
1.507	15.23	15.45
1.507	15.23	15.45
1.506	15.23	15.45
1.506	15.23	15.45
1.506	15.24	15.45
1.506	15.24	15.45
1.505	15.24	15.45
1.504	15.25	15.45
1.503	15.26	15.45
1.503	15.26	15.45
1.502	15.27	15.45
1.501	15.27	15.45
1.501	15.28	15.45
1.500	15.29	15.45
1.500	15.29	15.45
1.499	15.29	15.45
1.498	15.30	15.45
1.498	15.31	15.45
1.497	15.32	15.45
1.497	15.33	15.45
1.496	15.33	15.45
1.495	15.34	15.45
1.495	15.34	15.45
1.495	15.35	15.45
1.493	15.37	15.45
1.492	15.38	15.45
1.490	15.38	15.45
1.490	15.39	15.45
1.490	15.39	15.45
1.490	15.39	15.45
1.490	15.39	15.45
1.490	15.40	15.45
1.489	15.41	15.45
1.489	15.41	15.45
1.489	15.41	15.45
1.489	15.42	15.45
1.489	15.42	15.45
1.489	15.42	15.45
1.489	15.43	15.45
1.489	15.43	15.45
1.488	15.44	15.45
1.486	15.46	15.45
1.485	15.48	15.45
1.485	15.47	15.45
1.485	15.48	15.45
1.484	15.48	15.45
1.481	15.50	15.45
1.478	15.55	15.45
1.476	15.54	15.45
1.476	15.57	15.45
1.475	15.58	15.45
1.475	15.58	15.45
1.475	15.58	15.45
1.474	15.59	15.45
1.474	15.60	15.45
1.473	15.61	15.45
1.473	15.61	15.45
1.473	15.61	15.45
1.473	15.62	15.45
1.472	15.62	15.45
1.472	15.63	15.45
1.472	15.63	15.45
1.471	15.64	15.45
1.471	15.64	15.45
1.471	15.65	15.45
1.470	15.64	15.45
1.470	15.65	15.45
1.469	15.65	15.45
1.469	15.66	15.45
1.468	15.66	15.45
1.468	15.66	15.45
1.468	15.67	15.45
1.467	15.67	15.45
1.467	15.68	15.45
1.467	15.68	15.45
1.466	15.68	15.45
1.466	15.68	15.45
1.465	15.69	15.45
1.465	15.70	15.45
1.465	15.71	15.45
1.464	15.71	15.45
1.464	15.72	15.45
1.463	15.72	15.45
1.463	15.72	15.45
1.463	15.72	15.45
1.462	15.72	15.45
1.461	15.73	15.45
1.460	15.75	15.45
1.459	15.75	15.45
1.458	15.76	15.45
1.457	15.77	15.45
1.457	15.78	15.45
1.456	15.79	15.45
1.456	15.80	15.45
1.456	15.80	15.45
1.454	15.81	15.45
1.454	15.81	15.45
1.453	15.82	15.45
1.453	15.82	15.45
1.452	15.84	15.45
1.452	15.85	15.45
1.451	15.85	15.45
1.451	15.85	15.45
1.451	15.86	15.45
1.450	15.87	15.46
1.450	15.87	15.46
1.450	15.87	15.46
1.450	15.87	15.46
1.449	15.87	15.46
1.449	15.87	15.46
1.449	15.88	15.46
1.449	15.88	15.46
1.449	15.87	15.46
1.449	15.88	15.46
1.449	15.88	15.46
1.449	15.88	15.46
1.449	15.88	15.46
1.449	15.88	15.46
1.449	15.88	15.46
1.448	15.88	15.46
1.448	15.88	15.46
1.448	15.89	15.46
1.448	15.89	15.46
1.448	15.89	15.46
1.448	15.90	15.46
1.448	15.91	15.46
1.447	15.92	15.46
1.443	15.95	15.46
1.442	15.96	15.46
1.442	15.97	15.46
1.441	15.97	15.46
1.441	15.98	15.46
1.440	15.99	15.46
1.440	15.99	15.46
1.440	16.00	15.46
1.440	16.00	15.46
1.440	16.00	15.46
1.439	16.01	15.46
1.439	16.02	15.46
1.439	16.02	15.46
1.438	16.02	15.46
1.437	16.03	15.46
1.437	16.03	15.46
1.436	16.04	15.46
1.436	16.04	15.46
1.435	16.05	15.46
1.435	16.06	15.46
1.434	16.07	15.46
1.434	16.08	15.46
1.434	16.08	15.46
1.433	16.09	15.46
1.433	16.09	15.46
1.433	16.10	15.46
1.432	16.10	15.46
1.432	16.11	15.46
1.431	16.12	15.46
1.431	16.11	15.46
1.431	16.12	15.46
1.430	16.12	15.46
1.430	16.12	15.46
1.430	16.13	15.46
1.429	16.13	15.46
1.429	16.13	15.46
1.429	16.13	15.46
1.428	16.14	15.46
1.428	16.15	15.46
1.428	16.15	15.46
1.428	16.16	15.46
1.428	16.16	15.46
1.427	16.16	15.46
1.427	16.16	15.46
1.426	16.17	15.46
1.426	16.18	15.46
1.426	16.18	15.46
1.425	16.18	15.46
1.425	16.18	15.46
1.424	16.19	15.46
1.424	16.20	15.46
1.423	16.20	15.46
1.423	16.20	15.46
1.422	16.21	15.46
1.422	16.21	15.46
1.422	16.21	15.46
1.421	16.22	15.46
1.421	16.22	15.46
1.421	16.22	15.46
1.421	16.22	15.46
1.420	16.23	15.46
1.420	16.23	15.46
1.420	16.24	15.46
1.419	16.24	15.46
1.419	16.24	15.46
1.419	16.24	15.46
1.419	16.25	15.46
1.418	16.26	15.46
1.418	16.27	15.46
1.418	16.27	15.46
1.417	16.28	15.46
1.417	16.28	15.46
1.416	16.29	15.46
1.416	16.30	15.46
1.415	16.30	15.46
1.415	16.30	15.46
1.415	16.30	15.46
1.415	16.31	15.46
1.414	16.31	15.46
1.414	16.31	15.46
1.414	16.32	15.46
1.413	16.33	15.46
1.413	16.33	15.46
1.413	16.34	15.46
1.412	16.34	15.46
1.412	16.35	15.46
1.412	16.35	15.46
1.412	16.35	15.46
1.412	16.35	15.46
1.412	16.35	15.46
1.412	16.36	15.46
1.412	16.36	15.46
1.412	16.36	15.46
1.412	16.36	15.46
1.412	16.37	15.46
1.412	16.37	15.46
1.412	16.37	15.46
1.412	16.37	15.46
1.412	16.37	15.46
1.411	16.37	15.46
1.411	16.37	15.46
1.411	16.37	15.46
1.411	16.38	15.46
1.409	16.40	15.46
1.406	16.44	15.46
1.402	16.48	15.46
1.401	16.49	15.46
1.401	16.49	15.46
1.401	16.49	15.46
1.401	16.49	15.46
1.400	16.50	15.46
1.399	16.51	15.46
1.399	16.51	15.46
1.399	16.51	15.46
1.399	16.51	15.46
1.398	16.53	15.46
1.398	16.53	15.46
1.398	16.53	15.46
1.398	16.54	15.46
1.398	16.54	15.46
1.398	16.54	15.46
1.398	16.54	15.46
1.398	16.54	15.46
1.399	16.54	15.46
1.399	16.54	15.46
1.399	16.54	15.46
1.399	16.54	15.46
1.399	16.54	15.46
1.399	16.54	15.46
1.399	16.54	15.46
1.398	16.55	15.46
1.398	16.55	15.46
1.398	16.55	15.46
1.398	16.55	15.46
1.398	16.55	15.46
1.398	16.55	15.46
1.398	16.55	15.46
1.398	16.55	15.46
1.398	16.55	15.46
1.398	16.55	15.46
1.398	16.55	15.46
1.398	16.55	15.46
1.397	16.56	15.46
1.395	16.58	15.46
1.391	16.62	15.46
1.388	16.64	15.46
1.388	16.64	15.46
1.388	16.65	15.46
1.388	16.65	15.46
1.387	16.66	15.46
1.387	16.67	15.46
1.387	16.67	15.46
1.386	16.68	15.46
1.385	16.69	15.46
1.385	16.70	15.46
1.385	16.71	15.46
1.385	16.71	15.46
1.384	16.71	15.46
1.384	16.72	15.46
1.383	16.72	15.46
1.382	16.74	15.46
1.382	16.74	15.46
1.382	16.75	15.46
1.381	16.75	15.46
1.381	16.76	15.46
1.381	16.76	15.46
1.380	16.76	15.46
1.380	16.76	15.46
1.380	16.76	15.46
1.379	16.77	15.46
1.379	16.77	15.46
1.379	16.78	15.46
1.378	16.79	15.46
1.378	16.79	15.46
1.378	16.79	15.46
1.379	16.79	15.46
1.379	16.79	15.46
1.378	16.79	15.46
1.378	16.79	15.46
1.379	16.79	15.46
1.379	16.79	15.46
1.379	16.79	15.46
1.379	16.79	15.46
1.379	16.79	15.46
1.379	16.79	15.46
1.379	16.79	15.47
1.379	16.79	15.47
1.378	16.79	15.47
1.378	16.79	15.47
1.378	16.79	15.47
1.378	16.79	15.47
1.378	16.79	15.47
1.378	16.79	15.47
1.378	16.80	15.47
1.378	16.80	15.47
1.378	16.80	15.47
1.378	16.81	15.47
1.377	16.82	15.47
1.378	16.82	15.47
1.378	16.82	15.47
1.377	16.82	15.47
1.377	16.82	15.47
1.377	16.82	15.47
1.377	16.82	15.47
1.377	16.83	15.47
1.377	16.83	15.47
1.377	16.83	15.47
1.377	16.83	15.47
1.377	16.83	15.47
1.377	16.83	15.47
1.377	16.83	15.47
1.377	16.83	15.47
1.377	16.83	15.47
1.377	16.83	15.47
1.377	16.83	15.47
1.377	16.84	15.47
1.377	16.84	15.47
1.377	16.84	15.47
1.377	16.84	15.47
1.377	16.84	15.47
1.377	16.84	15.47
1.377	16.85	15.47
1.377	16.85	15.47
1.377	16.85	15.47
1.377	16.85	15.47
1.377	16.85	15.47
1.377	16.85	15.47
1.377	16.85	15.47
1.377	16.85	15.47
1.377	16.85	15.47
1.377	16.85	15.47
1.377	16.85	15.47
1.377	16.85	15.47
1.377	16.85	15.47
1.377	16.85	15.47
1.377	16.85	15.47
1.377	16.85	15.47
1.377	16.85	15.47
1.377	16.85	15.47
1.377	16.85	15.47
1.377	16.85	15.47
1.377	16.85	15.47
1.377	16.85	15.47
1.377	16.85	15.47
1.377	16.85	15.47
1.377	16.85	15.47
1.376	16.85	15.47
1.376	16.85	15.47
1.376	16.85	15.47
1.376	16.86	15.47
1.373	16.88	15.47
1.368	16.93	15.47
1.363	16.99	15.47
1.356	17.06	15.47
1.351	17.12	15.47
1.348	17.16	15.47
1.348	17.16	15.47
1.348	17.16	15.47
1.349	17.17	15.47
1.349	17.17	15.47
1.349	17.17	15.47
1.349	17.18	15.47
1.349	17.18	15.47
1.348	17.18	15.47
1.348	17.20	15.47
1.347	17.20	15.47
1.347	17.20	15.47
1.347	17.20	15.47
1.347	17.20	15.47
1.347	17.20	15.47
1.347	17.20	15.47
1.347	17.20	15.47
1.347	17.20	15.47
1.347	17.21	15.47
1.348	17.21	15.47
1.347	17.20	15.47
1.347	17.21	15.47
1.348	17.20	15.47
1.348	17.20	15.47
1.348	17.21	15.47
1.348	17.21	15.47
1.348	17.21	15.47
1.348	17.21	15.47
1.348	17.21	15.47
1.348	17.21	15.47
1.348	17.21	15.47
1.348	17.21	15.47
1.348	17.21	15.47
1.348	17.21	15.47
1.348	17.21	15.47
1.348	17.21	15.47
1.348	17.21	15.47
1.348	17.21	15.47
1.348	17.21	15.47
1.348	17.21	15.47
1.348	17.21	15.47
1.348	17.21	15.47
1.348	17.21	15.47
1.348	17.20	15.47
1.348	17.20	15.47
1.348	17.20	15.47
1.348	17.20	15.47
1.349	17.20	15.47
1.348	17.20	15.47
1.348	17.20	15.47
1.348	17.20	15.47
1.349	17.20	15.47
1.349	17.20	15.47
1.348	17.20	15.47
1.348	17.20	15.47
1.348	17.20	15.47
1.349	17.20	15.47
1.348	17.21	15.47
1.348	17.21	15.47
1.348	17.21	15.47
1.349	17.21	15.47
1.349	17.22	15.47
1.348	17.22	15.47
1.348	17.22	15.47
1.348	17.22	15.47
1.349	17.22	15.47
1.349	17.23	15.47
1.348	17.23	15.47
1.348	17.23	15.47
1.348	17.23	15.47
1.349	17.23	15.47
1.348	17.23	15.47
1.348	17.23	15.47
1.348	17.23	15.47
1.349	17.24	15.47
1.349	17.24	15.47
1.348	17.24	15.47
1.348	17.24	15.47
1.348	17.24	15.47
1.349	17.24	15.47
1.349	17.24	15.47
1.348	17.24	15.47
1.348	17.24	15.47
1.348	17.24	15.47
1.349	17.24	15.47
1.348	17.24	15.47
1.348	17.24	15.47
1.348	17.24	15.47
1.349	17.24	15.47
1.349	17.24	15.47
1.348	17.24	15.47
1.348	17.24	15.47
1.348	17.24	15.47
1.349	17.24	15.47
1.348	17.24	15.47
1.348	17.24	15.47
1.348	17.24	15.47
1.348	17.24	15.47
1.348	17.24	15.47
1.348	17.24	15.47
1.348	17.24	15.47
1.348	17.23	15.47
1.348	17.23	15.47
1.348	17.24	15.47
1.347	17.24	15.47
1.347	17.24	15.47
1.347	17.24	15.47
1.347	17.25	15.47
1.345	17.27	15.47
1.342	17.30	15.47
1.340	17.33	15.47
1.338	17.35	15.47
1.337	17.36	15.47
1.336	17.37	15.47
1.336	17.37	15.47
1.336	17.37	15.47
1.336	17.37	15.47
1.336	17.37	15.47
1.336	17.37	15.47
1.336	17.37	15.47
1.337	17.37	15.47
1.337	17.37	15.47
1.337	17.37	15.47
1.337	17.37	15.47
1.337	17.37	15.47
1.337	17.37	15.47
1.337	17.37	15.47
1.337	17.37	15.47
1.337	17.37	15.47
1.337	17.37	15.47
1.337	17.37	15.47
1.337	17.37	15.47
1.337	17.37	15.47
1.337	17.37	15.48
1.337	17.37	15.48
1.337	17.37	15.48
1.337	17.37	15.48
1.337	17.37	15.48
1.337	17.37	15.48
1.337	17.37	15.48
1.337	17.37	15.48
1.337	17.37	15.48
1.337	17.37	15.48
1.337	17.37	15.48
1.337	17.37	15.48
1.337	17.37	15.48
1.337	17.37	15.48
1.337	17.37	15.48
1.337	17.37	15.48
1.337	17.37	15.48
1.337	17.38	15.48
1.337	17.38	15.48
1.337	17.38	15.48
1.338	17.38	15.48
1.338	17.38	15.48
1.338	17.38	15.48
1.337	17.39	15.48
1.337	17.39	15.48
1.338	17.39	15.48
1.338	17.39	15.48
1.337	17.39	15.48
1.337	17.39	15.48
1.338	17.39	15.48
1.338	17.39	15.48
1.338	17.39	15.48
1.337	17.39	15.48
1.337	17.40	15.48
1.337	17.40	15.48
1.337	17.41	15.48
1.336	17.41	15.48
1.336	17.41	15.48
1.335	17.42	15.48
1.335	17.43	15.48
1.334	17.43	15.48
1.333	17.44	15.48
1.332	17.45	15.48
1.332	17.45	15.48
1.331	17.46	15.48
1.330	17.47	15.48
1.330	17.48	15.48
1.329	17.49	15.48
1.328	17.50	15.48
1.328	17.50	15.48
1.327	17.50	15.48
1.327	17.51	15.48
1.326	17.51	15.48
1.326	17.52	15.48
1.326	17.52	15.48
1.326	17.52	15.48
1.326	17.52	15.48
1.326	17.52	15.48
1.326	17.52	15.48
1.326	17.53	15.48
1.326	17.53	15.48
1.325	17.53	15.48
1.325	17.55	15.48
1.323	17.56	15.48
1.322	17.58	15.48
1.320	17.60	15.48
1.319	17.62	15.48
1.318	17.64	15.48
1.317	17.64	15.48
1.317	17.65	15.48
1.316	17.68	15.48
1.316	17.68	15.48
1.316	17.68	15.48
1.316	17.69	15.48
1.315	17.70	15.48
1.314	17.73	15.48
1.313	17.77	15.48
1.312	17.76	15.48
1.311	17.76	15.48
1.311	17.76	15.48
1.311	17.77	15.48
1.311	17.77	15.48
1.311	17.77	15.48
1.310	17.79	15.48
1.310	17.79	15.48
1.309	17.79	15.48
1.308	17.79	15.48
1.307	17.80	15.48
1.307	17.79	15.48
1.306	17.80	15.48
1.306	17.80	15.48
1.306	17.80	15.48
1.305	17.80	15.48
1.304	17.81	15.48
1.304	17.81	15.48
1.304	17.80	15.48
1.304	17.80	15.48
1.304	17.81	15.48
1.303	17.81	15.48
1.303	17.80	15.48
1.303	17.81	15.48
1.303	17.83	15.48
1.302	17.85	15.48
1.302	17.85	15.48
1.301	17.86	15.48
1.301	17.89	15.48
1.301	17.92	15.48
1.300	17.92	15.48
1.300	17.91	15.48
1.300	17.90	15.48
1.299	17.93	15.48
1.298	17.93	15.48
1.298	17.95	15.48
1.296	17.99	15.48
1.294	18.02	15.48
1.291	18.07	15.48
1.288	18.11	15.48
1.285	18.13	15.48
1.282	18.17	15.48
1.279	18.20	15.48
1.276	18.24	15.48
1.274	18.27	15.48
1.272	18.28	15.48
1.270	18.32	15.48
1.269	18.34	15.48
1.266	18.39	15.48
1.265	18.42	15.48
1.263	18.44	15.48
1.262	18.47	15.48
1.261	18.48	15.48
1.259	18.50	15.48
1.260	18.52	15.48
1.260	18.52	15.48
1.260	18.52	15.48
1.261	18.52	15.48
1.261	18.52	15.48
1.261	18.52	15.48
1.261	18.52	15.48
1.261	18.52	15.48
1.261	18.53	15.48
1.261	18.52	15.48
1.261	18.53	15.48
1.262	18.52	15.48
1.262	18.53	15.48
1.262	18.53	15.48
1.262	18.52	15.48
1.262	18.52	15.48
1.262	18.51	15.48
1.262	18.50	15.48
1.262	18.50	15.48
1.262	18.50	15.48
1.262	18.50	15.48
1.262	18.51	15.48
1.262	18.50	15.48
1.263	18.49	15.48
1.263	18.49	15.48
1.263	18.48	15.48
1.263	18.47	15.48
1.263	18.47	15.48
1.263	18.47	15.48
1.263	18.48	15.48
1.263	18.48	15.48
1.263	18.48	15.48
1.263	18.48	15.48
1.263	18.48	15.48
1.263	18.48	15.48
1.263	18.48	15.48
1.263	18.48	15.48
1.263	18.47	15.48
1.263	18.47	15.48
1.263	18.47	15.48
1.263	18.46	15.48
1.263	18.46	15.48
1.263	18.46	15.48
1.263	18.46	15.48
1.263	18.47	15.48
1.263	18.46	15.48
1.263	18.47	15.48
1.263	18.47	15.48
1.263	18.48	15.48
1.263	18.47	15.48
1.263	18.48	15.48
1.263	18.47	15.48
1.263	18.47	15.48
1.263	18.48	15.48
1.263	18.48	15.48
1.263	18.48	15.48
1.263	18.48	15.48
1.263	18.47	15.48
1.263	18.48	15.48
1.263	18.48	15.48
1.263	18.48	15.48
1.263	18.48	15.48
1.263	18.48	15.48
1.263	18.48	15.48
1.263	18.48	15.48
1.263	18.48	15.48
1.263	18.48	15.48
1.263	18.48	15.48
1.263	18.49	15.48
1.263	18.48	15.48
1.262	18.48	15.48
1.262	18.51	15.48
1.262	18.51	15.48
1.263	18.52	15.48
1.263	18.52	15.48
1.262	18.52	15.48
1.262	18.53	15.48
1.262	18.53	15.48
1.262	18.53	15.48
1.262	18.54	15.48
1.262	18.54	15.48
1.262	18.54	15.48
1.262	18.54	15.48
1.262	18.54	15.48
1.262	18.54	15.48
1.262	18.53	15.48
1.261	18.52	15.48
1.261	18.52	15.48
1.260	18.53	15.48
1.260	18.54	15.48
1.260	18.54	15.48
1.260	18.55	15.48
1.260	18.55	15.48
1.260	18.55	15.48
1.259	18.55	15.48
1.259	18.55	15.48
1.258	18.56	15.48
1.258	18.57	15.48
1.258	18.58	15.48
1.257	18.59	15.48
1.256	18.59	15.48
1.256	18.59	15.48
1.256	18.58	15.48
1.255	18.57	15.48
1.255	18.55	15.48
1.255	18.55	15.48
1.254	18.57	15.48
1.254	18.56	15.48
1.253	18.60	15.48
1.253	18.63	15.48
1.253	18.65	15.48
1.253	18.66	15.48
1.252	18.66	15.48
1.252	18.66	15.48
1.252	18.66	15.48
1.252	18.66	15.48
1.252	18.66	15.48
1.252	18.66	15.48
1.251	18.66	15.48
1.251	18.66	15.48
1.251	18.65	15.48
1.251	18.65	15.48
1.251	18.66	15.48
1.250	18.67	15.48
1.250	18.69	15.48
1.250	18.69	15.48
1.250	18.70	15.48
1.250	18.70	15.48
1.249	18.68	15.48
1.249	18.68	15.48
1.249	18.68	15.48
1.248	18.70	15.48
1.248	18.71	15.48
1.248	18.70	15.48
1.248	18.72	15.48
1.248	18.73	15.48
1.248	18.72	15.48
1.248	18.73	15.49
1.248	18.72	15.49
1.247	18.74	15.49
1.247	18.73	15.49
1.246	18.73	15.49
1.246	18.71	15.49
1.246	18.71	15.49
1.246	18.71	15.49
1.246	18.72	15.49
1.245	18.73	15.49
1.245	18.74	15.49
1.245	18.74	15.49
1.245	18.75	15.49
1.244	18.78	15.49
1.244	18.78	15.49
1.244	18.77	15.49
1.244	18.74	15.49
1.243	18.75	15.49
1.243	18.78	15.49
1.243	18.77	15.49
1.243	18.77	15.49
1.242	18.77	15.49
1.242	18.79	15.49
1.242	18.81	15.49
1.242	18.83	15.49
1.242	18.83	15.49
1.241	18.80	15.49
1.241	18.78	15.49
1.241	18.80	15.49
1.241	18.82	15.49
1.240	18.83	15.49
1.240	18.83	15.49
1.240	18.85	15.49
1.240	18.85	15.49
1.240	18.84	15.49
1.239	18.88	15.49
1.239	18.89	15.49
1.239	18.88	15.49
1.239	18.86	15.49
1.238	18.88	15.49
1.238	18.90	15.49
1.238	18.89	15.49
1.237	18.89	15.49
1.237	18.89	15.49
1.237	18.90	15.49
1.237	18.91	15.49
1.236	18.92	15.49
1.236	18.93	15.49
1.236	18.93	15.49
1.236	18.94	15.49
1.236	18.94	15.49
1.236	18.95	15.49
1.236	18.94	15.49
1.236	18.94	15.49
1.235	18.95	15.49
1.235	18.96	15.49
1.234	18.97	15.49
1.234	18.98	15.49
1.233	18.99	15.49
1.233	18.99	15.49
1.233	18.99	15.49
1.232	19.00	15.49
1.232	19.00	15.49
1.232	19.00	15.49
1.231	19.01	15.49
1.231	19.02	15.49
1.230	19.03	15.49
1.230	19.03	15.49
1.229	19.05	15.49
1.229	19.06	15.49
1.229	19.06	15.49
1.228	19.06	15.49
1.228	19.07	15.49
1.227	19.07	15.49
1.226	19.09	15.49
1.225	19.10	15.49
1.225	19.13	15.49
1.225	19.13	15.49
1.224	19.12	15.49
1.224	19.13	15.49
1.224	19.13	15.49
1.224	19.13	15.49
1.223	19.13	15.49
1.223	19.12	15.49
1.223	19.13	15.49
1.223	19.12	15.49
1.223	19.13	15.49
1.222	19.13	15.49
1.222	19.13	15.49
1.222	19.14	15.49
1.222	19.15	15.49
1.221	19.15	15.49
1.221	19.16	15.49
1.221	19.15	15.49
1.221	19.15	15.49
1.221	19.16	15.49
1.221	19.15	15.49
1.220	19.15	15.49
1.220	19.15	15.49
1.220	19.15	15.49
1.220	19.15	15.49
1.219	19.16	15.49
1.219	19.16	15.49
1.219	19.19	15.49
1.219	19.19	15.49
1.218	19.19	15.49
1.218	19.19	15.49
1.218	19.19	15.49
1.217	19.19	15.49
1.217	19.19	15.49
1.217	19.21	15.49
1.217	19.24	15.49
1.216	19.22	15.49
1.216	19.20	15.49
1.216	19.22	15.49
1.215	19.23	15.49
1.215	19.25	15.49
1.215	19.27	15.49
1.215	19.28	15.49
1.215	19.28	15.49
1.214	19.28	15.49
1.214	19.28	15.49
1.213	19.30	15.49
1.213	19.30	15.49
1.213	19.30	15.49
1.212	19.30	15.49
1.212	19.31	15.49
1.211	19.33	15.49
1.211	19.34	15.49
1.211	19.35	15.49
1.211	19.35	15.49
1.211	19.34	15.49
1.211	19.35	15.49
1.211	19.36	15.49
1.210	19.36	15.49
1.210	19.38	15.49
1.210	19.38	15.49
1.210	19.39	15.49
1.209	19.40	15.49
1.209	19.41	15.49
1.208	19.43	15.49
1.208	19.43	15.49
1.208	19.43	15.49
1.207	19.43	15.49
1.207	19.43	15.49
1.207	19.43	15.49
1.207	19.43	15.49
1.206	19.44	15.49
1.206	19.46	15.49
1.206	19.46	15.49
1.206	19.47	15.49
1.205	19.47	15.49
1.205	19.48	15.49
1.204	19.48	15.49
1.204	19.47	15.49
1.204	19.47	15.49
1.204	19.48	15.49
1.204	19.51	15.49
1.203	19.51	15.49
1.203	19.52	15.49
1.203	19.51	15.49
1.203	19.52	15.49
1.202	19.52	15.49
1.202	19.52	15.49
1.201	19.53	15.49
1.201	19.54	15.49
1.200	19.53	15.49
1.200	19.55	15.49
1.200	19.56	15.49
1.199	19.57	15.49
1.199	19.59	15.49
1.199	19.59	15.49
1.199	19.57	15.49
1.199	19.56	15.49
1.198	19.57	15.49
1.198	19.56	15.49
1.198	19.56	15.49
1.197	19.54	15.49
1.197	19.52	15.49
1.197	19.55	15.49
1.197	19.57	15.49
1.197	19.58	15.49
1.196	19.58	15.50
1.196	19.60	15.50
1.196	19.61	15.50
1.195	19.61	15.49
1.195	19.59	15.50
1.195	19.59	15.50
1.194	19.57	15.50
1.194	19.59	15.50
1.194	19.63	15.50
1.193	19.63	15.50
1.193	19.65	15.50
1.193	19.66	15.50
1.193	19.65	15.50
1.192	19.65	15.50
1.192	19.65	15.50
1.192	19.67	15.50
1.192	19.68	15.50
1.192	19.68	15.50
1.192	19.69	15.50
1.191	19.67	15.50
1.191	19.71	15.50
1.191	19.71	15.50
1.191	19.67	15.50
1.190	19.68	15.50
1.190	19.69	15.50
1.190	19.69	15.50
1.190	19.70	15.50
1.189	19.69	15.50
1.189	19.69	15.50
1.189	19.69	15.50
1.189	19.69	15.50
1.189	19.70	15.50
1.189	19.72	15.50
1.189	19.72	15.50
1.188	19.73	15.50
1.188	19.74	15.50
1.188	19.77	15.50
1.187	19.77	15.50
1.187	19.78	15.50
1.187	19.78	15.50
1.187	19.77	15.50
1.187	19.77	15.50
1.186	19.78	15.50
1.186	19.79	15.50
1.186	19.79	15.50
1.186	19.79	15.50
1.186	19.80	15.50
1.185	19.82	15.50
1.185	19.84	15.50
1.185	19.84	15.50
1.185	19.84	15.50
1.184	19.84	15.50
1.184	19.84	15.50
1.184	19.85	15.50
1.184	19.86	15.50
1.183	19.88	15.50
1.183	19.88	15.50
1.183	19.88	15.50
1.183	19.88	15.50
1.183	19.88	15.50
1.182	19.89	15.50
1.182	19.91	15.50
1.181	19.92	15.50
1.181	19.92	15.50
1.181	19.91	15.50
1.180	19.90	15.50
1.180	19.91	15.50
1.180	19.92	15.50
1.180	19.92	15.50
1.179	19.93	15.50
1.179	19.94	15.50
1.179	19.95	15.50
1.179	19.96	15.50
1.179	19.96	15.50
1.178	19.96	15.50
1.178	19.96	15.50
1.178	19.97	15.50
1.177	19.98	15.50
1.177	19.99	15.50
1.177	20.01	15.50
1.177	20.01	15.50
1.176	20.02	15.50
1.176	20.04	15.50
1.176	20.03	15.50
1.175	20.02	15.50
1.175	20.03	15.50
1.175	20.04	15.50
1.175	20.04	15.50
1.175	20.04	15.50
1.174	20.04	15.50
1.174	20.04	15.50
1.174	20.06	15.50
1.174	20.07	15.50
1.174	20.07	15.50
1.173	20.06	15.50
1.173	20.08	15.50
1.173	20.08	15.50
1.173	20.07	15.50
1.173	20.07	15.50
1.172	20.06	15.50
1.172	20.06	15.50
1.172	20.07	15.50
1.172	20.09	15.50
1.171	20.09	15.50
1.171	20.09	15.50
1.171	20.09	15.50
1.171	20.10	15.50
1.171	20.09	15.50
1.171	20.10	15.50
1.171	20.10	15.50
1.171	20.10	15.50
1.170	20.09	15.50
1.169	20.09	15.50
1.169	20.09	15.50
1.169	20.10	15.50
1.169	20.10	15.50
1.169	20.12	15.50
1.168	20.14	15.50
1.168	20.14	15.50
1.168	20.11	15.50
1.167	20.14	15.50
1.167	20.14	15.50
1.167	20.16	15.50
1.167	20.18	15.50
1.167	20.18	15.50
1.166	20.19	15.50
1.166	20.17	15.50
1.166	20.18	15.50
1.166	20.18	15.50
1.165	20.19	15.50
1.165	20.19	15.50
1.164	20.18	15.50
1.164	20.19	15.50
1.164	20.20	15.50
1.164	20.23	15.50
1.163	20.23	15.50
1.163	20.23	15.50
1.163	20.24	15.50
1.163	20.26	15.50
1.163	20.28	15.50
1.162	20.28	15.50
1.162	20.28	15.50
1.162	20.29	15.50
1.162	20.30	15.50
1.162	20.31	15.50
1.161	20.31	15.50
1.161	20.31	15.50
1.161	20.31	15.50
1.160	20.32	15.50
1.160	20.31	15.50
1.160	20.31	15.50
1.159	20.32	15.50
1.159	20.35	15.50
1.159	20.37	15.50
1.159	20.38	15.50
1.158	20.38	15.50
1.158	20.38	15.50
1.158	20.39	15.50
1.157	20.41	15.50
1.157	20.42	15.50
1.157	20.42	15.50
1.156	20.43	15.50
1.156	20.43	15.50
1.156	20.43	15.50
1.155	20.43	15.50
1.155	20.43	15.50
1.155	20.44	15.50
1.155	20.45	15.50
1.155	20.45	15.50
1.154	20.46	15.50
1.154	20.47	15.50
1.154	20.48	15.50
1.154	20.48	15.50
1.154	20.48	15.50
1.154	20.48	15.50
1.153	20.48	15.51
1.153	20.49	15.51
1.153	20.50	15.51
1.153	20.50	15.51
1.153	20.49	15.51
1.153	20.50	15.51
1.152	20.51	15.51
1.152	20.51	15.51
1.151	20.52	15.51
1.151	20.55	15.51
1.151	20.55	15.51
1.151	20.55	15.51
1.150	20.55	15.51
1.150	20.55	15.51
1.150	20.57	15.51
1.150	20.58	15.51
1.149	20.59	15.51
1.149	20.59	15.51
1.149	20.58	15.51
1.148	20.60	15.51
1.148	20.60	15.51
1.148	20.59	15.51
1.147	20.60	15.51
1.147	20.61	15.51
1.147	20.60	15.51
1.147	20.60	15.51
1.146	20.60	15.51
1.145	20.63	15.51
1.145	20.62	15.51
1.145	20.65	15.51
1.145	20.63	15.51
1.144	20.62	15.51
1.144	20.66	15.51
1.144	20.64	15.51
1.143	20.66	15.51
1.143	20.67	15.51
1.143	20.68	15.51
1.143	20.66	15.51
1.143	20.66	15.51
1.143	20.65	15.51
1.142	20.66	15.51
1.142	20.67	15.51
1.142	20.67	15.51
1.142	20.67	15.51
1.142	20.67	15.51
1.141	20.70	15.51
1.141	20.70	15.51
1.141	20.71	15.51
1.140	20.72	15.51
1.140	20.73	15.51
1.140	20.74	15.51
1.140	20.73	15.51
1.140	20.74	15.51
1.140	20.76	15.51
1.139	20.76	15.51
1.139	20.77	15.51
1.139	20.79	15.51
1.138	20.79	15.51
1.138	20.79	15.51
1.137	20.81	15.51
1.137	20.82	15.51
1.137	20.82	15.51
1.137	20.81	15.51
1.136	20.82	15.51
1.136	20.83	15.51
1.136	20.84	15.51
1.135	20.85	15.51
1.135	20.86	15.51
1.135	20.87	15.51
1.134	20.87	15.51
1.134	20.87	15.51
1.134	20.87	15.51
1.134	20.87	15.51
1.134	20.88	15.51
1.133	20.89	15.51
1.133	20.89	15.51
1.133	20.90	15.51
1.133	20.89	15.51
1.132	20.88	15.51
1.132	20.89	15.51
1.132	20.89	15.51
1.132	20.90	15.51
1.131	20.91	15.51
1.131	20.92	15.51
1.131	20.94	15.51
1.131	20.94	15.51
1.131	20.94	15.51
1.130	20.94	15.51
1.130	20.96	15.51
1.130	20.96	15.51
1.130	20.96	15.51
1.129	20.96	15.51
1.129	20.97	15.51
1.129	20.99	15.51
1.129	21.00	15.51
1.129	21.00	15.51
1.128	21.01	15.51
1.128	21.01	15.51
1.128	21.00	15.51
1.128	21.00	15.51
1.127	21.02	15.51
1.127	21.01	15.51
1.127	21.03	15.51
1.127	21.03	15.51
1.127	21.02	15.51
1.126	21.02	15.51
1.126	21.03	15.51
1.126	21.04	15.51
1.126	21.04	15.51
1.126	21.04	15.51
1.125	21.06	15.51
1.125	21.06	15.51
1.125	21.05	15.51
1.125	21.06	15.51
1.125	21.06	15.51
1.125	21.06	15.51
1.124	21.07	15.51
1.124	21.08	15.51
1.124	21.07	15.51
1.124	21.06	15.51
1.124	21.06	15.51
1.124	21.06	15.51
1.124	21.08	15.51
1.123	21.08	15.51
1.123	21.08	15.51
1.123	21.08	15.51
1.123	21.08	15.51
1.123	21.08	15.51
1.123	21.08	15.51
1.123	21.08	15.51
1.123	21.08	15.51
1.123	21.08	15.51
1.123	21.08	15.51
1.122	21.09	15.51
1.122	21.09	15.51
1.122	21.09	15.51
1.122	21.11	15.51
1.121	21.07	15.51
1.121	21.13	15.51
1.120	21.15	15.51
1.120	21.15	15.51
1.120	21.15	15.51
1.120	21.13	15.51
1.120	21.11	15.51
1.119	21.11	15.51
1.119	21.14	15.51
1.119	21.15	15.51
1.119	21.15	15.51
1.119	21.16	15.51
1.118	21.16	15.51
1.118	21.17	15.51
1.118	21.17	15.51
1.118	21.16	15.51
1.117	21.16	15.51
1.117	21.17	15.51
1.117	21.20	15.51
1.117	21.21	15.51
1.117	21.22	15.51
1.117	21.23	15.51
1.117	21.23	15.51
1.117	21.23	15.51
1.116	21.23	15.51
1.116	21.25	15.51
1.116	21.25	15.51
1.116	21.25	15.51
1.116	21.26	15.51
1.115	21.26	15.51
1.115	21.27	15.51
1.115	21.28	15.51
1.115	21.28	15.51
1.115	21.28	15.51
1.114	21.28	15.51
1.114	21.28	15.51
1.114	21.28	15.51
1.114	21.28	15.51
1.114	21.29	15.51
1.114	21.30	15.51
1.113	21.30	15.51
1.113	21.30	15.51
1.113	21.32	15.51
1.113	21.32	15.51
1.113	21.33	15.51
1.112	21.32	15.51
1.112	21.34	15.51
1.112	21.34	15.51
1.111	21.35	15.51
1.111	21.36	15.51
1.111	21.36	15.51
1.111	21.36	15.51
1.110	21.35	15.51
1.110	21.37	15.51
1.110	21.38	15.51
1.110	21.40	15.51
1.109	21.41	15.51
1.109	21.41	15.51
1.109	21.41	15.51
1.109	21.42	15.51
1.109	21.41	15.51
1.108	21.41	15.51
1.108	21.41	15.51
1.108	21.41	15.51
1.108	21.42	15.51
1.108	21.43	15.51
1.107	21.44	15.51
1.107	21.44	15.51
1.107	21.43	15.51
1.107	21.44	15.51
1.107	21.45	15.51
1.106	21.46	15.51
1.106	21.47	15.51
1.106	21.47	15.51
1.106	21.49	15.51
1.105	21.49	15.51
1.105	21.49	15.51
1.105	21.49	15.51
1.105	21.49	15.51
1.105	21.49	15.51
1.104	21.50	15.51
1.104	21.50	15.51
1.104	21.50	15.51
1.103	21.52	15.51
1.103	21.53	15.51
1.103	21.52	15.51
1.103	21.53	15.51
1.103	21.52	15.51
1.102	21.53	15.51
1.102	21.54	15.51
1.102	21.54	15.51
1.102	21.55	15.51
1.101	21.56	15.51
1.101	21.56	15.51
1.101	21.56	15.51
1.100	21.56	15.51
1.100	21.56	15.51
1.100	21.56	15.51
1.100	21.56	15.51
1.100	21.57	15.51
1.100	21.57	15.51
1.099	21.56	15.51
1.099	21.58	15.51
1.099	21.58	15.51
1.098	21.58	15.51
1.098	21.57	15.51
1.098	21.55	15.51
1.098	21.54	15.51
1.098	21.57	15.51
1.098	21.58	15.51
1.097	21.60	15.51
1.097	21.63	15.52
1.097	21.64	15.52
1.097	21.64	15.52
1.097	21.62	15.52
1.097	21.61	15.52
1.097	21.63	15.52
1.096	21.61	15.52
1.096	21.63	15.52
1.096	21.64	15.52
1.096	21.66	15.52
1.095	21.67	15.52
1.095	21.68	15.52
1.095	21.68	15.52
1.095	21.68	15.52
1.095	21.68	15.52
1.094	21.68	15.52
1.094	21.70	15.52
1.094	21.72	15.52
1.094	21.71	15.52
1.094	21.71	15.52
1.093	21.72	15.52
1.093	21.74	15.52
1.093	21.75	15.52
1.093	21.76	15.52
1.093	21.76	15.52
1.093	21.76	15.52
1.092	21.76	15.52
1.092	21.76	15.52
1.092	21.77	15.52
1.092	21.77	15.52
1.091	21.78	15.52
1.091	21.78	15.52
1.091	21.78	15.52
1.090	21.79	15.52
1.090	21.80	15.52
1.090	21.81	15.52
1.089	21.82	15.52
1.089	21.82	15.52
1.089	21.81	15.52
1.088	21.80	15.52
1.088	21.80	15.52
1.088	21.82	15.52
1.088	21.83	15.52
1.088	21.86	15.52
1.087	21.86	15.52
1.087	21.85	15.52
1.087	21.87	15.52
1.087	21.87	15.52
1.086	21.87	15.52
1.086	21.89	15.52
1.086	21.89	15.52
1.086	21.89	15.52
1.085	21.88	15.52
1.085	21.89	15.52
1.085	21.89	15.52
1.085	21.91	15.52
1.085	21.92	15.52
1.085	21.93	15.52
1.084	21.93	15.52
1.084	21.94	15.52
1.084	21.97	15.52
1.084	21.97	15.52
1.083	21.97	15.52
1.083	21.99	15.52
1.083	21.99	15.52
1.083	21.99	15.52
1.082	21.99	15.52
1.082	22.00	15.52
1.082	22.00	15.52
1.082	22.03	15.52
1.082	22.03	15.52
1.081	22.02	15.52
1.081	22.01	15.52
1.081	22.03	15.52
1.081	22.03	15.52
1.081	22.03	15.52
1.080	22.03	15.52
1.080	22.03	15.52
1.080	22.04	15.52
1.080	22.05	15.52
1.080	22.04	15.52
1.079	22.03	15.52
1.079	22.03	15.52
1.079	22.03	15.52
1.079	22.03	15.52
1.079	22.05	15.52
1.078	22.06	15.52
1.078	22.08	15.52
1.078	22.08	15.52
1.077	22.10	15.52
1.077	22.10	15.52
1.077	22.12	15.52
1.077	22.13	15.52
1.077	22.13	15.52
1.077	22.14	15.52
1.076	22.15	15.52
1.076	22.14	15.52
1.076	22.17	15.52
1.076	22.18	15.52
1.075	22.19	15.52
1.075	22.25	15.52
1.075	22.27	15.52
1.075	22.30	15.52
1.075	22.31	15.52
1.075	22.28	15.52
1.074	22.30	15.52
1.074	22.31	15.52
1.074	22.33	15.52
1.074	22.29	15.52
1.073	22.31	15.52
1.073	22.29	15.52
1.073	22.29	15.52
1.072	22.31	15.52
1.072	22.32	15.52
1.072	22.34	15.52
1.072	22.34	15.52
1.072	22.31	15.52
1.071	22.32	15.52
1.071	22.35	15.52
1.071	22.35	15.52
1.071	22.35	15.52
1.070	22.35	15.52
1.070	22.35	15.52
1.070	22.37	15.52
1.069	22.39	15.52
1.069	22.39	15.52
1.069	22.38	15.52
1.069	22.39	15.52
1.068	22.39	15.52
1.068	22.39	15.52
1.068	22.39	15.52
1.068	22.39	15.52
1.068	22.39	15.52
1.067	22.39	15.52
1.067	22.39	15.52
1.067	22.39	15.52
1.067	22.39	15.52
1.067	22.39	15.52
1.067	22.39	15.52
1.067	22.39	15.52
1.067	22.38	15.52
1.066	22.34	15.52
1.066	22.32	15.52
1.066	22.36	15.52
1.066	22.38	15.52
1.065	22.36	15.52
1.065	22.39	15.52
1.065	22.39	15.52
1.064	22.39	15.52
1.064	22.41	15.52
1.064	22.45	15.52
1.064	22.48	15.52
1.063	22.50	15.52
1.063	22.48	15.52
1.062	22.48	15.52
1.062	22.49	15.52
1.061	22.52	15.52
1.061	22.52	15.52
1.061	22.52	15.52
1.061	22.52	15.52
1.061	22.52	15.52
1.061	22.52	15.52
1.060	22.52	15.52
1.061	22.52	15.52
1.060	22.52	15.52
1.060	22.52	15.52
1.060	22.52	15.52
1.060	22.52	15.52
1.060	22.52	15.52
1.060	22.52	15.52
1.059	22.52	15.52
1.059	22.52	15.52
1.059	22.52	15.52
1.058	22.52	15.52
1.058	22.52	15.52
1.058	22.52	15.53
1.058	22.52	15.52
1.058	22.52	15.52
1.057	22.52	15.53
1.057	22.52	15.53
1.056	22.52	15.53
1.056	22.52	15.53
1.056	22.52	15.53
1.056	22.52	15.53
1.056	22.52	15.53
1.056	22.52	15.53
1.056	22.52	15.53
1.056	22.52	15.53
1.055	22.52	15.53
1.055	22.52	15.53
1.055	22.52	15.53
1.055	22.52	15.53
1.055	22.52	15.53
1.054	22.52	15.53
1.054	22.52	15.53
1.054	22.52	15.53
1.054	22.52	15.53
1.054	22.52	15.53
1.053	22.52	15.53
1.053	22.52	15.53
1.053	22.52	15.53
1.053	22.52	15.53
1.053	22.52	15.53
1.053	22.52	15.53
1.052	22.52	15.53
1.052	22.52	15.53
1.052	22.52	15.53
1.052	22.52	15.53
1.052	22.52	15.53
1.052	22.52	15.53
1.052	22.52	15.53
1.051	22.52	15.53
1.051	22.52	15.53
1.051	22.52	15.53
1.050	22.52	15.53
1.050	22.52	15.53
1.050	22.52	15.53
1.050	22.52	15.53
1.049	22.52	15.53
1.049	22.52	15.53
1.049	22.52	15.53
1.049	22.52	15.53
1.049	22.52	15.53
1.048	22.52	15.53
1.048	22.52	15.53
1.048	22.52	15.53
1.048	22.52	15.53
1.048	22.52	15.53
1.048	22.52	15.53
1.047	22.52	15.53
1.047	22.52	15.53
1.047	22.52	15.53
1.047	22.52	15.53
1.047	22.52	15.53
1.047	22.52	15.53
1.047	22.52	15.53
1.047	22.52	15.53
1.047	22.52	15.53
1.047	22.52	15.53
1.047	22.52	15.53
1.047	22.52	15.53
1.047	22.52	15.53
1.047	22.52	15.53
1.047	22.52	15.53
1.047	22.52	15.53
1.047	22.52	15.53
1.047	22.52	15.53
1.047	22.52	15.53
1.047	22.52	15.53
1.047	22.52	15.53
1.047	22.52	15.53
1.047	22.52	15.53
1.047	22.52	15.53
1.047	22.52	15.53
1.047	22.52	15.53
1.047	22.52	15.53
1.047	22.52	15.53
1.047	22.52	15.53
1.047	22.52	15.53
1.047	22.52	15.53
1.047	22.52	15.53
1.047	22.52	15.53
1.047	22.52	15.53
1.047	22.52	15.53
1.047	22.52	15.53
1.047	22.52	15.53
1.047	22.52	15.53
1.047	22.52	15.53
1.047	22.52	15.53
1.047	22.52	15.53
1.047	22.52	15.53
1.047	22.52	15.53
1.047	22.52	15.53
1.047	22.52	15.53
