1.080	22.52	25.10
1.081	22.52	25.10
1.080	22.52	25.10
1.080	22.52	25.10
1.080	22.52	25.10
1.080	22.52	25.10
1.080	22.52	25.10
1.080	22.52	25.10
1.080	22.52	25.10
1.080	22.52	25.10
1.080	22.52	25.10
1.080	22.52	25.10
1.080	22.52	25.10
1.080	22.52	25.10
1.081	22.52	25.10
1.081	22.52	25.10
1.081	22.52	25.10
1.081	22.52	25.10
1.081	22.52	25.10
1.081	22.52	25.10
1.081	22.52	25.10
1.081	22.52	25.10
1.081	22.52	25.10
1.081	22.52	25.10
1.081	22.52	25.10
1.081	22.52	25.10
1.081	22.52	25.10
1.081	22.52	25.10
1.081	22.52	25.10
1.081	22.52	25.10
1.081	22.52	25.10
1.081	22.52	25.10
1.081	22.52	25.10
1.081	22.52	25.10
1.081	22.52	25.10
1.081	22.52	25.10
1.081	22.52	25.10
1.081	22.52	25.10
1.081	22.52	25.10
1.081	22.52	25.10
1.081	22.52	25.10
1.081	22.52	25.10
1.081	22.52	25.10
1.081	22.52	25.10
1.081	22.52	25.10
1.081	22.52	25.10
1.081	22.52	25.10
1.081	22.52	25.10
1.081	22.52	25.10
1.081	22.52	25.10
1.081	22.52	25.10
1.081	22.52	25.10
1.081	22.52	25.10
1.081	22.52	25.10
1.081	22.52	25.10
1.081	22.52	25.10
1.081	22.52	25.10
1.081	22.52	25.10
1.081	22.52	25.10
1.081	22.52	25.10
1.081	22.52	25.10
1.081	22.52	25.10
1.081	22.52	25.10
1.081	22.52	25.10
1.081	22.52	25.10
1.081	22.52	25.10
1.081	22.52	25.10
1.081	22.52	25.10
1.081	22.52	25.10
1.081	22.52	25.10
1.081	22.52	25.10
1.081	22.52	25.10
1.081	22.52	25.10
1.081	22.52	25.10
1.081	22.52	25.10
1.081	22.52	25.10
1.081	22.52	25.10
1.081	22.52	25.10
1.081	22.52	25.10
1.081	22.52	25.10
1.081	22.52	25.10
1.081	22.52	25.10
1.081	22.52	25.10
1.081	22.52	25.10
1.081	22.52	25.10
1.081	22.52	25.10
1.081	22.52	25.10
1.081	22.52	25.10
1.081	22.52	25.10
1.081	22.52	25.10
1.081	22.52	25.10
1.081	22.52	25.10
1.081	22.52	25.10
1.081	22.52	25.10
1.081	22.52	25.10
1.081	22.52	25.10
1.081	22.52	25.10
1.081	22.52	25.10
1.081	22.52	25.10
1.081	22.52	25.10
1.081	22.52	25.10
1.081	22.52	25.10
1.081	22.52	25.10
1.081	22.52	25.10
1.081	22.52	25.10
1.081	22.52	25.10
1.081	22.52	25.10
1.081	22.52	25.10
1.081	22.52	25.10
1.081	22.52	25.10
1.081	22.52	25.10
1.081	22.52	25.10
1.081	22.52	25.10
1.081	22.52	25.10
1.081	22.52	25.10
1.081	22.52	25.10
1.081	22.52	25.10
1.081	22.52	25.10
1.082	22.52	25.10
1.082	22.52	25.10
1.082	22.52	25.10
1.082	22.52	25.10
1.082	22.52	25.10
1.083	22.52	25.10
1.083	22.52	25.10
1.083	22.52	25.10
1.083	22.52	25.10
1.083	22.52	25.10
1.084	22.52	25.10
1.084	22.52	25.10
1.084	22.52	25.10
1.084	22.52	25.10
1.085	22.52	25.10
1.085	22.52	25.10
1.085	22.52	25.10
1.085	22.52	25.10
1.085	22.52	25.10
1.086	22.52	25.10
1.086	22.52	25.10
1.086	22.52	25.09
1.086	22.52	25.09
1.086	22.52	25.09
1.087	22.52	25.09
1.087	22.52	25.09
1.087	22.52	25.09
1.087	22.52	25.09
1.087	22.52	25.09
1.088	22.52	25.09
1.088	22.52	25.09
1.088	22.52	25.09
1.089	22.52	25.09
1.089	22.52	25.09
1.090	22.52	25.09
1.090	22.52	25.09
1.090	22.52	25.09
1.090	22.52	25.09
1.090	22.52	25.09
1.090	22.52	25.09
1.090	22.52	25.09
1.091	22.52	25.09
1.091	22.52	25.09
1.091	22.52	25.09
1.092	22.52	25.09
1.092	22.52	25.09
1.092	22.52	25.09
1.092	22.52	25.09
1.092	22.52	25.09
1.092	22.52	25.09
1.093	22.52	25.09
1.093	22.52	25.09
1.093	22.52	25.09
1.093	22.51	25.09
1.093	22.52	25.09
1.094	22.52	25.09
1.094	22.52	25.09
1.094	22.52	25.09
1.094	22.52	25.09
1.094	22.52	25.09
1.094	22.52	25.09
1.094	22.52	25.09
1.094	22.52	25.09
1.094	22.52	25.09
1.094	22.52	25.09
1.095	22.52	25.09
1.095	22.52	25.09
1.095	22.52	25.09
1.095	22.52	25.09
1.095	22.52	25.09
1.096	22.52	25.09
1.096	22.52	25.09
1.096	22.52	25.09
1.096	22.52	25.09
1.096	22.52	25.09
1.096	22.52	25.09
1.096	22.52	25.09
1.096	22.52	25.09
1.096	22.52	25.09
1.096	22.52	25.09
1.096	22.52	25.09
1.096	22.52	25.09
1.096	22.52	25.09
1.097	22.52	25.09
1.097	22.52	25.09
1.097	22.52	25.09
1.097	22.51	25.09
1.097	22.48	25.09
1.097	22.47	25.09
1.097	22.45	25.09
1.098	22.45	25.09
1.098	22.42	25.09
1.098	22.42	25.09
1.098	22.39	25.09
1.098	22.39	25.09
1.099	22.39	25.09
1.099	22.39	25.09
1.099	22.39	25.09
1.099	22.39	25.09
1.099	22.39	25.09
1.099	22.39	25.09
1.099	22.39	25.09
1.099	22.39	25.09
1.099	22.39	25.09
1.099	22.39	25.09
1.099	22.39	25.09
1.099	22.39	25.09
1.100	22.35	25.09
1.100	22.37	25.09
1.100	22.35	25.09
1.100	22.37	25.09
1.101	22.39	25.09
1.101	22.39	25.09
1.101	22.39	25.09
1.102	22.39	25.09
1.102	22.39	25.09
1.102	22.39	25.09
1.102	22.39	25.09
1.102	22.39	25.09
1.102	22.39	25.09
1.102	22.39	25.09
1.103	22.39	25.09
1.103	22.39	25.09
1.103	22.39	25.09
1.103	22.39	25.09
1.103	22.39	25.09
1.104	22.39	25.09
1.104	22.39	25.09
1.104	22.39	25.09
1.104	22.39	25.09
1.104	22.39	25.09
1.104	22.39	25.09
1.104	22.39	25.09
1.104	22.39	25.09
1.104	22.39	25.09
1.104	22.35	25.09
1.105	22.35	25.09
1.105	22.35	25.09
1.105	22.38	25.09
1.105	22.36	25.09
1.105	22.35	25.09
1.105	22.35	25.09
1.106	22.35	25.09
1.106	22.35	25.09
1.106	22.33	25.09
1.106	22.31	25.09
1.106	22.34	25.09
1.106	22.34	25.09
1.106	22.32	25.09
1.107	22.35	25.09
1.107	22.35	25.09
1.107	22.35	25.09
1.107	22.35	25.09
1.107	22.34	25.09
1.107	22.35	25.09
1.107	22.33	25.09
1.107	22.28	25.09
1.107	22.26	25.09
1.107	22.26	25.09
1.107	22.26	25.09
1.107	22.26	25.09
1.107	22.26	25.09
1.107	22.24	25.09
1.108	22.26	25.09
1.108	22.26	25.09
1.108	22.26	25.09
1.109	22.27	25.09
1.109	22.26	25.09
1.109	22.26	25.09
1.109	22.26	25.09
1.109	22.23	25.09
1.109	22.22	25.09
1.110	22.26	25.09
1.110	22.26	25.09
1.110	22.26	25.09
1.110	22.23	25.09
1.110	22.20	25.09
1.110	22.22	25.09
1.111	22.18	25.09
1.111	22.18	25.09
1.111	22.15	25.09
1.111	22.14	25.09
1.111	22.14	25.09
1.111	22.13	25.09
1.111	22.10	25.09
1.112	22.11	25.09
1.112	22.11	25.09
1.112	22.13	25.09
1.112	22.11	25.09
1.112	22.10	25.09
1.113	22.08	25.09
1.113	22.09	25.09
1.113	22.10	25.09
1.113	22.09	25.09
1.113	22.07	25.09
1.113	22.05	25.09
1.114	22.05	25.09
1.114	22.04	25.09
1.114	22.03	25.09
1.114	22.03	25.09
1.114	22.03	25.09
1.115	22.04	25.09
1.115	22.01	25.09
1.115	21.99	25.09
1.115	21.99	25.09
1.115	21.99	25.09
1.116	21.99	25.09
1.116	21.99	25.09
1.116	21.99	25.09
1.116	21.99	25.09
1.116	21.99	25.09
1.116	21.99	25.09
1.116	21.99	25.09
1.116	21.99	25.09
1.116	21.99	25.09
1.116	21.99	25.09
1.116	21.99	25.09
1.116	21.99	25.09
1.116	21.99	25.09
1.116	21.99	25.09
1.116	21.99	25.09
1.117	21.97	25.09
1.116	21.97	25.09
1.117	21.96	25.09
1.117	21.95	25.09
1.117	21.94	25.09
1.117	21.93	25.09
1.117	21.95	25.09
1.117	21.93	25.09
1.118	21.93	25.09
1.118	21.93	25.09
1.118	21.93	25.09
1.118	21.92	25.09
1.118	21.92	25.09
1.118	21.93	25.09
1.118	21.93	25.09
1.118	21.93	25.09
1.118	21.93	25.09
1.119	21.93	25.09
1.119	21.93	25.09
1.119	21.93	25.09
1.119	21.91	25.09
1.119	21.91	25.09
1.119	21.89	25.09
1.120	21.89	25.09
1.120	21.89	25.09
1.120	21.89	25.09
1.120	21.90	25.09
1.120	21.89	25.09
1.120	21.89	25.09
1.120	21.89	25.09
1.120	21.89	25.09
1.121	21.89	25.09
1.121	21.89	25.09
1.121	21.88	25.09
1.121	21.87	25.09
1.121	21.87	25.09
1.121	21.87	25.09
1.122	21.87	25.09
1.122	21.86	25.09
1.122	21.83	25.09
1.122	21.82	25.09
1.122	21.82	25.09
1.123	21.82	25.09
1.123	21.81	25.09
1.123	21.82	25.09
1.123	21.80	25.09
1.123	21.80	25.09
1.123	21.80	25.09
1.123	21.80	25.09
1.123	21.82	25.09
1.123	21.82	25.09
1.124	21.83	25.09
1.124	21.82	25.09
1.124	21.82	25.09
1.124	21.82	25.09
1.124	21.82	25.09
1.124	21.82	25.09
1.124	21.82	25.09
1.124	21.81	25.09
1.125	21.79	25.09
1.125	21.78	25.09
1.125	21.78	25.09
1.125	21.78	25.09
1.125	21.78	25.09
1.125	21.78	25.09
1.125	21.78	25.09
1.125	21.78	25.09
1.125	21.78	25.09
1.125	21.79	25.09
1.126	21.78	25.09
1.126	21.78	25.09
1.126	21.78	25.09
1.126	21.78	25.09
1.126	21.78	25.09
1.126	21.78	25.09
1.126	21.78	25.09
1.126	21.78	25.09
1.126	21.78	25.09
1.126	21.77	25.09
1.126	21.78	25.09
1.126	21.78	25.09
1.126	21.76	25.09
1.127	21.76	25.09
1.127	21.75	25.09
1.127	21.74	25.09
1.127	21.73	25.09
1.127	21.74	25.09
1.128	21.74	25.09
1.128	21.74	25.09
1.128	21.73	25.09
1.128	21.73	25.09
1.128	21.75	25.09
1.128	21.73	25.09
1.128	21.72	25.09
1.128	21.72	25.09
1.128	21.72	25.09
1.128	21.72	25.09
1.129	21.71	25.09
1.129	21.70	25.09
1.129	21.72	25.09
1.129	21.71	25.09
1.129	21.70	25.09
1.129	21.69	25.09
1.130	21.68	25.09
1.130	21.68	25.09
1.130	21.68	25.09
1.131	21.68	25.09
1.131	21.68	25.09
1.131	21.66	25.09
1.131	21.66	25.09
1.131	21.65	25.09
1.132	21.64	25.09
1.132	21.64	25.09
1.133	21.63	25.09
1.133	21.63	25.09
1.133	21.62	25.09
1.134	21.62	25.09
1.134	21.61	25.09
1.134	21.60	25.09
1.134	21.60	25.09
1.134	21.60	25.09
1.134	21.59	25.09
1.134	21.59	25.09
1.134	21.59	25.09
1.134	21.58	25.09
1.135	21.58	25.09
1.135	21.58	25.09
1.135	21.58	25.09
1.135	21.58	25.09
1.135	21.58	25.09
1.136	21.58	25.09
1.136	21.58	25.09
1.136	21.58	25.09
1.136	21.58	25.09
1.136	21.58	25.09
1.136	21.58	25.09
1.136	21.56	25.09
1.136	21.56	25.09
1.137	21.56	25.09
1.137	21.56	25.09
1.137	21.56	25.09
1.137	21.56	25.09
1.137	21.55	25.09
1.137	21.55	25.09
1.137	21.55	25.09
1.138	21.55	25.09
1.137	21.55	25.09
1.138	21.55	25.09
1.138	21.55	25.09
1.138	21.55	25.09
1.138	21.55	25.09
1.138	21.55	25.09
1.138	21.55	25.09
1.138	21.55	25.09
1.138	21.54	25.09
1.138	21.55	25.09
1.138	21.53	25.09
1.138	21.54	25.09
1.138	21.52	25.09
1.138	21.53	25.09
1.138	21.54	25.09
1.138	21.54	25.09
1.138	21.55	25.09
1.138	21.53	25.09
1.138	21.51	25.09
1.138	21.52	25.09
1.138	21.51	25.09
1.139	21.52	25.09
1.139	21.52	25.09
1.139	21.51	25.09
1.139	21.51	25.09
1.139	21.51	25.09
1.140	21.51	25.09
1.140	21.49	25.09
1.141	21.48	25.09
1.141	21.47	25.09
1.142	21.45	25.09
1.142	21.45	25.09
1.143	21.45	25.09
1.143	21.44	25.09
1.143	21.43	25.09
1.143	21.41	25.09
1.143	21.41	25.09
1.143	21.42	25.09
1.144	21.42	25.09
1.144	21.42	25.09
1.144	21.41	25.09
1.144	21.41	25.09
1.144	21.40	25.09
1.144	21.39	25.09
1.144	21.38	25.09
1.144	21.38	25.09
1.144	21.38	25.09
1.144	21.38	25.09
1.144	21.38	25.09
1.145	21.38	25.09
1.145	21.36	25.09
1.145	21.36	25.09
1.145	21.36	25.09
1.145	21.36	25.09
1.145	21.36	25.09
1.145	21.35	25.09
1.145	21.35	25.09
1.145	21.36	25.09
1.146	21.35	25.09
1.146	21.34	25.09
1.146	21.34	25.09
1.146	21.34	25.09
1.146	21.34	25.09
1.147	21.34	25.09
1.147	21.35	25.09
1.147	21.35	25.09
1.147	21.35	25.09
1.147	21.34	25.09
1.147	21.34	25.09
1.148	21.34	25.09
1.148	21.33	25.09
1.148	21.32	25.09
1.148	21.32	25.09
1.148	21.30	25.09
1.148	21.30	25.08
1.148	21.30	25.08
1.148	21.30	25.08
1.148	21.30	25.08
1.148	21.30	25.08
1.148	21.30	25.08
1.148	21.30	25.08
1.148	21.30	25.08
1.149	21.30	25.08
1.149	21.31	25.08
1.149	21.28	25.08
1.149	21.28	25.08
1.149	21.28	25.08
1.149	21.28	25.08
1.149	21.28	25.08
1.149	21.28	25.08
1.149	21.28	25.08
1.149	21.28	25.08
1.150	21.28	25.08
1.150	21.28	25.08
1.150	21.28	25.08
1.150	21.28	25.08
1.151	21.27	25.08
1.151	21.27	25.08
1.151	21.27	25.08
1.151	21.27	25.08
1.151	21.27	25.08
1.151	21.27	25.08
1.151	21.27	25.08
1.151	21.27	25.08
1.151	21.26	25.08
1.151	21.25	25.08
1.151	21.25	25.08
1.151	21.25	25.08
1.151	21.25	25.08
1.151	21.25	25.08
1.151	21.25	25.08
1.151	21.26	25.08
1.151	21.27	25.08
1.151	21.27	25.08
1.151	21.27	25.08
1.151	21.26	25.08
1.152	21.26	25.08
1.151	21.25	25.08
1.151	21.24	25.08
1.152	21.24	25.08
1.152	21.24	25.08
1.152	21.24	25.08
1.152	21.23	25.08
1.152	21.23	25.08
1.152	21.23	25.08
1.153	21.23	25.08
1.153	21.23	25.08
1.153	21.23	25.08
1.153	21.23	25.08
1.153	21.23	25.08
1.153	21.23	25.08
1.153	21.23	25.08
1.153	21.23	25.08
1.153	21.23	25.08
1.153	21.23	25.08
1.153	21.22	25.08
1.154	21.21	25.08
1.154	21.19	25.08
1.154	21.19	25.08
1.154	21.18	25.08
1.154	21.18	25.08
1.154	21.18	25.08
1.154	21.18	25.08
1.154	21.18	25.08
1.155	21.18	25.08
1.154	21.17	25.08
1.155	21.17	25.08
1.155	21.17	25.08
1.155	21.17	25.08
1.155	21.16	25.08
1.155	21.15	25.08
1.155	21.15	25.08
1.155	21.15	25.08
1.155	21.15	25.08
1.155	21.15	25.08
1.156	21.15	25.08
1.156	21.15	25.08
1.156	21.15	25.08
1.156	21.15	25.08
1.156	21.15	25.08
1.156	21.14	25.08
1.157	21.14	25.08
1.157	21.13	25.08
1.157	21.13	25.08
1.157	21.13	25.08
1.157	21.13	25.08
1.158	21.13	25.08
1.158	21.13	25.08
1.158	21.13	25.08
1.158	21.12	25.08
1.158	21.11	25.08
1.158	21.10	25.08
1.158	21.10	25.08
1.158	21.09	25.08
1.158	21.08	25.08
1.159	21.08	25.08
1.159	21.08	25.08
1.159	21.08	25.08
1.159	21.08	25.08
1.159	21.08	25.08
1.159	21.08	25.08
1.159	21.08	25.08
1.159	21.08	25.08
1.160	21.08	25.08
1.160	21.08	25.08
1.160	21.07	25.08
1.160	21.06	25.08
1.160	21.04	25.08
1.160	21.05	25.08
1.160	21.05	25.08
1.161	21.05	25.08
1.161	21.04	25.08
1.161	21.04	25.08
1.161	21.04	25.08
1.162	21.04	25.08
1.162	21.04	25.08
1.162	21.04	25.08
1.162	21.04	25.08
1.162	21.02	25.08
1.163	21.01	25.08
1.163	21.00	25.08
1.163	21.00	25.08
1.163	21.00	25.08
1.164	21.00	25.08
1.164	20.99	25.08
1.164	20.99	25.08
1.164	21.00	25.08
1.164	21.00	25.08
1.165	21.00	25.08
1.165	21.00	25.08
1.165	21.00	25.08
1.165	21.00	25.08
1.165	20.98	25.08
1.165	20.98	25.08
1.165	20.98	25.08
1.166	20.96	25.08
1.166	20.95	25.08
1.166	20.94	25.08
1.167	20.94	25.08
1.167	20.94	25.08
1.167	20.92	25.08
1.168	20.92	25.08
1.168	20.91	25.08
1.168	20.89	25.08
1.168	20.89	25.08
1.168	20.89	25.08
1.169	20.88	25.08
1.169	20.89	25.08
1.169	20.90	25.08
1.169	20.90	25.08
1.169	20.90	25.08
1.169	20.90	25.08
1.170	20.90	25.08
1.170	20.90	25.08
1.170	20.90	25.08
1.170	20.90	25.08
1.170	20.90	25.08
1.170	20.90	25.08
1.170	20.90	25.08
1.170	20.90	25.08
1.170	20.90	25.08
1.170	20.90	25.08
1.170	20.89	25.08
1.170	20.88	25.08
1.170	20.87	25.08
1.170	20.87	25.08
1.171	20.87	25.08
1.171	20.87	25.08
1.171	20.87	25.08
1.171	20.87	25.08
1.171	20.87	25.08
1.171	20.85	25.08
1.171	20.85	25.08
1.171	20.85	25.08
1.171	20.84	25.08
1.172	20.84	25.08
1.172	20.84	25.08
1.172	20.84	25.08
1.172	20.84	25.08
1.172	20.84	25.08
1.172	20.85	25.08
1.172	20.84	25.08
1.172	20.84	25.08
1.172	20.84	25.08
1.172	20.82	25.08
1.172	20.82	25.08
1.172	20.83	25.08
1.172	20.83	25.08
1.172	20.83	25.08
1.172	20.82	25.08
1.172	20.82	25.08
1.172	20.81	25.08
1.172	20.81	25.08
1.172	20.81	25.08
1.172	20.81	25.08
1.172	20.80	25.08
1.172	20.81	25.08
1.173	20.81	25.08
1.173	20.82	25.08
1.174	20.81	25.08
1.174	20.80	25.08
1.174	20.80	25.08
1.174	20.79	25.08
1.174	20.79	25.08
1.174	20.79	25.08
1.174	20.78	25.08
1.175	20.77	25.08
1.175	20.79	25.08
1.175	20.79	25.08
1.175	20.78	25.08
1.175	20.77	25.08
1.175	20.77	25.08
1.175	20.77	25.08
1.175	20.77	25.08
1.175	20.77	25.08
1.175	20.77	25.08
1.175	20.77	25.08
1.175	20.77	25.08
1.176	20.77	25.08
1.175	20.77	25.08
1.176	20.77	25.08
1.176	20.77	25.08
1.176	20.76	25.08
1.176	20.75	25.08
1.177	20.75	25.08
1.177	20.74	25.08
1.177	20.75	25.08
1.177	20.74	25.08
1.177	20.74	25.08
1.177	20.73	25.08
1.178	20.73	25.08
1.178	20.71	25.08
1.178	20.72	25.08
1.178	20.73	25.08
1.178	20.73	25.08
1.179	20.72	25.08
1.179	20.72	25.08
1.180	20.71	25.08
1.180	20.70	25.08
1.180	20.69	25.08
1.180	20.70	25.08
1.180	20.69	25.08
1.180	20.68	25.08
1.180	20.67	25.08
1.181	20.67	25.08
1.181	20.67	25.08
1.181	20.67	25.08
1.181	20.67	25.08
1.181	20.67	25.08
1.182	20.67	25.08
1.182	20.67	25.08
1.182	20.67	25.08
1.182	20.66	25.08
1.182	20.65	25.08
1.182	20.64	25.08
1.182	20.63	25.08
1.183	20.63	25.08
1.183	20.62	25.08
1.183	20.62	25.08
1.183	20.62	25.08
1.183	20.63	25.08
1.183	20.64	25.08
1.183	20.64	25.08
1.184	20.62	25.08
1.184	20.62	25.08
1.184	20.61	25.08
1.185	20.62	25.08
1.185	20.60	25.08
1.185	20.60	25.08
1.185	20.60	25.08
1.186	20.60	25.08
1.186	20.59	25.08
1.186	20.57	25.08
1.186	20.57	25.08
1.186	20.57	25.08
1.186	20.57	25.08
1.186	20.57	25.08
1.186	20.58	25.08
1.187	20.58	25.08
1.187	20.58	25.08
1.186	20.59	25.08
1.187	20.57	25.08
1.187	20.55	25.08
1.187	20.55	25.08
1.187	20.55	25.08
1.187	20.56	25.08
1.187	20.55	25.08
1.187	20.55	25.08
1.187	20.55	25.08
1.188	20.55	25.08
1.188	20.53	25.08
1.188	20.53	25.08
1.189	20.53	25.08
1.189	20.53	25.08
1.189	20.52	25.08
1.189	20.51	25.08
1.190	20.50	25.08
1.190	20.50	25.08
1.190	20.49	25.08
1.190	20.47	25.08
1.191	20.46	25.08
1.192	20.45	25.08
1.192	20.44	25.08
1.192	20.44	25.08
1.192	20.43	25.08
1.193	20.43	25.08
1.193	20.43	25.08
1.193	20.43	25.08
1.193	20.43	25.08
1.193	20.43	25.08
1.194	20.43	25.08
1.194	20.43	25.08
1.194	20.41	25.08
1.195	20.40	25.08
1.195	20.38	25.08
1.196	20.37	25.08
1.196	20.36	25.08
1.196	20.36	25.08
1.196	20.36	25.08
1.196	20.36	25.08
1.197	20.36	25.08
1.197	20.35	25.08
1.197	20.35	25.08
1.197	20.35	25.08
1.197	20.33	25.08
1.198	20.33	25.08
1.198	20.33	25.08
1.198	20.33	25.08
1.198	20.32	25.08
1.198	20.33	25.08
1.198	20.33	25.08
1.198	20.33	25.08
1.198	20.33	25.08
1.198	20.32	25.08
1.198	20.31	25.08
1.198	20.32	25.08
1.198	20.32	25.08
1.198	20.31	25.08
1.199	20.31	25.08
1.199	20.31	25.08
1.199	20.31	25.08
1.199	20.29	25.08
1.200	20.27	25.08
1.200	20.26	25.08
1.200	20.26	25.08
1.201	20.27	25.08
1.201	20.25	25.08
1.202	20.25	25.08
1.202	20.25	25.08
1.202	20.23	25.08
1.202	20.23	25.08
1.202	20.21	25.08
1.203	20.21	25.08
1.203	20.21	25.08
1.203	20.20	25.08
1.203	20.21	25.08
1.204	20.22	25.08
1.204	20.22	25.08
1.204	20.21	25.08
1.205	20.20	25.08
1.205	20.19	25.08
1.205	20.18	25.08
1.205	20.17	25.08
1.205	20.16	25.08
1.205	20.16	25.08
1.205	20.15	25.08
1.206	20.14	25.08
1.206	20.14	25.08
1.206	20.14	25.08
1.206	20.14	25.08
1.207	20.14	25.08
1.207	20.14	25.08
1.207	20.15	25.08
1.207	20.16	25.08
1.207	20.14	25.08
1.208	20.13	25.08
1.208	20.13	25.08
1.208	20.13	25.08
1.208	20.13	25.08
1.208	20.12	25.08
1.208	20.11	25.08
1.209	20.11	25.08
1.209	20.11	25.08
1.209	20.11	25.08
1.209	20.10	25.08
1.209	20.10	25.08
1.210	20.10	25.08
1.210	20.10	25.08
1.210	20.07	25.08
1.210	20.07	25.08
1.210	20.07	25.08
1.211	20.08	25.08
1.211	20.07	25.08
1.211	20.08	25.08
1.211	20.08	25.08
1.211	20.07	25.08
1.211	20.06	25.08
1.212	20.06	25.08
1.212	20.07	25.08
1.212	20.07	25.08
1.212	20.07	25.08
1.212	20.06	25.08
1.212	20.06	25.08
1.212	20.04	25.08
1.212	20.04	25.08
1.213	20.04	25.08
1.213	20.04	25.08
1.213	20.04	25.08
1.213	20.04	25.08
1.213	20.04	25.08
1.213	20.04	25.08
1.214	20.04	25.08
1.214	20.03	25.08
1.214	20.03	25.08
1.214	20.03	25.08
1.214	20.02	25.08
1.214	20.02	25.08
1.214	20.01	25.08
1.214	20.01	25.08
1.215	20.01	25.08
1.215	19.99	25.08
1.215	19.98	25.08
1.216	19.99	25.08
1.216	19.97	25.08
1.217	19.96	25.08
1.217	19.94	25.08
1.217	19.93	25.08
1.218	19.93	25.08
1.218	19.92	25.08
1.218	19.92	25.08
1.218	19.92	25.08
1.219	19.90	25.08
1.219	19.91	25.08
1.219	19.90	25.08
1.219	19.91	25.08
1.219	19.91	25.08
1.219	19.92	25.08
1.220	19.92	25.08
1.220	19.92	25.08
1.220	19.91	25.08
1.220	19.89	25.08
1.220	19.89	25.08
1.221	19.89	25.08
1.221	19.89	25.08
1.221	19.89	25.08
1.221	19.89	25.08
1.221	19.89	25.08
1.221	19.89	25.08
1.221	19.89	25.08
1.222	19.88	25.08
1.222	19.86	25.08
1.222	19.85	25.08
1.223	19.84	25.08
1.223	19.84	25.08
1.223	19.84	25.08
1.223	19.84	25.08
1.223	19.85	25.08
1.224	19.85	25.08
1.224	19.84	25.08
1.224	19.84	25.08
1.224	19.82	25.08
1.224	19.82	25.08
1.224	19.80	25.08
1.225	19.80	25.08
1.225	19.80	25.08
1.225	19.80	25.08
1.225	19.80	25.08
1.225	19.80	25.08
1.225	19.80	25.08
1.225	19.80	25.08
1.225	19.80	25.08
1.225	19.80	25.08
1.225	19.77	25.08
1.226	19.75	25.08
1.226	19.76	25.08
1.226	19.76	25.08
1.227	19.74	25.08
1.227	19.75	25.08
1.227	19.76	25.08
1.227	19.77	25.08
1.227	19.78	25.08
1.227	19.78	25.08
1.228	19.78	25.08
1.228	19.76	25.08
1.229	19.76	25.08
1.229	19.75	25.08
1.229	19.73	25.08
1.230	19.72	25.08
1.230	19.72	25.08
1.230	19.72	25.08
1.230	19.72	25.08
1.231	19.72	25.08
1.231	19.72	25.08
1.231	19.72	25.08
1.231	19.69	25.08
1.232	19.65	25.08
1.232	19.64	25.08
1.232	19.65	25.08
1.232	19.65	25.08
1.232	19.65	25.08
1.233	19.65	25.08
1.233	19.64	25.08
1.233	19.64	25.08
1.233	19.64	25.08
1.233	19.64	25.08
1.234	19.64	25.08
1.234	19.64	25.08
1.234	19.62	25.08
1.234	19.62	25.08
1.234	19.61	25.08
1.234	19.62	25.08
1.235	19.61	25.08
1.235	19.61	25.08
1.235	19.60	25.08
1.235	19.61	25.08
1.235	19.57	25.08
1.236	19.57	25.08
1.236	19.56	25.08
1.236	19.57	25.08
1.236	19.56	25.08
1.236	19.55	25.08
1.237	19.55	25.08
1.237	19.56	25.08
1.237	19.57	25.08
1.237	19.58	25.08
1.237	19.58	25.08
1.237	19.59	25.08
1.238	19.58	25.08
1.238	19.56	25.08
1.238	19.56	25.08
1.238	19.56	25.08
1.238	19.56	25.08
1.238	19.55	25.08
1.239	19.55	25.08
1.239	19.55	25.08
1.239	19.55	25.08
1.239	19.54	25.08
1.239	19.55	25.08
1.239	19.55	25.08
1.239	19.55	25.08
1.240	19.55	25.08
1.240	19.55	25.08
1.240	19.54	25.08
1.241	19.54	25.08
1.241	19.54	25.08
1.241	19.52	25.08
1.241	19.53	25.08
1.241	19.52	25.08
1.242	19.52	25.08
1.242	19.52	25.08
1.242	19.52	25.08
1.243	19.52	25.08
1.243	19.52	25.08
1.243	19.52	25.08
1.243	19.51	25.08
1.243	19.49	25.08
1.243	19.50	25.08
1.244	19.48	25.08
1.244	19.48	25.08
1.244	19.48	25.08
1.244	19.48	25.08
1.244	19.48	25.08
1.244	19.48	25.08
1.244	19.48	25.08
1.244	19.48	25.08
1.245	19.47	25.08
1.245	19.47	25.08
1.245	19.46	25.08
1.245	19.46	25.08
1.246	19.45	25.08
1.246	19.45	25.08
1.246	19.44	25.08
1.246	19.43	25.08
1.247	19.43	25.08
1.247	19.43	25.08
1.247	19.43	25.08
1.247	19.43	25.08
1.247	19.43	25.08
1.247	19.43	25.08
1.247	19.43	25.08
1.247	19.43	25.08
1.247	19.43	25.08
1.248	19.42	25.08
1.248	19.42	25.08
1.248	19.42	25.08
1.248	19.42	25.08
1.248	19.42	25.08
1.248	19.41	25.08
1.248	19.41	25.08
1.249	19.41	25.08
1.249	19.40	25.08
1.249	19.40	25.08
1.249	19.40	25.08
1.249	19.39	25.08
1.249	19.39	25.08
1.250	19.38	25.08
1.250	19.38	25.08
1.250	19.39	25.08
1.250	19.38	25.08
1.250	19.39	25.08
1.250	19.38	25.08
1.250	19.37	25.08
1.251	19.36	25.08
1.251	19.37	25.08
1.251	19.36	25.08
1.251	19.36	25.08
1.251	19.34	25.08
1.252	19.34	25.08
1.252	19.34	25.08
1.252	19.34	25.08
1.252	19.35	25.08
1.252	19.34	25.08
1.252	19.32	25.08
1.252	19.32	25.08
1.252	19.33	25.08
1.253	19.33	25.08
1.253	19.30	25.08
1.254	19.28	25.08
1.255	19.28	25.08
1.255	19.29	25.08
1.255	19.29	25.08
1.256	19.29	25.08
1.256	19.28	25.08
1.256	19.28	25.08
1.256	19.28	25.08
1.256	19.28	25.08
1.256	19.28	25.08
1.257	19.28	25.08
1.257	19.27	25.08
1.257	19.26	25.08
1.257	19.24	25.08
1.258	19.23	25.08
1.258	19.23	25.08
1.258	19.23	25.08
1.258	19.23	25.08
1.259	19.22	25.08
1.259	19.22	25.08
1.259	19.22	25.08
1.259	19.20	25.08
1.260	19.20	25.08
1.260	19.19	25.08
1.260	19.19	25.08
1.260	19.19	25.08
1.260	19.19	25.08
1.261	19.19	25.08
1.261	19.19	25.08
1.261	19.17	25.08
1.262	19.17	25.07
1.262	19.16	25.08
1.262	19.17	25.07
1.262	19.16	25.07
1.262	19.17	25.08
1.263	19.17	25.08
1.263	19.16	25.07
1.263	19.17	25.07
1.263	19.16	25.07
1.263	19.15	25.07
1.264	19.15	25.07
1.264	19.15	25.07
1.264	19.16	25.07
1.264	19.15	25.07
1.264	19.14	25.07
1.265	19.14	25.08
1.265	19.14	25.08
1.265	19.14	25.08
1.265	19.14	25.07
1.265	19.14	25.07
1.265	19.14	25.07
1.265	19.14	25.07
1.265	19.14	25.07
1.265	19.13	25.07
1.265	19.13	25.07
1.266	19.13	25.07
1.266	19.13	25.07
1.266	19.12	25.07
1.266	19.12	25.08
1.267	19.12	25.07
1.267	19.11	25.07
1.267	19.11	25.07
1.267	19.11	25.07
1.267	19.10	25.07
1.268	19.10	25.07
1.268	19.09	25.07
1.268	19.09	25.07
1.268	19.08	25.07
1.268	19.07	25.07
1.269	19.07	25.07
1.269	19.06	25.07
1.270	19.06	25.07
1.270	19.06	25.07
1.271	19.06	25.07
1.271	19.05	25.07
1.271	19.02	25.07
1.271	19.01	25.07
1.271	19.02	25.07
1.272	19.02	25.07
1.272	19.01	25.07
1.272	19.01	25.07
1.272	19.01	25.07
1.273	19.01	25.07
1.273	19.01	25.07
1.273	19.00	25.07
1.273	18.99	25.07
1.273	18.99	25.07
1.274	18.99	25.07
1.274	18.99	25.07
1.274	18.98	25.07
1.274	18.97	25.07
1.275	18.97	25.07
1.275	18.96	25.07
1.276	18.94	25.07
1.276	18.92	25.07
1.277	18.91	25.07
1.278	18.90	25.07
1.278	18.90	25.07
1.279	18.90	25.07
1.279	18.91	25.07
1.279	18.91	25.07
1.279	18.91	25.08
1.279	18.91	25.07
1.279	18.90	25.07
1.279	18.90	25.07
1.279	18.88	25.07
1.279	18.89	25.07
1.279	18.90	25.07
1.279	18.90	25.07
1.279	18.89	25.07
1.280	18.87	25.07
1.280	18.87	25.07
1.280	18.87	25.07
1.280	18.87	25.07
1.280	18.85	25.07
1.281	18.85	25.07
1.281	18.83	25.07
1.281	18.83	25.07
1.282	18.84	25.07
1.282	18.83	25.07
1.282	18.82	25.07
1.282	18.83	25.07
1.283	18.82	25.07
1.283	18.81	25.07
1.283	18.81	25.07
1.284	18.82	25.07
1.284	18.80	25.07
1.284	18.80	25.07
1.284	18.79	25.07
1.285	18.79	25.07
1.285	18.80	25.07
1.286	18.77	25.07
1.286	18.78	25.07
1.287	18.79	25.07
1.287	18.79	25.07
1.287	18.79	25.07
1.287	18.78	25.07
1.287	18.78	25.07
1.288	18.77	25.07
1.288	18.77	25.07
1.288	18.75	25.07
1.288	18.75	25.07
1.289	18.74	25.07
1.289	18.73	25.07
1.289	18.73	25.07
1.289	18.73	25.07
1.289	18.72	25.07
1.289	18.73	25.07
1.289	18.73	25.07
1.289	18.73	25.07
1.290	18.73	25.07
1.290	18.73	25.07
1.290	18.72	25.07
1.291	18.71	25.07
1.291	18.71	25.07
1.291	18.71	25.07
1.292	18.69	25.07
1.292	18.69	25.07
1.292	18.68	25.07
1.292	18.68	25.07
1.292	18.69	25.07
1.292	18.69	25.07
1.292	18.69	25.07
1.292	18.69	25.07
1.292	18.69	25.07
1.292	18.68	25.07
1.292	18.68	25.07
1.293	18.68	25.07
1.293	18.68	25.07
1.293	18.67	25.07
1.293	18.67	25.07
1.294	18.67	25.07
1.294	18.67	25.07
1.294	18.66	25.07
1.294	18.67	25.07
1.295	18.66	25.07
1.295	18.66	25.07
1.295	18.64	25.07
1.295	18.62	25.07
1.295	18.61	25.07
1.295	18.61	25.07
1.295	18.61	25.07
1.295	18.61	25.07
1.296	18.59	25.07
1.296	18.60	25.07
1.297	18.58	25.07
1.297	18.58	25.07
1.297	18.57	25.07
1.297	18.57	25.07
1.298	18.58	25.07
1.298	18.58	25.07
1.298	18.58	25.07
1.299	18.59	25.07
1.299	18.59	25.07
1.300	18.57	25.07
1.300	18.56	25.07
1.301	18.55	25.07
1.301	18.56	25.07
1.302	18.56	25.07
1.302	18.54	25.07
1.302	18.53	25.07
1.303	18.53	25.07
1.303	18.53	25.07
1.303	18.52	25.07
1.303	18.53	25.07
1.304	18.51	25.07
1.304	18.52	25.07
1.304	18.51	25.07
1.305	18.50	25.07
1.305	18.49	25.07
1.305	18.49	25.07
1.305	18.48	25.07
1.305	18.48	25.07
1.306	18.48	25.07
1.306	18.48	25.07
1.306	18.46	25.07
1.307	18.45	25.07
1.307	18.45	25.07
1.307	18.44	25.07
1.307	18.43	25.07
1.308	18.44	25.07
1.308	18.44	25.07
1.309	18.42	25.07
1.309	18.43	25.07
1.309	18.42	25.07
1.310	18.42	25.07
1.310	18.40	25.07
1.310	18.39	25.07
1.310	18.39	25.07
1.310	18.40	25.07
1.310	18.39	25.07
1.311	18.39	25.07
1.311	18.38	25.07
1.311	18.36	25.07
1.311	18.36	25.07
1.312	18.36	25.07
1.312	18.36	25.07
1.312	18.36	25.07
1.312	18.36	25.07
1.312	18.38	25.07
1.312	18.37	25.07
1.313	18.37	25.07
1.313	18.37	25.07
1.313	18.37	25.07
1.313	18.36	25.07
1.314	18.35	25.07
1.314	18.35	25.07
1.315	18.34	25.07
1.315	18.34	25.07
1.315	18.33	25.07
1.316	18.33	25.07
1.316	18.31	25.07
1.316	18.31	25.07
1.317	18.31	25.07
1.317	18.31	25.07
1.317	18.30	25.07
1.317	18.30	25.07
1.317	18.31	25.07
1.318	18.31	25.07
1.318	18.31	25.07
1.318	18.30	25.07
1.318	18.30	25.07
1.318	18.29	25.07
1.319	18.29	25.07
1.319	18.28	25.07
1.319	18.28	25.07
1.319	18.28	25.07
1.319	18.28	25.07
1.320	18.27	25.07
1.320	18.27	25.07
1.320	18.26	25.07
1.320	18.26	25.07
1.321	18.26	25.07
1.321	18.26	25.07
1.321	18.25	25.07
1.321	18.25	25.07
1.321	18.25	25.07
1.322	18.25	25.07
1.322	18.25	25.07
1.322	18.25	25.07
1.322	18.25	25.07
1.322	18.24	25.07
1.323	18.24	25.07
1.323	18.24	25.07
1.323	18.24	25.07
1.323	18.23	25.07
1.323	18.24	25.07
1.323	18.24	25.07
1.323	18.23	25.07
1.323	18.23	25.07
1.324	18.22	25.07
1.324	18.21	25.07
1.324	18.21	25.07
1.325	18.21	25.07
1.324	18.20	25.07
1.324	18.20	25.07
1.325	18.19	25.07
1.325	18.19	25.07
1.325	18.19	25.07
1.325	18.19	25.07
1.325	18.19	25.07
1.326	18.19	25.07
1.326	18.19	25.07
1.326	18.19	25.07
1.326	18.19	25.07
1.326	18.20	25.07
1.326	18.19	25.07
1.326	18.19	25.07
1.327	18.19	25.07
1.327	18.18	25.07
1.327	18.18	25.07
1.327	18.19	25.07
1.327	18.19	25.07
1.327	18.18	25.07
1.328	18.18	25.07
1.328	18.18	25.07
1.328	18.17	25.07
1.328	18.17	25.07
1.329	18.16	25.07
1.329	18.16	25.07
1.330	18.16	25.07
1.330	18.16	25.07
1.330	18.16	25.07
1.330	18.15	25.07
1.330	18.15	25.07
1.330	18.15	25.07
1.331	18.15	25.07
1.331	18.15	25.07
1.331	18.14	25.07
1.332	18.14	25.07
1.332	18.14	25.07
1.332	18.12	25.07
1.333	18.13	25.07
1.334	18.12	25.07
1.335	18.12	25.07
1.335	18.11	25.07
1.335	18.10	25.07
1.335	18.10	25.07
1.336	18.09	25.07
1.337	18.09	25.07
1.337	18.07	25.07
1.338	18.05	25.07
1.338	18.05	25.07
1.339	18.05	25.07
1.339	18.05	25.07
1.339	18.05	25.07
1.339	18.06	25.07
1.339	18.05	25.07
1.339	18.05	25.07
1.338	18.05	25.07
1.338	18.04	25.07
1.338	18.04	25.07
1.339	18.04	25.07
1.339	18.04	25.07
1.339	18.03	25.07
1.339	18.03	25.07
1.340	18.02	25.07
1.341	18.02	25.07
1.341	18.02	25.07
1.341	18.01	25.07
1.341	18.02	25.07
1.342	18.01	25.07
1.343	18.01	25.07
1.343	18.00	25.07
1.343	17.99	25.07
1.344	17.97	25.07
1.344	17.96	25.07
1.345	17.93	25.07
1.346	17.92	25.07
1.346	17.91	25.07
1.347	17.90	25.07
1.347	17.91	25.07
1.347	17.90	25.07
1.347	17.87	25.07
1.348	17.86	25.07
1.348	17.85	25.07
1.349	17.85	25.07
1.349	17.84	25.07
1.349	17.84	25.07
1.350	17.84	25.07
1.350	17.84	25.07
1.350	17.84	25.07
1.351	17.82	25.07
1.351	17.80	25.07
1.351	17.80	25.07
1.352	17.80	25.07
1.352	17.80	25.07
1.352	17.80	25.07
1.353	17.80	25.07
1.353	17.80	25.07
1.353	17.80	25.07
1.354	17.80	25.07
1.354	17.80	25.07
1.354	17.79	25.07
1.355	17.78	25.07
1.356	17.77	25.07
1.356	17.77	25.07
1.356	17.77	25.07
1.356	17.77	25.07
1.356	17.78	25.07
1.356	17.78	25.07
1.357	17.78	25.07
1.357	17.78	25.07
1.357	17.78	25.07
1.357	17.78	25.07
1.357	17.78	25.07
1.357	17.78	25.07
1.357	17.78	25.07
1.358	17.78	25.07
1.358	17.77	25.07
1.358	17.77	25.07
1.359	17.76	25.07
1.359	17.75	25.07
1.359	17.75	25.07
1.359	17.75	25.07
1.359	17.75	25.07
1.360	17.72	25.07
1.360	17.70	25.07
1.360	17.70	25.07
1.360	17.69	25.07
1.361	17.69	25.07
1.361	17.68	25.07
1.362	17.68	25.07
1.362	17.67	25.07
1.362	17.64	25.07
1.363	17.64	25.07
1.364	17.64	25.07
1.364	17.63	25.07
1.364	17.63	25.07
1.365	17.62	25.07
1.366	17.62	25.07
1.366	17.61	25.07
1.366	17.61	25.07
1.366	17.61	25.07
1.366	17.61	25.07
1.366	17.61	25.07
1.366	17.60	25.07
1.367	17.60	25.07
1.367	17.59	25.07
1.367	17.58	25.07
1.367	17.57	25.07
1.368	17.57	25.07
1.368	17.57	25.07
1.368	17.57	25.07
1.368	17.57	25.07
1.369	17.56	25.07
1.369	17.56	25.07
1.369	17.56	25.07
1.370	17.55	25.07
1.370	17.55	25.07
1.370	17.54	25.07
1.371	17.54	25.07
1.371	17.54	25.07
1.372	17.53	25.07
1.372	17.53	25.07
1.372	17.53	25.07
1.372	17.53	25.07
1.372	17.53	25.07
1.373	17.52	25.07
1.373	17.51	25.07
1.375	17.50	25.07
1.375	17.49	25.07
1.375	17.49	25.07
1.375	17.48	25.07
1.375	17.47	25.07
1.376	17.47	25.07
1.376	17.47	25.07
1.376	17.47	25.07
1.376	17.47	25.07
1.377	17.46	25.07
1.377	17.46	25.07
1.377	17.46	25.07
1.377	17.45	25.07
1.378	17.44	25.07
1.378	17.43	25.07
1.378	17.42	25.07
1.379	17.42	25.07
1.380	17.41	25.07
1.380	17.41	25.07
1.381	17.40	25.07
1.381	17.40	25.07
1.381	17.39	25.07
1.382	17.39	25.07
1.382	17.38	25.07
1.382	17.38	25.07
1.382	17.38	25.07
1.382	17.38	25.07
1.382	17.38	25.07
1.383	17.38	25.07
1.383	17.37	25.07
1.383	17.37	25.07
1.383	17.36	25.07
1.384	17.36	25.07
1.384	17.36	25.07
1.384	17.36	25.07
1.384	17.36	25.07
1.384	17.35	25.07
1.385	17.35	25.07
1.385	17.35	25.07
1.385	17.34	25.07
1.386	17.34	25.07
1.386	17.34	25.07
1.386	17.34	25.07
1.386	17.33	25.07
1.386	17.32	25.07
1.387	17.31	25.07
1.387	17.31	25.07
1.387	17.31	25.07
1.387	17.31	25.07
1.387	17.31	25.07
1.388	17.30	25.07
1.388	17.30	25.07
1.388	17.30	25.07
1.388	17.30	25.07
1.388	17.29	25.07
1.389	17.29	25.07
1.389	17.29	25.07
1.389	17.29	25.07
1.389	17.28	25.07
1.389	17.28	25.07
1.389	17.28	25.07
1.390	17.28	25.07
1.390	17.27	25.07
1.390	17.27	25.07
1.390	17.26	25.07
1.390	17.26	25.07
1.390	17.26	25.07
1.390	17.26	25.07
1.391	17.26	25.07
1.391	17.26	25.07
1.391	17.26	25.07
1.391	17.26	25.07
1.391	17.26	25.07
1.391	17.25	25.07
1.392	17.24	25.07
1.392	17.24	25.07
1.392	17.23	25.07
1.392	17.23	25.07
1.393	17.22	25.07
1.394	17.21	25.07
1.394	17.21	25.07
1.394	17.21	25.07
1.394	17.21	25.07
1.394	17.20	25.07
1.394	17.20	25.07
1.395	17.20	25.07
1.395	17.20	25.07
1.396	17.19	25.07
1.396	17.18	25.07
1.397	17.18	25.07
1.397	17.17	25.07
1.398	17.17	25.07
1.398	17.16	25.07
1.398	17.16	25.07
1.399	17.16	25.07
1.399	17.16	25.07
1.399	17.16	25.07
1.399	17.15	25.07
1.399	17.14	25.07
1.399	17.14	25.07
1.400	17.14	25.07
1.400	17.13	25.07
1.400	17.13	25.07
1.400	17.13	25.07
1.400	17.12	25.07
1.400	17.12	25.07
1.400	17.12	25.07
1.401	17.12	25.07
1.401	17.12	25.07
1.401	17.12	25.07
1.402	17.11	25.07
1.402	17.11	25.07
1.402	17.11	25.07
1.402	17.11	25.07
1.402	17.10	25.07
1.402	17.10	25.07
1.403	17.09	25.07
1.403	17.09	25.07
1.403	17.09	25.07
1.403	17.08	25.07
1.404	17.08	25.07
1.404	17.08	25.07
1.404	17.08	25.07
1.405	17.07	25.07
1.405	17.07	25.07
1.406	17.06	25.07
1.406	17.06	25.07
1.406	17.06	25.07
1.406	17.05	25.07
1.406	17.05	25.07
1.407	17.05	25.07
1.407	17.04	25.07
1.407	17.05	25.07
1.407	17.04	25.07
1.407	17.04	25.07
1.408	17.04	25.07
1.408	17.04	25.07
1.408	17.03	25.07
1.408	17.03	25.07
1.408	17.03	25.07
1.409	17.02	25.07
1.409	17.02	25.07
1.410	17.02	25.07
1.410	17.01	25.07
1.410	17.01	25.07
1.411	17.00	25.07
1.411	17.00	25.07
1.411	16.99	25.07
1.411	16.99	25.07
1.412	16.98	25.07
1.412	16.97	25.07
1.413	16.97	25.07
1.413	16.97	25.07
1.413	16.97	25.07
1.413	16.96	25.07
1.414	16.96	25.07
1.414	16.96	25.07
1.415	16.95	25.07
1.415	16.95	25.07
1.415	16.95	25.07
1.415	16.94	25.07
1.415	16.94	25.07
1.415	16.94	25.07
1.415	16.93	25.07
1.416	16.93	25.07
1.416	16.92	25.07
1.416	16.93	25.07
1.416	16.93	25.07
1.416	16.92	25.07
1.416	16.92	25.07
1.416	16.92	25.07
1.416	16.92	25.07
1.417	16.92	25.07
1.417	16.91	25.07
1.417	16.91	25.07
1.417	16.91	25.07
1.417	16.91	25.07
1.418	16.91	25.07
1.418	16.91	25.07
1.418	16.91	25.07
1.418	16.90	25.07
1.418	16.90	25.07
1.418	16.90	25.07
1.418	16.90	25.07
1.418	16.90	25.07
1.418	16.90	25.07
1.418	16.90	25.07
1.419	16.89	25.07
1.419	16.89	25.07
1.419	16.89	25.07
1.419	16.88	25.07
1.420	16.87	25.07
1.420	16.87	25.07
1.421	16.87	25.07
1.421	16.87	25.07
1.421	16.87	25.07
1.422	16.86	25.07
1.422	16.86	25.07
1.422	16.86	25.07
1.422	16.85	25.07
1.423	16.85	25.07
1.423	16.85	25.07
1.423	16.84	25.07
1.423	16.84	25.07
1.424	16.84	25.07
1.424	16.83	25.07
1.425	16.82	25.07
1.425	16.82	25.07
1.425	16.81	25.07
1.425	16.81	25.07
1.426	16.80	25.07
1.426	16.80	25.07
1.426	16.80	25.07
1.426	16.79	25.07
1.426	16.79	25.07
1.427	16.78	25.07
1.428	16.77	25.07
1.429	16.76	25.07
1.431	16.74	25.07
1.432	16.73	25.07
1.433	16.72	25.07
1.433	16.72	25.07
1.433	16.71	25.07
1.434	16.71	25.07
1.434	16.70	25.07
1.435	16.68	25.07
1.436	16.68	25.07
1.435	16.69	25.07
1.435	16.68	25.07
1.435	16.68	25.07
1.435	16.68	25.07
1.435	16.67	25.07
1.436	16.66	25.07
1.438	16.64	25.07
1.439	16.64	25.07
1.439	16.63	25.07
1.439	16.64	25.07
1.439	16.63	25.07
1.439	16.63	25.07
1.440	16.62	25.07
1.441	16.60	25.07
1.442	16.60	25.07
1.443	16.58	25.07
1.444	16.57	25.07
1.445	16.57	25.07
1.445	16.56	25.07
1.445	16.56	25.07
1.446	16.56	25.07
1.446	16.55	25.07
1.447	16.54	25.07
1.447	16.52	25.07
1.448	16.52	25.07
1.449	16.51	25.07
1.450	16.50	25.07
1.451	16.48	25.07
1.452	16.48	25.07
1.452	16.48	25.07
1.452	16.48	25.07
1.452	16.47	25.07
1.452	16.48	25.07
1.452	16.46	25.07
1.452	16.47	25.07
1.452	16.47	25.07
1.452	16.47	25.07
1.452	16.47	25.07
1.452	16.47	25.07
1.452	16.47	25.07
1.452	16.47	25.07
1.452	16.47	25.07
1.452	16.46	25.07
1.453	16.45	25.07
1.453	16.45	25.07
1.454	16.44	25.07
1.454	16.44	25.07
1.454	16.44	25.06
1.454	16.44	25.07
1.454	16.44	25.07
1.454	16.44	25.07
1.455	16.44	25.06
1.455	16.44	25.06
1.455	16.43	25.06
1.456	16.43	25.06
1.456	16.42	25.06
1.457	16.42	25.06
1.457	16.42	25.06
1.457	16.42	25.06
1.457	16.41	25.06
1.458	16.41	25.06
1.458	16.40	25.06
1.459	16.40	25.06
1.459	16.40	25.06
1.460	16.39	25.06
1.460	16.39	25.06
1.460	16.38	25.06
1.460	16.38	25.06
1.460	16.38	25.06
1.461	16.37	25.06
1.461	16.37	25.06
1.461	16.36	25.06
1.462	16.35	25.06
1.462	16.34	25.06
1.462	16.33	25.06
1.463	16.34	25.06
1.463	16.33	25.06
1.463	16.33	25.06
1.463	16.33	25.06
1.463	16.32	25.06
1.463	16.31	25.06
1.464	16.31	25.06
1.465	16.31	25.06
1.465	16.31	25.06
1.465	16.30	25.06
1.465	16.30	25.06
1.466	16.30	25.06
1.466	16.30	25.06
1.466	16.30	25.06
1.466	16.30	25.06
1.466	16.29	25.06
1.467	16.28	25.06
1.467	16.28	25.06
1.467	16.28	25.06
1.467	16.28	25.06
1.468	16.27	25.06
1.468	16.26	25.06
1.468	16.26	25.06
1.468	16.26	25.06
1.468	16.26	25.06
1.469	16.25	25.06
1.469	16.24	25.06
1.469	16.24	25.06
1.469	16.24	25.06
1.469	16.24	25.06
1.469	16.24	25.06
1.469	16.23	25.06
1.469	16.23	25.06
1.469	16.23	25.06
1.470	16.23	25.06
1.470	16.22	25.06
1.471	16.22	25.06
1.472	16.22	25.06
1.473	16.21	25.06
1.474	16.20	25.06
1.474	16.19	25.06
1.475	16.18	25.06
1.475	16.17	25.06
1.475	16.17	25.06
1.477	16.16	25.06
1.477	16.15	25.06
1.478	16.14	25.06
1.478	16.13	25.06
1.479	16.13	25.06
1.479	16.13	25.06
1.479	16.12	25.06
1.480	16.12	25.06
1.480	16.12	25.06
1.480	16.12	25.06
1.480	16.11	25.06
1.481	16.11	25.06
1.481	16.11	25.06
1.481	16.10	25.06
1.481	16.10	25.06
1.482	16.10	25.06
1.482	16.09	25.06
1.482	16.10	25.06
1.482	16.09	25.06
1.483	16.08	25.06
1.483	16.08	25.06
1.483	16.08	25.06
1.483	16.08	25.06
1.484	16.07	25.06
1.484	16.07	25.06
1.485	16.06	25.06
1.485	16.05	25.06
1.486	16.05	25.06
1.486	16.05	25.06
1.486	16.05	25.06
1.486	16.04	25.06
1.487	16.03	25.06
1.488	16.02	25.06
1.488	16.02	25.06
1.489	16.02	25.06
1.489	16.02	25.06
1.489	16.00	25.06
1.490	16.00	25.06
1.490	16.00	25.06
1.490	16.00	25.06
1.491	15.99	25.06
1.491	15.99	25.06
1.491	15.99	25.06
1.491	15.99	25.06
1.491	15.99	25.06
1.492	15.99	25.06
1.492	15.98	25.06
1.492	15.98	25.06
1.492	15.98	25.06
1.492	15.98	25.06
1.493	15.97	25.06
1.493	15.96	25.06
1.493	15.96	25.06
1.494	15.96	25.06
1.494	15.94	25.06
1.494	15.95	25.06
1.495	15.94	25.06
1.495	15.95	25.06
1.495	15.94	25.06
1.495	15.94	25.06
1.495	15.94	25.06
1.496	15.94	25.06
1.496	15.92	25.06
1.496	15.93	25.06
1.497	15.92	25.06
1.497	15.91	25.06
1.497	15.91	25.06
1.498	15.91	25.06
1.498	15.90	25.06
1.498	15.90	25.06
1.498	15.90	25.06
1.498	15.89	25.06
1.498	15.88	25.06
1.498	15.89	25.06
1.498	15.88	25.06
1.499	15.88	25.06
1.499	15.88	25.06
1.499	15.87	25.06
1.499	15.87	25.06
1.500	15.87	25.06
1.500	15.87	25.06
1.500	15.87	25.06
1.500	15.87	25.06
1.501	15.87	25.06
1.501	15.87	25.06
1.501	15.87	25.06
1.501	15.86	25.06
1.501	15.87	25.06
1.502	15.86	25.06
1.502	15.86	25.06
1.502	15.86	25.06
1.502	15.85	25.06
1.503	15.85	25.06
1.503	15.85	25.06
1.504	15.84	25.06
1.504	15.83	25.06
1.504	15.83	25.06
1.504	15.82	25.06
1.504	15.82	25.06
1.505	15.82	25.06
1.505	15.82	25.06
1.505	15.81	25.06
1.505	15.81	25.06
1.506	15.81	25.06
1.506	15.81	25.06
1.506	15.81	25.06
1.506	15.80	25.06
1.506	15.80	25.06
1.507	15.80	25.06
1.507	15.80	25.06
1.507	15.80	25.06
1.507	15.79	25.06
1.508	15.79	25.06
1.508	15.79	25.06
1.508	15.78	25.06
1.508	15.78	25.06
1.509	15.78	25.06
1.509	15.77	25.06
1.509	15.77	25.06
1.509	15.78	25.06
1.509	15.77	25.06
1.510	15.76	25.06
1.510	15.76	25.06
1.510	15.77	25.06
1.510	15.76	25.06
1.510	15.76	25.06
1.511	15.75	25.06
1.511	15.75	25.06
1.511	15.75	25.06
1.511	15.75	25.06
1.511	15.75	25.06
1.512	15.75	25.06
1.512	15.74	25.06
1.512	15.74	25.06
1.512	15.73	25.06
1.513	15.73	25.06
1.513	15.73	25.06
1.514	15.72	25.06
1.514	15.73	25.06
1.514	15.73	25.06
1.514	15.72	25.06
1.514	15.71	25.06
1.515	15.70	25.06
1.515	15.70	25.06
1.515	15.70	25.06
1.516	15.69	25.06
1.516	15.68	25.06
1.516	15.68	25.06
1.516	15.69	25.06
1.516	15.68	25.06
1.516	15.68	25.06
1.516	15.68	25.06
1.516	15.68	25.06
1.516	15.68	25.06
1.516	15.68	25.06
1.517	15.68	25.06
1.517	15.68	25.06
1.517	15.67	25.06
1.517	15.67	25.06
1.517	15.67	25.06
1.518	15.67	25.06
1.518	15.67	25.06
1.518	15.67	25.06
1.518	15.67	25.06
1.518	15.67	25.06
1.518	15.66	25.06
1.518	15.66	25.06
1.518	15.66	25.06
1.519	15.66	25.06
1.519	15.66	25.06
1.519	15.66	25.06
1.519	15.66	25.06
1.519	15.65	25.06
1.519	15.65	25.06
1.519	15.65	25.06
1.519	15.65	25.06
1.519	15.66	25.06
1.519	15.65	25.06
1.520	15.65	25.06
1.520	15.65	25.06
1.521	15.65	25.06
1.521	15.64	25.06
1.521	15.64	25.06
1.522	15.64	25.06
1.522	15.63	25.06
1.522	15.63	25.06
1.522	15.63	25.06
1.522	15.63	25.06
1.523	15.62	25.06
1.523	15.61	25.06
1.523	15.61	25.06
1.524	15.61	25.06
1.524	15.61	25.06
1.524	15.60	25.06
1.524	15.60	25.06
1.524	15.61	25.06
1.525	15.60	25.06
1.525	15.59	25.06
1.526	15.59	25.06
1.526	15.58	25.06
1.527	15.57	25.06
1.527	15.57	25.06
1.528	15.57	25.06
1.528	15.56	25.06
1.529	15.56	25.06
1.531	15.54	25.06
1.532	15.53	25.06
1.532	15.52	25.06
1.532	15.53	25.06
1.532	15.52	25.06
1.533	15.51	25.06
1.534	15.51	25.06
1.534	15.50	25.06
1.535	15.49	25.06
1.535	15.48	25.06
1.535	15.48	25.06
1.536	15.48	25.06
1.536	15.48	25.06
1.536	15.48	25.06
1.536	15.47	25.06
1.536	15.47	25.06
1.536	15.47	25.06
1.536	15.47	25.06
1.536	15.47	25.06
1.537	15.47	25.06
1.537	15.46	25.06
1.537	15.47	25.06
1.537	15.46	25.06
1.538	15.46	25.06
1.538	15.46	25.06
1.538	15.46	25.06
1.538	15.46	25.06
1.538	15.46	25.06
1.538	15.45	25.06
1.538	15.45	25.06
1.539	15.45	25.06
1.539	15.44	25.06
1.539	15.43	25.06
1.540	15.43	25.06
1.540	15.43	25.06
1.540	15.43	25.06
1.541	15.43	25.06
1.541	15.41	25.06
1.542	15.41	25.06
1.542	15.40	25.06
1.542	15.40	25.06
1.542	15.40	25.06
1.543	15.39	25.06
1.543	15.39	25.06
1.543	15.39	25.06
1.543	15.39	25.06
1.544	15.39	25.06
1.544	15.38	25.06
1.544	15.38	25.06
1.545	15.37	25.06
1.545	15.38	25.06
1.546	15.37	25.06
1.546	15.37	25.06
1.546	15.36	25.06
1.547	15.35	25.06
1.547	15.34	25.06
1.548	15.34	25.06
1.548	15.34	25.06
1.549	15.33	25.06
1.549	15.32	25.06
1.550	15.32	25.06
1.550	15.31	25.06
1.551	15.31	25.06
1.552	15.30	25.06
1.552	15.28	25.06
1.553	15.29	25.06
1.554	15.29	25.06
1.554	15.28	25.06
1.555	15.27	25.06
1.555	15.26	25.06
1.555	15.26	25.06
1.556	15.26	25.06
1.556	15.25	25.06
1.556	15.24	25.06
1.557	15.24	25.06
1.557	15.24	25.06
1.558	15.24	25.06
1.558	15.24	25.06
1.559	15.24	25.06
1.559	15.23	25.06
1.560	15.22	25.06
1.560	15.22	25.06
1.560	15.22	25.06
1.561	15.21	25.06
1.561	15.21	25.06
1.562	15.20	25.06
1.562	15.20	25.06
1.562	15.19	25.06
1.562	15.19	25.06
1.562	15.19	25.06
1.563	15.19	25.06
1.563	15.19	25.06
1.564	15.18	25.06
1.564	15.19	25.06
1.564	15.18	25.06
1.564	15.18	25.06
1.564	15.18	25.06
1.565	15.17	25.06
1.565	15.16	25.06
1.565	15.16	25.06
1.565	15.15	25.06
1.566	15.16	25.06
1.566	15.16	25.06
1.566	15.15	25.06
1.567	15.15	25.06
1.567	15.14	25.06
1.567	15.15	25.06
1.567	15.14	25.06
1.567	15.15	25.06
1.567	15.14	25.06
1.567	15.14	25.06
1.568	15.14	25.06
1.568	15.13	25.06
1.568	15.13	25.06
1.569	15.12	25.06
1.569	15.12	25.06
1.569	15.12	25.06
1.569	15.12	25.06
1.570	15.12	25.06
1.570	15.12	25.06
1.570	15.12	25.06
1.570	15.12	25.06
1.570	15.12	25.06
1.570	15.12	25.06
1.570	15.11	25.06
1.570	15.11	25.06
1.570	15.12	25.06
1.570	15.11	25.06
1.570	15.10	25.06
1.570	15.10	25.06
1.571	15.10	25.06
1.572	15.09	25.06
1.572	15.08	25.06
1.573	15.08	25.06
1.573	15.08	25.06
1.573	15.08	25.06
1.573	15.08	25.06
1.574	15.08	25.06
1.574	15.08	25.06
1.574	15.07	25.06
1.574	15.07	25.06
1.575	15.07	25.06
1.575	15.06	25.06
1.575	15.06	25.06
1.575	15.06	25.06
1.575	15.06	25.06
1.575	15.06	25.06
1.575	15.05	25.06
1.576	15.05	25.06
1.576	15.05	25.06
1.576	15.05	25.06
1.576	15.05	25.06
1.576	15.05	25.06
1.576	15.05	25.06
1.577	15.04	25.06
1.577	15.04	25.06
1.577	15.02	25.06
1.577	15.02	25.06
1.578	15.02	25.06
1.578	15.01	25.06
1.578	15.01	25.06
1.579	15.01	25.06
1.579	15.01	25.06
1.579	15.01	25.06
1.579	15.01	25.06
1.580	15.00	25.06
1.580	15.00	25.06
1.580	15.00	25.06
1.580	15.00	25.06
1.580	14.99	25.06
1.581	14.98	25.06
1.581	14.99	25.06
1.581	14.99	25.06
1.582	14.98	25.06
1.582	14.98	25.06
1.582	14.98	25.06
1.582	14.98	25.06
1.582	14.97	25.06
1.583	14.97	25.06
1.583	14.97	25.06
1.583	14.97	25.06
1.583	14.96	25.06
1.583	14.97	25.06
1.583	14.96	25.06
1.584	14.96	25.06
1.584	14.96	25.06
1.584	14.95	25.06
1.585	14.95	25.06
1.585	14.95	25.06
1.585	14.95	25.06
1.585	14.95	25.06
1.585	14.95	25.06
1.585	14.95	25.06
1.585	14.94	25.06
1.586	14.94	25.06
1.586	14.93	25.06
1.586	14.93	25.06
1.586	14.93	25.06
1.586	14.93	25.06
1.587	14.92	25.06
1.587	14.93	25.06
1.588	14.92	25.06
1.588	14.92	25.06
1.588	14.92	25.06
1.588	14.91	25.06
1.589	14.91	25.06
1.589	14.91	25.06
1.589	14.91	25.06
1.589	14.90	25.06
1.589	14.91	25.06
1.590	14.90	25.06
1.590	14.90	25.06
1.590	14.90	25.06
1.590	14.88	25.06
1.591	14.88	25.06
1.591	14.89	25.06
1.591	14.88	25.06
1.592	14.88	25.06
1.592	14.87	25.06
1.592	14.87	25.06
1.593	14.87	25.06
1.593	14.86	25.06
1.593	14.87	25.06
1.593	14.85	25.06
1.594	14.86	25.06
1.594	14.85	25.06
1.594	14.85	25.06
1.594	14.86	25.06
1.594	14.86	25.06
1.595	14.85	25.06
1.595	14.85	25.06
1.594	14.87	25.06
1.595	14.84	25.06
1.594	14.86	25.06
1.595	14.85	25.06
1.595	14.84	25.06
1.595	14.85	25.06
1.596	14.83	25.06
1.597	14.83	25.06
1.598	14.82	25.06
1.599	14.82	25.06
1.599	14.82	25.06
1.599	14.82	25.06
1.599	14.81	25.06
1.600	14.81	25.06
1.600	14.81	25.06
1.600	14.81	25.06
1.601	14.79	25.06
1.601	14.79	25.06
1.601	14.78	25.06
1.601	14.78	25.06
1.601	14.78	25.06
1.601	14.78	25.06
1.601	14.79	25.06
1.601	14.78	25.06
1.602	14.78	25.06
1.602	14.78	25.06
1.602	14.78	25.06
1.602	14.78	25.06
1.602	14.77	25.06
1.602	14.77	25.06
1.602	14.77	25.06
1.603	14.77	25.06
1.603	14.76	25.06
1.603	14.75	25.06
1.604	14.76	25.06
1.604	14.76	25.06
1.604	14.76	25.06
1.604	14.76	25.06
1.604	14.76	25.06
1.604	14.75	25.06
1.605	14.75	25.06
1.605	14.75	25.06
1.605	14.75	25.06
1.605	14.75	25.06
1.605	14.75	25.06
1.605	14.75	25.06
1.605	14.74	25.06
1.605	14.72	25.06
1.606	14.72	25.06
1.607	14.73	25.06
1.607	14.73	25.06
1.607	14.72	25.06
1.607	14.73	25.06
1.608	14.72	25.06
1.608	14.72	25.06
1.608	14.71	25.06
1.608	14.71	25.06
1.609	14.71	25.06
1.609	14.71	25.06
1.609	14.71	25.06
1.609	14.72	25.06
1.609	14.70	25.06
1.610	14.70	25.06
1.610	14.71	25.06
1.610	14.71	25.06
1.610	14.71	25.06
1.610	14.70	25.06
1.610	14.70	25.06
1.611	14.70	25.06
1.611	14.70	25.06
1.611	14.71	25.06
1.611	14.71	25.06
1.612	14.69	25.06
1.612	14.69	25.06
1.612	14.67	25.06
1.613	14.68	25.06
1.613	14.66	25.06
1.614	14.67	25.06
1.614	14.67	25.06
1.614	14.67	25.06
1.614	14.67	25.06
1.614	14.67	25.06
1.614	14.67	25.06
1.615	14.67	25.06
1.615	14.66	25.06
1.616	14.65	25.06
1.617	14.64	25.06
1.618	14.63	25.06
1.618	14.64	25.06
1.618	14.63	25.06
1.618	14.62	25.06
1.619	14.62	25.06
1.619	14.61	25.06
1.620	14.61	25.06
1.620	14.61	25.06
1.620	14.61	25.06
1.620	14.60	25.06
1.620	14.60	25.06
1.621	14.59	25.06
1.621	14.59	25.06
1.621	14.59	25.06
1.621	14.59	25.06
1.621	14.59	25.06
1.621	14.58	25.06
1.622	14.58	25.06
1.622	14.58	25.06
1.622	14.58	25.06
1.622	14.58	25.06
1.623	14.58	25.06
1.623	14.57	25.06
1.623	14.57	25.06
1.623	14.57	25.06
1.623	14.57	25.06
1.624	14.57	25.06
1.624	14.56	25.06
1.624	14.56	25.06
1.625	14.55	25.06
1.625	14.55	25.06
1.625	14.56	25.06
1.626	14.54	25.06
1.626	14.54	25.06
1.626	14.53	25.06
1.626	14.54	25.06
1.626	14.54	25.06
1.627	14.54	25.06
1.627	14.53	25.06
1.627	14.53	25.06
1.628	14.52	25.06
1.628	14.53	25.06
1.628	14.52	25.06
1.629	14.53	25.06
1.629	14.52	25.06
1.629	14.52	25.06
1.629	14.52	25.06
1.629	14.52	25.06
1.629	14.51	25.06
1.630	14.52	25.06
1.630	14.52	25.06
1.630	14.51	25.06
1.630	14.51	25.06
1.630	14.51	25.06
1.631	14.51	25.06
1.631	14.51	25.06
1.631	14.50	25.06
1.631	14.50	25.06
1.632	14.50	25.06
1.632	14.49	25.06
1.632	14.48	25.06
1.633	14.48	25.06
1.633	14.47	25.06
1.633	14.46	25.06
1.633	14.47	25.06
1.634	14.47	25.06
1.634	14.47	25.06
1.634	14.46	25.06
1.634	14.46	25.06
1.635	14.46	25.06
1.635	14.45	25.06
1.635	14.44	25.06
1.635	14.44	25.06
1.636	14.44	25.06
1.636	14.44	25.06
1.637	14.44	25.06
1.637	14.43	25.06
1.637	14.44	25.06
1.637	14.44	25.06
1.637	14.43	25.06
1.637	14.43	25.06
1.638	14.43	25.06
1.638	14.42	25.06
1.638	14.43	25.06
1.638	14.42	25.06
1.638	14.42	25.06
1.638	14.42	25.06
1.639	14.41	25.06
1.639	14.41	25.06
1.640	14.41	25.06
1.640	14.41	25.06
1.640	14.41	25.06
1.640	14.40	25.06
1.640	14.40	25.06
1.640	14.40	25.06
1.640	14.41	25.06
1.640	14.40	25.06
1.641	14.40	25.06
1.641	14.40	25.06
1.641	14.39	25.06
1.642	14.38	25.06
1.642	14.37	25.06
1.642	14.38	25.06
1.642	14.38	25.06
1.642	14.38	25.06
1.642	14.38	25.06
1.643	14.38	25.06
1.643	14.37	25.06
1.643	14.37	25.06
1.643	14.37	25.06
1.644	14.37	25.06
1.644	14.37	25.06
1.644	14.36	25.06
1.645	14.36	25.06
1.645	14.36	25.06
1.645	14.36	25.06
1.646	14.35	25.06
1.646	14.35	25.06
1.646	14.34	25.06
1.647	14.35	25.06
1.647	14.34	25.06
1.647	14.34	25.06
1.647	14.33	25.06
1.647	14.33	25.06
1.648	14.33	25.06
1.648	14.32	25.06
1.648	14.32	25.06
1.648	14.32	25.06
1.648	14.32	25.06
1.648	14.31	25.06
1.649	14.31	25.06
1.649	14.31	25.06
1.649	14.31	25.06
1.649	14.32	25.06
1.650	14.31	25.06
1.650	14.30	25.06
1.650	14.30	25.06
1.650	14.30	25.06
1.650	14.29	25.06
1.651	14.30	25.06
1.651	14.30	25.06
1.652	14.29	25.06
1.652	14.30	25.06
1.652	14.29	25.06
1.653	14.29	25.06
1.653	14.29	25.06
1.653	14.27	25.06
1.654	14.27	25.06
1.654	14.27	25.06
1.654	14.27	25.06
1.655	14.26	25.06
1.654	14.27	25.06
1.654	14.27	25.06
1.654	14.26	25.06
1.655	14.25	25.06
1.655	14.25	25.06
1.656	14.25	25.06
1.656	14.25	25.06
1.657	14.25	25.06
1.657	14.24	25.06
1.657	14.25	25.06
1.657	14.24	25.06
1.658	14.24	25.06
1.658	14.23	25.06
1.658	14.23	25.06
1.658	14.24	25.06
1.658	14.22	25.06
1.659	14.22	25.06
1.660	14.22	25.06
1.660	14.22	25.06
1.660	14.22	25.06
1.660	14.20	25.06
1.660	14.22	25.06
1.660	14.22	25.06
1.660	14.22	25.06
1.661	14.21	25.06
1.661	14.21	25.06
1.661	14.21	25.06
1.661	14.20	25.06
1.661	14.21	25.06
1.661	14.20	25.06
1.662	14.19	25.06
1.662	14.19	25.06
1.662	14.20	25.06
1.663	14.18	25.06
1.663	14.18	25.06
1.663	14.18	25.06
1.664	14.17	25.06
1.664	14.18	25.06
1.664	14.17	25.06
1.664	14.17	25.06
1.664	14.17	25.06
1.665	14.16	25.06
1.666	14.15	25.06
1.667	14.14	25.06
1.667	14.14	25.06
1.668	14.14	25.06
1.668	14.13	25.06
1.668	14.13	25.06
1.668	14.12	25.06
1.669	14.13	25.06
1.669	14.13	25.06
1.669	14.12	25.06
1.669	14.13	25.06
1.669	14.13	25.06
1.670	14.13	25.06
1.670	14.12	25.06
1.670	14.13	25.06
1.670	14.12	25.06
1.671	14.12	25.06
1.671	14.10	25.06
1.672	14.11	25.06
1.672	14.11	25.06
1.672	14.09	25.06
1.673	14.09	25.06
1.673	14.09	25.06
1.673	14.09	25.06
1.673	14.09	25.06
1.673	14.09	25.06
1.674	14.08	25.06
1.674	14.07	25.06
1.675	14.06	25.06
1.675	14.07	25.06
1.676	14.07	25.06
1.676	14.06	25.06
1.677	14.06	25.06
1.677	14.05	25.06
1.677	14.06	25.06
1.677	14.05	25.06
1.678	14.05	25.06
1.678	14.05	25.06
1.678	14.05	25.06
1.679	14.04	25.06
1.680	14.04	25.06
1.680	14.03	25.06
1.681	14.02	25.06
1.681	14.02	25.06
1.681	14.02	25.06
1.681	14.01	25.06
1.682	14.01	25.06
1.682	14.01	25.06
1.682	14.00	25.06
1.683	14.00	25.06
1.683	14.00	25.06
1.683	14.00	25.06
1.683	14.00	25.06
1.683	14.00	25.06
1.683	13.99	25.06
1.684	13.99	25.06
1.684	13.98	25.06
1.685	13.98	25.06
1.685	13.98	25.06
1.685	13.98	25.06
1.686	13.98	25.06
1.686	13.98	25.06
1.686	13.97	25.06
1.687	13.97	25.06
1.687	13.97	25.06
1.687	13.97	25.06
1.687	13.97	25.06
1.687	13.97	25.06
1.687	13.97	25.06
1.687	13.97	25.06
1.687	13.97	25.06
1.687	13.97	25.06
1.688	13.97	25.06
1.688	13.96	25.06
1.689	13.95	25.06
1.689	13.95	25.06
1.691	13.94	25.06
1.692	13.93	25.06
1.693	13.92	25.06
1.693	13.91	25.06
1.693	13.91	25.06
1.693	13.91	25.06
1.694	13.91	25.06
1.694	13.91	25.06
1.694	13.91	25.06
1.694	13.90	25.06
1.694	13.90	25.06
1.694	13.90	25.06
1.694	13.90	25.06
1.694	13.90	25.06
1.694	13.90	25.06
1.695	13.89	25.06
1.695	13.89	25.06
1.696	13.89	25.06
1.696	13.87	25.06
1.697	13.87	25.06
1.697	13.87	25.06
1.697	13.87	25.06
1.697	13.87	25.06
1.697	13.87	25.06
1.698	13.86	25.06
1.698	13.87	25.06
1.698	13.86	25.06
1.698	13.86	25.06
1.699	13.85	25.06
1.699	13.85	25.06
1.700	13.85	25.06
1.700	13.84	25.06
1.701	13.84	25.06
1.701	13.85	25.06
1.701	13.84	25.06
1.701	13.84	25.06
1.701	13.84	25.06
1.702	13.83	25.06
1.703	13.82	25.06
1.704	13.82	25.06
1.705	13.81	25.06
1.706	13.81	25.06
1.706	13.81	25.06
1.706	13.81	25.06
1.706	13.81	25.06
1.707	13.81	25.06
1.707	13.80	25.06
1.708	13.80	25.06
1.709	13.78	25.06
1.710	13.76	25.06
1.710	13.75	25.06
1.710	13.78	25.06
1.710	13.77	25.06
1.710	13.76	25.06
1.710	13.76	25.06
1.710	13.76	25.06
1.710	13.75	25.06
1.711	13.75	25.06
1.710	13.76	25.06
1.710	13.75	25.06
1.710	13.75	25.06
1.710	13.75	25.06
1.711	13.75	25.06
1.712	13.75	25.06
1.712	13.73	25.06
1.713	13.74	25.06
1.714	13.73	25.06
1.715	13.72	25.06
1.715	13.72	25.06
1.715	13.72	25.06
1.715	13.72	25.06
1.715	13.72	25.06
1.715	13.72	25.06
1.715	13.73	25.06
1.715	13.72	25.06
1.716	13.71	25.06
1.717	13.70	25.06
1.718	13.69	25.06
1.719	13.69	25.06
1.719	13.68	25.06
1.720	13.68	25.06
1.720	13.67	25.06
1.721	13.67	25.06
1.721	13.66	25.06
1.721	13.66	25.06
1.722	13.65	25.06
1.722	13.65	25.06
1.723	13.65	25.06
1.723	13.66	25.06
1.723	13.64	25.06
1.724	13.63	25.06
1.725	13.63	25.06
1.725	13.63	25.06
1.726	13.62	25.06
1.727	13.62	25.06
1.727	13.62	25.06
1.727	13.62	25.06
1.727	13.62	25.06
1.727	13.61	25.06
1.727	13.61	25.06
1.727	13.61	25.06
1.728	13.62	25.06
1.728	13.60	25.06
1.729	13.60	25.06
1.729	13.59	25.06
1.729	13.59	25.06
1.729	13.59	25.06
1.730	13.60	25.06
1.730	13.58	25.06
1.730	13.59	25.06
1.731	13.59	25.06
1.731	13.58	25.06
1.732	13.57	25.06
1.732	13.57	25.06
1.733	13.56	25.06
1.733	13.56	25.06
1.733	13.55	25.06
1.734	13.55	25.06
1.735	13.54	25.06
1.736	13.53	25.06
1.736	13.53	25.06
1.737	13.53	25.06
1.737	13.53	25.06
1.737	13.53	25.06
1.737	13.52	25.06
1.738	13.51	25.06
1.738	13.52	25.06
1.738	13.51	25.06
1.739	13.51	25.06
1.739	13.51	25.06
1.740	13.50	25.06
1.740	13.49	25.06
1.741	13.49	25.06
1.741	13.49	25.06
1.741	13.50	25.06
1.742	13.48	25.06
1.742	13.48	25.06
1.743	13.48	25.06
1.743	13.47	25.06
1.744	13.47	25.06
1.744	13.47	25.06
1.744	13.49	25.06
1.744	13.47	25.06
1.744	13.47	25.06
1.744	13.47	25.06
1.744	13.47	25.06
1.744	13.48	25.06
1.744	13.47	25.06
1.744	13.47	25.06
1.744	13.47	25.06
1.745	13.46	25.06
1.745	13.46	25.06
1.746	13.45	25.06
1.746	13.46	25.06
1.747	13.45	25.06
1.747	13.44	25.06
1.747	13.44	25.06
1.748	13.44	25.06
1.748	13.44	25.06
1.748	13.44	25.06
1.748	13.43	25.06
1.748	13.43	25.06
1.748	13.44	25.06
1.748	13.43	25.06
1.748	13.42	25.06
1.748	13.43	25.06
1.748	13.43	25.06
1.748	13.42	25.06
1.749	13.42	25.06
1.749	13.41	25.06
1.749	13.42	25.06
1.750	13.42	25.06
1.749	13.42	25.06
1.749	13.42	25.06
1.750	13.41	25.06
1.749	13.42	25.06
1.749	13.42	25.06
1.749	13.42	25.06
1.749	13.42	25.06
1.749	13.42	25.06
1.749	13.41	25.06
1.749	13.42	25.06
1.749	13.42	25.06
1.750	13.41	25.06
1.750	13.41	25.06
1.750	13.41	25.06
1.750	13.42	25.06
1.751	13.41	25.06
1.752	13.40	25.06
1.753	13.40	25.06
1.754	13.39	25.06
1.755	13.38	25.06
1.755	13.37	25.06
1.755	13.38	25.06
1.755	13.38	25.06
1.755	13.38	25.06
1.756	13.37	25.06
1.757	13.36	25.06
1.757	13.35	25.06
1.758	13.35	25.06
1.759	13.34	25.06
1.759	13.33	25.06
1.760	13.33	25.06
1.760	13.33	25.06
1.760	13.33	25.06
1.760	13.32	25.06
1.760	13.33	25.06
1.761	13.32	25.06
1.762	13.32	25.06
1.763	13.31	25.06
1.764	13.31	25.06
1.765	13.29	25.06
1.765	13.29	25.06
1.766	13.29	25.06
1.766	13.29	25.06
1.766	13.28	25.06
1.766	13.29	25.06
1.766	13.28	25.06
1.767	13.28	25.06
1.767	13.27	25.06
1.767	13.27	25.06
1.767	13.27	25.06
1.768	13.26	25.06
1.768	13.26	25.06
1.769	13.26	25.06
1.770	13.25	25.06
1.771	13.25	25.06
1.771	13.24	25.06
1.771	13.24	25.06
1.772	13.24	25.06
1.772	13.24	25.06
1.773	13.24	25.06
1.774	13.23	25.06
1.775	13.21	25.06
1.775	13.21	25.06
1.777	13.20	25.06
1.778	13.19	25.06
1.779	13.18	25.06
1.781	13.16	25.06
1.781	13.16	25.06
1.782	13.16	25.06
1.782	13.16	25.06
1.782	13.16	25.06
1.783	13.16	25.06
1.783	13.15	25.06
1.784	13.14	25.06
1.784	13.15	25.06
1.784	13.14	25.06
1.784	13.15	25.06
1.785	13.14	25.06
1.785	13.12	25.06
1.785	13.12	25.06
1.786	13.12	25.06
1.786	13.11	25.06
1.787	13.10	25.06
1.788	13.10	25.06
1.788	13.10	25.06
1.788	13.10	25.06
1.789	13.10	25.06
1.790	13.09	25.06
1.791	13.08	25.06
1.791	13.08	25.06
1.792	13.08	25.06
1.792	13.07	25.06
1.794	13.06	25.06
1.794	13.05	25.06
1.795	13.05	25.06
1.795	13.05	25.06
1.796	13.04	25.06
1.797	13.04	25.06
1.797	13.03	25.06
1.798	13.02	25.06
1.799	13.01	25.06
1.799	13.01	25.06
1.799	12.99	25.06
1.800	13.00	25.06
1.801	13.00	25.06
1.802	13.00	25.06
1.802	12.99	25.06
1.803	12.99	25.06
1.803	12.97	25.06
1.805	12.97	25.06
1.806	12.96	25.06
1.807	12.95	25.06
1.808	12.95	25.06
1.809	12.95	25.06
1.810	12.94	25.06
1.810	12.94	25.06
1.811	12.94	25.06
1.811	12.93	25.06
1.812	12.92	25.06
1.812	12.92	25.06
1.813	12.91	25.06
1.814	12.91	25.06
1.814	12.91	25.06
1.815	12.90	25.06
1.815	12.89	25.06
1.816	12.88	25.06
1.817	12.87	25.06
1.817	12.88	25.06
1.818	12.87	25.06
1.818	12.86	25.06
1.819	12.86	25.06
1.819	12.85	25.06
1.820	12.85	25.06
1.821	12.84	25.06
1.822	12.84	25.06
1.822	12.83	25.06
1.822	12.83	25.06
1.823	12.81	25.06
1.823	12.82	25.06
1.824	12.81	25.06
1.824	12.82	25.06
1.824	12.81	25.06
1.825	12.81	25.06
1.826	12.80	25.06
1.826	12.80	25.06
1.826	12.80	25.06
1.826	12.80	25.06
1.826	12.80	25.06
1.826	12.80	25.06
1.826	12.80	25.06
1.826	12.78	25.06
1.826	12.80	25.06
1.827	12.79	25.06
1.827	12.80	25.06
1.827	12.78	25.06
1.827	12.79	25.06
1.828	12.78	25.06
1.829	12.78	25.06
1.829	12.78	25.06
1.829	12.77	25.06
1.830	12.76	25.06
1.830	12.77	25.06
1.830	12.77	25.06
1.831	12.76	25.06
1.831	12.76	25.06
1.832	12.75	25.06
1.833	12.74	25.06
1.834	12.74	25.06
1.835	12.72	25.06
1.836	12.73	25.06
1.837	12.72	25.06
1.837	12.72	25.06
1.838	12.71	25.06
1.839	12.70	25.06
1.840	12.68	25.06
1.841	12.68	25.06
1.842	12.68	25.06
1.842	12.68	25.06
1.842	12.68	25.06
1.842	12.68	25.06
1.843	12.66	25.06
1.843	12.66	25.06
1.844	12.66	25.06
1.844	12.65	25.06
1.844	12.65	25.06
1.845	12.65	25.06
1.845	12.64	25.06
1.846	12.65	25.06
1.846	12.64	25.06
1.846	12.64	25.06
1.847	12.63	25.06
1.847	12.63	25.06
1.847	12.63	25.06
1.848	12.62	25.06
1.849	12.62	25.06
1.849	12.62	25.06
1.849	12.62	25.06
1.849	12.62	25.06
1.849	12.61	25.06
1.850	12.61	25.06
1.850	12.61	25.06
1.850	12.61	25.06
1.850	12.61	25.06
1.850	12.60	25.06
1.850	12.60	25.06
1.850	12.60	25.06
1.851	12.59	25.06
1.851	12.59	25.06
1.852	12.60	25.06
1.852	12.59	25.06
1.853	12.59	25.06
1.853	12.58	25.06
1.854	12.58	25.06
1.854	12.58	25.06
1.854	12.57	25.06
1.854	12.57	25.06
1.855	12.57	25.06
1.855	12.57	25.06
1.856	12.57	25.06
1.856	12.56	25.06
1.857	12.56	25.06
1.858	12.55	25.06
1.859	12.54	25.06
1.860	12.54	25.06
1.861	12.53	25.06
1.861	12.52	25.06
1.862	12.52	25.06
1.862	12.52	25.06
1.862	12.51	25.06
1.863	12.51	25.06
1.863	12.51	25.06
1.863	12.51	25.06
1.864	12.51	25.06
1.864	12.51	25.06
1.863	12.50	25.06
1.864	12.51	25.06
1.865	12.50	25.06
1.865	12.50	25.06
1.866	12.49	25.06
1.867	12.48	25.06
1.867	12.49	25.06
1.868	12.48	25.06
1.868	12.48	25.06
1.869	12.47	25.06
1.869	12.48	25.06
1.869	12.47	25.06
1.870	12.47	25.06
1.871	12.46	25.06
1.871	12.46	25.06
1.872	12.45	25.06
1.873	12.45	25.06
1.873	12.45	25.06
1.873	12.44	25.06
1.874	12.44	25.06
1.874	12.45	25.06
1.875	12.43	25.06
1.876	12.43	25.06
1.876	12.41	25.05
1.877	12.42	25.05
1.877	12.42	25.05
1.878	12.41	25.05
1.878	12.41	25.05
1.878	12.41	25.05
1.878	12.42	25.05
1.879	12.40	25.05
1.879	12.40	25.05
1.879	12.40	25.05
1.879	12.41	25.05
1.880	12.39	25.05
1.880	12.40	25.05
1.881	12.39	25.05
1.881	12.39	25.05
1.881	12.39	25.05
1.881	12.40	25.05
1.881	12.39	25.05
1.881	12.40	25.05
1.881	12.40	25.05
1.881	12.38	25.05
1.881	12.39	25.05
1.882	12.38	25.05
1.882	12.38	25.05
1.883	12.38	25.05
1.883	12.38	25.05
1.883	12.38	25.05
1.884	12.38	25.05
1.884	12.38	25.05
1.884	12.38	25.05
1.884	12.37	25.05
1.884	12.37	25.05
1.884	12.37	25.05
1.884	12.38	25.05
1.884	12.35	25.05
1.885	12.36	25.05
1.885	12.36	25.05
1.885	12.36	25.05
1.885	12.34	25.05
1.885	12.36	25.05
1.885	12.35	25.05
1.886	12.35	25.05
1.886	12.35	25.05
1.886	12.35	25.05
1.886	12.33	25.05
1.886	12.35	25.05
1.887	12.34	25.05
1.887	12.35	25.05
1.887	12.36	25.05
1.887	12.34	25.05
1.887	12.34	25.05
1.887	12.34	25.05
1.887	12.35	25.05
1.888	12.32	25.05
1.888	12.34	25.05
1.888	12.33	25.05
1.888	12.33	25.05
1.888	12.33	25.05
1.888	12.32	25.05
1.889	12.32	25.05
1.891	12.31	25.05
1.892	12.30	25.05
1.892	12.30	25.05
1.893	12.29	25.05
1.895	12.28	25.05
1.896	12.28	25.05
1.897	12.26	25.05
1.897	12.26	25.05
1.898	12.26	25.05
1.898	12.26	25.05
1.899	12.25	25.05
1.899	12.25	25.05
1.899	12.24	25.05
1.900	12.25	25.05
1.900	12.24	25.05
1.900	12.24	25.05
1.900	12.25	25.05
1.900	12.24	25.05
1.901	12.24	25.05
1.901	12.24	25.05
1.901	12.23	25.05
1.902	12.23	25.05
1.903	12.22	25.05
1.903	12.22	25.05
1.903	12.22	25.05
1.904	12.21	25.05
1.904	12.21	25.05
1.904	12.21	25.05
1.905	12.21	25.05
1.905	12.21	25.05
1.905	12.20	25.05
1.905	12.21	25.05
1.906	12.20	25.05
1.906	12.20	25.05
1.906	12.21	25.05
1.907	12.20	25.05
1.907	12.18	25.05
1.908	12.19	25.05
1.908	12.18	25.05
1.908	12.18	25.05
1.909	12.18	25.05
1.909	12.18	25.05
1.910	12.18	25.05
1.910	12.18	25.05
1.910	12.18	25.05
1.910	12.17	25.05
1.910	12.18	25.05
1.911	12.18	25.05
1.911	12.18	25.05
1.912	12.17	25.05
1.912	12.16	25.05
1.913	12.16	25.05
1.913	12.16	25.05
1.913	12.15	25.05
1.913	12.15	25.05
1.913	12.15	25.05
1.913	12.15	25.05
1.913	12.15	25.05
1.913	12.16	25.05
1.913	12.15	25.05
1.913	12.16	25.05
1.913	12.15	25.05
1.914	12.15	25.05
1.915	12.14	25.05
1.916	12.14	25.05
1.916	12.13	25.05
1.917	12.13	25.05
1.917	12.14	25.05
1.917	12.13	25.05
1.917	12.13	25.05
1.918	12.12	25.05
1.918	12.12	25.05
1.919	12.11	25.05
1.919	12.11	25.05
1.920	12.11	25.05
1.921	12.10	25.05
1.921	12.11	25.05
1.921	12.10	25.05
1.921	12.10	25.05
1.922	12.09	25.05
1.923	12.09	25.05
1.923	12.09	25.05
1.924	12.09	25.05
1.924	12.08	25.05
1.925	12.08	25.05
1.926	12.08	25.05
1.926	12.07	25.05
1.926	12.06	25.05
1.927	12.06	25.05
1.927	12.06	25.05
1.927	12.05	25.05
1.927	12.06	25.05
1.927	12.04	25.05
1.928	12.04	25.05
1.928	12.05	25.05
1.928	12.04	25.05
1.928	12.04	25.05
1.928	12.05	25.05
1.929	12.04	25.05
1.929	12.04	25.05
1.929	12.04	25.05
1.930	12.04	25.05
1.931	12.03	25.05
1.931	12.03	25.05
1.931	12.02	25.05
1.932	12.03	25.05
1.933	12.02	25.05
1.933	12.02	25.05
1.933	12.02	25.05
1.934	12.01	25.05
1.934	12.01	25.05
1.934	12.01	25.05
1.934	12.01	25.05
1.934	12.01	25.05
1.934	12.01	25.05
1.934	12.00	25.05
1.934	12.00	25.05
1.935	12.00	25.05
1.935	11.99	25.05
1.935	11.99	25.05
1.935	11.99	25.05
1.936	11.99	25.05
1.936	11.99	25.05
1.936	11.99	25.05
1.937	11.99	25.05
1.937	11.99	25.05
1.937	11.99	25.05
1.937	11.99	25.05
1.937	12.00	25.05
1.937	11.99	25.05
1.937	11.98	25.05
1.937	11.98	25.05
1.937	11.99	25.05
1.937	11.97	25.05
1.938	11.97	25.05
1.938	11.97	25.05
1.938	11.97	25.05
1.939	11.97	25.05
1.939	11.96	25.05
1.939	11.96	25.05
1.940	11.96	25.05
1.940	11.96	25.05
1.940	11.97	25.05
1.941	11.96	25.05
1.941	11.96	25.05
1.942	11.95	25.05
1.943	11.95	25.05
1.944	11.94	25.05
1.945	11.93	25.05
1.946	11.92	25.05
1.946	11.92	25.05
1.946	11.92	25.05
1.946	11.92	25.05
1.946	11.91	25.05
1.947	11.92	25.05
1.947	11.91	25.05
1.947	11.91	25.05
1.947	11.90	25.05
1.947	11.90	25.05
1.948	11.90	25.05
1.948	11.90	25.05
1.948	11.90	25.05
1.948	11.89	25.05
1.948	11.90	25.05
1.948	11.90	25.05
1.948	11.90	25.05
1.949	11.89	25.05
1.949	11.89	25.05
1.949	11.89	25.05
1.949	11.89	25.05
1.949	11.88	25.05
1.950	11.88	25.05
1.950	11.88	25.05
1.950	11.88	25.05
1.950	11.89	25.05
1.951	11.88	25.05
1.951	11.87	25.05
1.952	11.87	25.05
1.952	11.87	25.05
1.953	11.87	25.05
1.953	11.87	25.05
1.953	11.87	25.05
1.953	11.86	25.05
1.953	11.86	25.05
1.953	11.86	25.05
1.953	11.86	25.05
1.953	11.86	25.05
1.953	11.86	25.05
1.953	11.86	25.05
1.953	11.85	25.05
1.953	11.86	25.05
1.953	11.86	25.05
1.953	11.86	25.05
1.953	11.87	25.05
1.953	11.86	25.05
1.953	11.86	25.05
1.954	11.86	25.05
1.955	11.85	25.05
1.957	11.84	25.05
1.958	11.84	25.05
1.958	11.83	25.05
1.959	11.83	25.05
1.960	11.82	25.05
1.960	11.81	25.05
1.961	11.81	25.05
1.962	11.80	25.05
1.962	11.80	25.05
1.963	11.79	25.05
1.964	11.79	25.05
1.964	11.78	25.05
1.965	11.79	25.05
1.965	11.78	25.05
1.965	11.79	25.05
1.965	11.78	25.05
1.966	11.78	25.05
1.967	11.77	25.05
1.969	11.76	25.05
1.970	11.75	25.05
1.971	11.75	25.05
1.972	11.73	25.05
1.973	11.72	25.05
1.973	11.73	25.05
1.973	11.72	25.05
1.973	11.72	25.05
1.973	11.72	25.05
1.973	11.72	25.05
1.974	11.72	25.05
1.974	11.72	25.05
1.974	11.72	25.05
1.975	11.71	25.05
1.975	11.71	25.05
1.975	11.70	25.05
1.975	11.71	25.05
1.975	11.70	25.05
1.976	11.71	25.05
1.976	11.71	25.05
1.976	11.70	25.05
1.977	11.70	25.05
1.977	11.70	25.05
1.977	11.69	25.05
1.977	11.69	25.05
1.978	11.69	25.05
1.978	11.68	25.05
1.979	11.69	25.05
1.979	11.68	25.05
1.979	11.68	25.05
1.979	11.67	25.05
1.980	11.67	25.05
1.981	11.67	25.05
1.982	11.66	25.05
1.982	11.66	25.05
1.983	11.67	25.05
1.983	11.66	25.05
1.983	11.66	25.05
1.984	11.66	25.05
1.984	11.65	25.05
1.984	11.66	25.05
1.984	11.66	25.05
1.985	11.65	25.05
1.986	11.65	25.05
1.986	11.64	25.05
1.987	11.64	25.05
1.987	11.64	25.05
1.987	11.64	25.05
1.987	11.63	25.05
1.987	11.64	25.05
1.987	11.63	25.05
1.988	11.63	25.05
1.988	11.63	25.05
1.988	11.63	25.05
1.988	11.62	25.05
1.989	11.62	25.05
1.989	11.63	25.05
1.989	11.62	25.05
1.989	11.63	25.05
1.989	11.62	25.05
1.989	11.62	25.05
1.989	11.63	25.05
1.989	11.61	25.05
1.990	11.63	25.05
1.991	11.62	25.05
1.991	11.62	25.05
1.991	11.61	25.05
1.991	11.62	25.05
1.992	11.61	25.05
1.993	11.60	25.05
1.993	11.60	25.05
1.994	11.60	25.05
1.994	11.59	25.05
1.995	11.59	25.05
1.995	11.59	25.05
1.995	11.59	25.05
1.996	11.58	25.05
1.997	11.58	25.05
1.998	11.57	25.05
1.999	11.56	25.05
1.999	11.56	25.05
1.999	11.56	25.05
1.999	11.56	25.05
1.999	11.55	25.05
1.999	11.56	25.05
2.000	11.55	25.05
2.000	11.55	25.05
2.001	11.55	25.05
2.001	11.55	25.05
2.001	11.55	25.05
2.001	11.55	25.05
2.001	11.55	25.05
2.001	11.55	25.05
2.001	11.55	25.05
2.001	11.55	25.05
2.001	11.55	25.05
2.002	11.55	25.05
2.002	11.55	25.05
2.002	11.55	25.05
2.002	11.55	25.05
2.002	11.54	25.05
2.002	11.54	25.05
2.002	11.54	25.05
2.003	11.54	25.05
2.003	11.53	25.05
2.003	11.55	25.05
2.003	11.53	25.05
2.004	11.53	25.05
2.005	11.53	25.05
2.005	11.53	25.05
2.006	11.52	25.05
2.006	11.53	25.05
2.006	11.52	25.05
2.006	11.53	25.05
2.006	11.52	25.05
2.007	11.52	25.05
2.007	11.52	25.05
2.008	11.51	25.05
2.008	11.52	25.05
2.008	11.50	25.05
2.009	11.50	25.05
2.009	11.50	25.05
2.009	11.50	25.05
2.010	11.50	25.05
2.010	11.49	25.05
2.011	11.49	25.05
2.011	11.49	25.05
2.011	11.49	25.05
2.011	11.48	25.05
2.012	11.48	25.05
2.013	11.48	25.05
2.014	11.47	25.05
2.014	11.48	25.05
2.015	11.47	25.05
2.015	11.47	25.05
2.015	11.47	25.05
2.015	11.47	25.05
2.015	11.46	25.05
2.016	11.46	25.05
2.016	11.46	25.05
2.016	11.45	25.05
2.016	11.45	25.05
2.016	11.44	25.05
2.017	11.45	25.05
2.017	11.45	25.05
2.017	11.45	25.05
2.017	11.45	25.05
2.017	11.45	25.05
2.018	11.44	25.05
2.019	11.44	25.05
2.019	11.44	25.05
2.019	11.44	25.05
2.018	11.44	25.05
2.019	11.44	25.05
2.019	11.44	25.05
2.019	11.44	25.05
2.019	11.43	25.05
2.019	11.44	25.05
2.019	11.43	25.05
2.020	11.43	25.05
2.020	11.43	25.05
2.021	11.42	25.05
2.021	11.42	25.05
2.022	11.42	25.05
2.022	11.41	25.05
2.022	11.42	25.05
2.022	11.41	25.05
2.024	11.40	25.05
2.025	11.39	25.05
2.027	11.37	25.05
2.030	11.37	25.05
2.032	11.36	25.05
2.034	11.35	25.05
2.035	11.34	25.05
2.035	11.34	25.05
2.036	11.33	25.05
2.036	11.33	25.05
2.036	11.33	25.05
2.037	11.33	25.05
2.037	11.32	25.05
2.037	11.33	25.05
2.038	11.32	25.05
2.039	11.32	25.05
2.040	11.32	25.05
2.041	11.30	25.05
2.042	11.30	25.05
2.043	11.29	25.05
2.044	11.28	25.05
2.044	11.28	25.05
2.044	11.27	25.05
2.045	11.27	25.05
2.045	11.27	25.05
2.045	11.27	25.05
2.045	11.27	25.05
2.046	11.27	25.05
2.046	11.26	25.05
2.047	11.26	25.05
2.047	11.25	25.05
2.048	11.26	25.05
2.048	11.25	25.05
2.049	11.25	25.05
2.050	11.24	25.05
2.051	11.24	25.05
2.052	11.23	25.05
2.053	11.22	25.05
2.054	11.22	25.05
2.055	11.22	25.05
2.056	11.21	25.05
2.057	11.21	25.05
2.059	11.19	25.05
2.060	11.19	25.05
2.060	11.18	25.05
2.060	11.19	25.05
2.060	11.19	25.05
2.060	11.19	25.05
2.060	11.19	25.05
2.059	11.18	25.05
2.059	11.19	25.05
2.059	11.19	25.05
2.059	11.18	25.05
2.059	11.19	25.05
2.059	11.19	25.05
2.059	11.18	25.05
2.059	11.19	25.05
2.059	11.19	25.05
2.059	11.19	25.05
2.059	11.18	25.05
2.059	11.19	25.05
2.059	11.19	25.05
2.059	11.19	25.05
2.059	11.19	25.05
2.059	11.19	25.05
2.059	11.19	25.05
2.059	11.18	25.05
2.060	11.19	25.05
2.063	11.16	25.05
2.068	11.15	25.05
2.071	11.13	25.05
2.072	11.12	25.05
2.072	11.11	25.05
2.072	11.11	25.05
2.073	11.11	25.05
2.074	11.10	25.05
2.075	11.10	25.05
2.075	11.09	25.05
2.075	11.09	25.05
2.076	11.09	25.05
2.077	11.08	25.05
2.078	11.08	25.05
2.079	11.07	25.05
2.080	11.06	25.05
2.082	11.05	25.05
2.083	11.04	25.05
2.084	11.04	25.05
2.085	11.03	25.05
2.086	11.03	25.05
2.087	11.02	25.05
2.088	11.01	25.05
2.088	11.02	25.05
2.089	11.01	25.05
2.090	11.01	25.05
2.091	11.00	25.05
2.092	10.99	25.05
2.092	10.99	25.05
2.093	10.98	25.05
2.095	10.98	25.05
2.095	10.97	25.05
2.096	10.96	25.05
2.097	10.95	25.05
2.098	10.94	25.05
2.099	10.94	25.05
2.100	10.94	25.05
2.100	10.93	25.05
2.100	10.93	25.05
2.100	10.93	25.05
2.100	10.93	25.05
2.100	10.93	25.05
2.100	10.93	25.05
2.100	10.92	25.05
2.100	10.93	25.05
2.100	10.93	25.05
2.100	10.93	25.05
2.100	10.93	25.05
2.100	10.92	25.05
2.101	10.92	25.05
2.101	10.92	25.05
2.101	10.92	25.05
2.101	10.92	25.05
2.102	10.91	25.05
2.102	10.91	25.05
2.102	10.91	25.05
2.102	10.91	25.05
2.102	10.90	25.05
2.106	10.90	25.05
2.111	10.86	25.05
2.115	10.84	25.05
2.117	10.83	25.05
2.118	10.83	25.05
2.119	10.82	25.05
2.121	10.81	25.05
2.122	10.80	25.05
2.123	10.80	25.05
2.123	10.78	25.05
2.124	10.79	25.05
2.124	10.79	25.05
2.124	10.79	25.05
2.124	10.78	25.05
2.125	10.78	25.05
2.126	10.77	25.05
2.127	10.76	25.05
2.128	10.75	25.05
2.129	10.75	25.05
2.130	10.74	25.05
2.130	10.74	25.05
2.131	10.74	25.05
2.131	10.74	25.05
2.132	10.74	25.05
2.132	10.74	25.05
2.133	10.74	25.05
2.133	10.73	25.05
2.135	10.73	25.05
2.135	10.72	25.05
2.136	10.72	25.05
2.136	10.72	25.05
2.137	10.72	25.05
2.137	10.71	25.05
2.137	10.71	25.05
2.137	10.71	25.05
2.137	10.71	25.05
2.137	10.71	25.05
2.137	10.71	25.05
2.137	10.71	25.05
2.138	10.71	25.05
2.138	10.70	25.05
2.138	10.70	25.05
2.138	10.71	25.05
2.138	10.71	25.05
2.138	10.70	25.05
2.138	10.71	25.05
2.138	10.70	25.05
2.138	10.71	25.05
2.138	10.70	25.05
2.138	10.70	25.05
2.138	10.70	25.05
2.138	10.70	25.05
2.138	10.70	25.05
2.138	10.70	25.05
2.138	10.70	25.05
2.139	10.71	25.05
2.139	10.70	25.05
2.140	10.70	25.05
2.140	10.70	25.05
2.141	10.69	25.05
2.141	10.69	25.05
2.141	10.69	25.05
2.142	10.69	25.05
2.142	10.69	25.05
2.142	10.69	25.05
2.143	10.69	25.05
2.143	10.69	25.05
2.144	10.69	25.05
2.144	10.68	25.05
2.145	10.68	25.05
2.146	10.67	25.05
2.148	10.66	25.05
2.149	10.66	25.05
2.149	10.66	25.05
2.150	10.65	25.05
2.150	10.65	25.05
2.150	10.65	25.05
2.149	10.65	25.05
2.149	10.65	25.05
2.150	10.65	25.05
2.151	10.64	25.05
2.153	10.64	25.05
2.153	10.63	25.05
2.154	10.63	25.05
2.155	10.62	25.05
2.156	10.62	25.05
2.156	10.61	25.05
2.157	10.61	25.05
2.159	10.59	25.05
2.160	10.59	25.05
2.161	10.58	25.05
2.162	10.58	25.05
2.163	10.58	25.05
2.165	10.57	25.05
2.167	10.56	25.05
2.167	10.56	25.05
2.168	10.55	25.05
2.168	10.55	25.05
2.168	10.55	25.05
2.168	10.55	25.05
2.168	10.55	25.05
2.168	10.55	25.05
2.168	10.55	25.05
2.168	10.55	25.05
2.168	10.55	25.05
2.168	10.55	25.05
2.168	10.55	25.05
2.168	10.55	25.05
2.168	10.55	25.05
2.168	10.55	25.05
2.168	10.54	25.05
2.167	10.54	25.05
2.167	10.54	25.05
2.167	10.54	25.05
2.167	10.54	25.05
2.167	10.54	25.05
2.167	10.54	25.05
2.168	10.54	25.05
2.168	10.54	25.05
2.168	10.54	25.05
2.167	10.54	25.05
2.167	10.54	25.05
2.168	10.53	25.05
2.169	10.52	25.05
2.173	10.51	25.05
2.174	10.51	25.05
2.174	10.51	25.05
2.174	10.51	25.05
2.175	10.51	25.05
2.175	10.50	25.05
2.176	10.49	25.05
2.177	10.48	25.05
2.179	10.48	25.05
2.179	10.48	25.05
2.179	10.48	25.05
2.179	10.47	25.05
2.180	10.47	25.05
2.180	10.47	25.05
2.180	10.47	25.05
2.181	10.47	25.05
2.181	10.47	25.05
2.181	10.47	25.05
2.181	10.47	25.05
2.180	10.47	25.05
2.180	10.47	25.05
2.180	10.47	25.05
2.180	10.47	25.05
2.180	10.47	25.05
2.181	10.46	25.05
2.181	10.46	25.05
2.182	10.45	25.05
2.182	10.45	25.05
2.182	10.45	25.05
2.182	10.45	25.05
2.182	10.45	25.05
2.182	10.45	25.05
2.182	10.45	25.05
2.183	10.44	25.05
2.184	10.45	25.05
2.185	10.44	25.05
2.187	10.44	25.05
2.187	10.43	25.05
2.188	10.42	25.05
2.189	10.41	25.05
2.190	10.41	25.05
2.190	10.41	25.05
2.191	10.40	25.05
2.194	10.38	25.05
2.196	10.37	25.05
2.198	10.37	25.05
2.199	10.36	25.05
2.199	10.35	25.05
2.200	10.35	25.05
2.201	10.35	25.05
2.201	10.34	25.05
2.202	10.34	25.05
2.203	10.34	25.05
2.203	10.33	25.05
2.203	10.33	25.05
2.204	10.33	25.05
2.205	10.33	25.05
2.205	10.32	25.05
2.206	10.32	25.05
2.206	10.32	25.05
2.207	10.31	25.05
2.207	10.31	25.05
2.208	10.30	25.05
2.209	10.30	25.05
2.210	10.29	25.05
2.211	10.29	25.05
2.211	10.28	25.05
2.211	10.29	25.05
2.211	10.28	25.05
2.212	10.28	25.05
2.213	10.27	25.05
2.214	10.27	25.05
2.214	10.26	25.05
2.215	10.27	25.05
2.215	10.27	25.05
2.215	10.27	25.05
2.215	10.27	25.05
2.215	10.26	25.05
2.216	10.26	25.05
2.216	10.26	25.05
2.218	10.26	25.05
2.220	10.25	25.05
2.220	10.24	25.05
2.221	10.24	25.05
2.221	10.24	25.05
2.221	10.24	25.05
2.221	10.24	25.05
2.221	10.24	25.05
2.221	10.24	25.05
2.221	10.24	25.05
2.221	10.23	25.05
2.221	10.24	25.05
2.221	10.24	25.05
2.221	10.24	25.05
2.221	10.24	25.05
2.221	10.24	25.05
2.221	10.24	25.05
2.221	10.24	25.05
2.222	10.23	25.05
2.223	10.23	25.05
2.223	10.23	25.05
2.224	10.23	25.05
2.224	10.23	25.05
2.224	10.22	25.05
2.224	10.22	25.05
2.224	10.22	25.05
2.225	10.22	25.05
2.225	10.23	25.05
2.225	10.23	25.05
2.225	10.23	25.05
2.225	10.22	25.05
2.225	10.22	25.05
2.225	10.22	25.05
2.225	10.22	25.05
2.225	10.22	25.05
2.226	10.22	25.05
2.227	10.22	25.05
2.228	10.21	25.05
2.229	10.21	25.05
2.230	10.21	25.05
2.230	10.21	25.05
2.231	10.20	25.05
2.232	10.20	25.05
2.234	10.19	25.05
2.235	10.19	25.05
2.235	10.19	25.05
2.235	10.19	25.05
2.236	10.18	25.05
2.236	10.18	25.05
2.237	10.17	25.05
2.238	10.16	25.05
2.239	10.15	25.05
2.240	10.15	25.05
2.241	10.15	25.05
2.242	10.15	25.05
2.243	10.15	25.05
2.243	10.14	25.05
2.244	10.14	25.05
2.245	10.14	25.05
2.246	10.13	25.05
2.246	10.13	25.05
2.247	10.12	25.05
2.248	10.12	25.05
2.250	10.11	25.05
2.251	10.11	25.05
2.252	10.10	25.05
2.252	10.10	25.05
2.253	10.10	25.05
2.253	10.10	25.05
2.253	10.10	25.05
2.253	10.10	25.05
2.253	10.10	25.05
2.254	10.09	25.05
2.256	10.08	25.05
2.257	10.07	25.05
2.257	10.07	25.05
2.258	10.07	25.05
2.258	10.07	25.05
2.258	10.06	25.05
2.258	10.06	25.05
2.258	10.06	25.05
2.258	10.06	25.05
2.258	10.06	25.05
2.258	10.06	25.05
2.258	10.06	25.05
2.259	10.06	25.05
2.260	10.06	25.05
2.261	10.05	25.05
2.262	10.05	25.05
2.262	10.05	25.05
2.263	10.04	25.05
2.263	10.04	25.05
2.263	10.04	25.05
2.263	10.04	25.05
2.263	10.03	25.05
2.265	10.03	25.05
2.266	10.02	25.05
2.267	10.01	25.05
2.268	10.01	25.05
2.268	10.01	25.05
2.268	10.01	25.05
2.268	10.01	25.05
2.268	10.01	25.05
2.269	10.00	25.05
2.271	9.99	25.05
2.272	9.99	25.05
2.273	9.98	25.05
2.274	9.98	25.05
2.274	9.98	25.05
2.275	9.98	25.05
2.276	9.97	25.05
2.276	9.97	25.05
2.276	9.97	25.05
2.276	9.97	25.05
2.277	9.97	25.05
2.277	9.96	25.05
2.277	9.96	25.05
2.277	9.96	25.05
2.277	9.96	25.05
2.277	9.96	25.05
2.277	9.96	25.05
2.277	9.96	25.05
2.277	9.96	25.05
2.277	9.96	25.05
2.277	9.96	25.05
2.277	9.96	25.05
2.277	9.96	25.05
2.278	9.95	25.05
2.278	9.95	25.05
2.279	9.95	25.05
2.279	9.94	25.05
2.279	9.94	25.05
2.280	9.94	25.05
2.280	9.94	25.05
2.280	9.94	25.05
2.281	9.93	25.05
2.283	9.93	25.05
2.284	9.92	25.05
2.284	9.92	25.05
2.284	9.92	25.05
2.285	9.91	25.05
2.287	9.90	25.05
2.288	9.89	25.05
2.289	9.89	25.05
2.289	9.89	25.05
2.290	9.89	25.05
2.290	9.89	25.05
2.292	9.88	25.05
2.293	9.87	25.05
2.293	9.87	25.05
2.294	9.86	25.05
2.295	9.86	25.05
2.295	9.85	25.05
2.297	9.84	25.05
2.298	9.83	25.05
2.298	9.84	25.05
2.298	9.83	25.05
2.298	9.83	25.05
2.299	9.83	25.05
2.299	9.83	25.05
2.300	9.82	25.05
2.301	9.81	25.05
2.301	9.81	25.05
2.301	9.81	25.05
2.302	9.81	25.05
2.303	9.80	25.05
2.303	9.80	25.05
2.303	9.80	25.05
2.304	9.80	25.05
2.304	9.80	25.05
2.304	9.80	25.05
2.304	9.80	25.05
2.304	9.80	25.05
2.304	9.80	25.05
2.304	9.80	25.05
2.304	9.80	25.05
2.304	9.80	25.05
2.304	9.80	25.05
2.305	9.79	25.05
2.305	9.79	25.05
2.306	9.78	25.05
2.307	9.78	25.05
2.308	9.78	25.05
2.309	9.77	25.05
2.310	9.77	25.05
2.311	9.77	25.05
2.311	9.77	25.05
2.312	9.76	25.05
2.312	9.76	25.05
2.313	9.76	25.05
2.313	9.76	25.05
2.314	9.76	25.05
2.315	9.75	25.05
2.316	9.75	25.05
2.316	9.75	25.05
2.316	9.75	25.05
2.317	9.75	25.05
2.317	9.75	25.05
2.318	9.74	25.05
2.319	9.74	25.05
2.320	9.74	25.05
2.321	9.73	25.05
2.322	9.73	25.05
2.323	9.72	25.05
2.324	9.71	25.05
2.324	9.71	25.05
2.325	9.70	25.05
2.326	9.70	25.05
2.326	9.70	25.05
2.326	9.70	25.05
2.325	9.70	25.05
2.325	9.70	25.05
2.325	9.70	25.05
2.325	9.70	25.05
2.325	9.70	25.05
2.326	9.70	25.05
2.326	9.70	25.05
2.326	9.70	25.05
2.326	9.70	25.05
2.327	9.70	25.05
2.328	9.69	25.05
2.329	9.69	25.05
2.330	9.68	25.05
2.331	9.68	25.05
2.332	9.67	25.05
2.333	9.67	25.05
2.333	9.66	25.05
2.334	9.65	25.05
2.335	9.65	25.05
2.336	9.64	25.05
2.337	9.63	25.05
2.338	9.63	25.05
2.339	9.63	25.05
2.339	9.63	25.05
2.340	9.62	25.05
2.341	9.62	25.05
2.342	9.61	25.05
2.343	9.61	25.05
2.343	9.61	25.04
2.344	9.60	25.05
2.345	9.60	25.05
2.346	9.59	25.04
2.346	9.59	25.05
2.347	9.59	25.04
2.347	9.59	25.05
2.348	9.59	25.04
2.349	9.58	25.04
2.349	9.58	25.04
2.350	9.57	25.04
2.351	9.56	25.05
2.352	9.56	25.04
2.352	9.56	25.05
2.352	9.55	25.05
2.353	9.55	25.04
2.353	9.55	25.04
2.353	9.55	25.05
2.353	9.55	25.04
2.353	9.55	25.04
2.353	9.55	25.04
2.353	9.54	25.04
2.353	9.55	25.04
2.354	9.54	25.04
2.355	9.53	25.05
2.356	9.52	25.04
2.357	9.52	25.04
2.358	9.51	25.04
2.359	9.50	25.04
2.360	9.50	25.04
2.362	9.48	25.04
2.363	9.47	25.04
2.365	9.49	25.04
2.366	9.48	25.04
2.367	9.48	25.04
2.368	9.47	25.04
2.369	9.46	25.04
2.370	9.46	25.04
2.371	9.46	25.04
2.371	9.44	25.04
2.372	9.44	25.04
2.372	9.43	25.04
2.373	9.43	25.04
2.374	9.42	25.04
2.375	9.42	25.04
2.376	9.42	25.04
2.378	9.41	25.04
2.379	9.40	25.04
2.380	9.40	25.04
2.380	9.40	25.04
2.381	9.40	25.04
2.382	9.39	25.04
2.383	9.39	25.04
2.384	9.39	25.04
2.385	9.38	25.04
2.386	9.38	25.04
2.386	9.38	25.04
2.387	9.38	25.04
2.387	9.38	25.04
2.387	9.38	25.04
2.387	9.38	25.04
2.388	9.38	25.04
2.388	9.38	25.04
2.389	9.37	25.04
2.390	9.36	25.04
2.391	9.36	25.04
2.392	9.35	25.04
2.393	9.34	25.04
2.394	9.33	25.04
2.395	9.32	25.04
2.396	9.31	25.04
2.397	9.31	25.04
2.398	9.30	25.04
2.399	9.28	25.04
2.399	9.28	25.04
2.400	9.27	25.04
2.401	9.26	25.04
2.401	9.25	25.04
2.402	9.25	25.04
2.403	9.25	25.04
2.403	9.25	25.04
2.404	9.24	25.04
2.404	9.24	25.04
2.404	9.24	25.04
2.405	9.23	25.04
2.405	9.22	25.04
2.406	9.21	25.04
2.406	9.21	25.04
2.407	9.20	25.04
2.408	9.20	25.04
2.409	9.20	25.04
2.410	9.19	25.04
2.410	9.20	25.04
2.410	9.20	25.04
2.411	9.20	25.04
2.412	9.20	25.04
2.413	9.20	25.04
2.413	9.19	25.04
2.414	9.20	25.04
2.414	9.19	25.04
2.414	9.19	25.04
2.414	9.18	25.04
2.414	9.18	25.04
2.415	9.19	25.04
2.416	9.18	25.04
2.416	9.17	25.04
2.417	9.17	25.04
2.418	9.17	25.04
2.419	9.17	25.04
2.420	9.16	25.04
2.422	9.16	25.04
2.423	9.16	25.04
2.423	9.15	25.04
2.424	9.16	25.04
2.425	9.16	25.04
2.426	9.16	25.04
2.427	9.16	25.04
2.427	9.17	25.04
2.428	9.16	25.04
2.429	9.16	25.04
2.431	9.16	25.04
2.432	9.16	25.04
2.433	9.15	25.04
2.433	9.15	25.04
2.434	9.14	25.04
2.434	9.13	25.04
2.435	9.13	25.04
2.436	9.11	25.04
2.437	9.11	25.04
2.438	9.11	25.04
2.439	9.11	25.04
2.439	9.12	25.04
2.440	9.12	25.04
2.440	9.13	25.04
2.441	9.13	25.04
2.441	9.12	25.04
2.441	9.12	25.04
2.442	9.11	25.04
2.443	9.09	25.04
2.444	9.08	25.04
2.444	9.07	25.04
2.444	9.07	25.04
2.444	9.07	25.04
2.445	9.07	25.04
2.445	9.07	25.04
2.446	9.08	25.04
2.447	9.07	25.04
2.448	9.06	25.04
2.449	9.06	25.04
2.450	9.06	25.04
2.450	9.06	25.04
2.450	9.06	25.04
2.450	9.05	25.04
2.450	9.05	25.04
2.450	9.05	25.04
2.450	9.06	25.04
2.450	9.06	25.04
2.450	9.05	25.04
2.450	9.05	25.04
2.450	9.06	25.04
2.451	9.05	25.04
2.453	9.05	25.04
2.454	9.05	25.04
2.455	9.04	25.04
2.456	9.03	25.04
2.457	9.02	25.04
2.458	9.02	25.04
2.459	9.02	25.04
2.460	9.01	25.04
2.461	9.01	25.04
2.462	9.00	25.04
2.463	9.01	25.04
2.464	9.00	25.04
2.464	9.00	25.04
2.465	9.01	25.04
2.465	9.01	25.04
2.466	9.01	25.04
2.466	9.00	25.04
2.466	9.01	25.04
2.466	9.00	25.04
2.466	9.00	25.04
2.467	9.00	25.04
2.468	8.99	25.04
2.469	8.99	25.04
2.470	8.99	25.04
2.470	8.98	25.04
2.470	8.99	25.04
2.470	8.99	25.04
2.470	8.99	25.04
2.471	8.99	25.04
2.472	8.99	25.04
2.473	8.98	25.04
2.474	8.98	25.04
2.475	8.98	25.04
2.476	8.97	25.04
2.476	8.98	25.04
2.477	8.98	25.04
2.478	8.97	25.04
2.478	8.98	25.04
2.479	8.97	25.04
2.481	8.97	25.04
2.482	8.96	25.04
2.482	8.96	25.04
2.484	8.97	25.04
2.485	8.96	25.04
2.485	8.97	25.04
2.486	8.96	25.04
2.487	8.96	25.04
2.488	8.96	25.04
2.489	8.95	25.04
2.490	8.94	25.04
2.492	8.94	25.04
2.494	8.95	25.04
2.494	8.94	25.04
2.495	8.94	25.04
2.496	8.93	25.04
2.497	8.93	25.04
2.498	8.94	25.04
2.499	8.94	25.04
2.499	8.92	25.04
2.500	8.92	25.04
2.500	8.92	25.04
2.502	8.91	25.04
2.503	8.92	25.04
2.504	8.92	25.04
2.505	8.91	25.04
2.505	8.91	25.04
2.506	8.91	25.04
2.506	8.90	25.04
2.507	8.90	25.04
2.507	8.89	25.04
2.507	8.90	25.04
2.508	8.89	25.04
2.508	8.89	25.04
2.509	8.89	25.04
2.510	8.90	25.04
2.512	8.89	25.04
2.514	8.89	25.04
2.515	8.88	25.04
2.515	8.89	25.04
2.516	8.89	25.04
2.517	8.90	25.04
2.517	8.89	25.04
2.518	8.89	25.04
2.518	8.88	25.04
2.518	8.89	25.04
2.519	8.88	25.04
2.520	8.89	25.04
2.520	8.89	25.04
2.521	8.88	25.04
2.521	8.89	25.04
2.522	8.88	25.04
2.522	8.88	25.04
2.523	8.87	25.04
2.523	8.87	25.04
2.524	8.88	25.04
2.524	8.88	25.04
2.524	8.87	25.04
2.524	8.87	25.04
2.526	8.87	25.04
2.526	8.87	25.04
2.527	8.87	25.04
2.527	8.87	25.04
2.528	8.87	25.04
2.529	8.84	25.04
2.530	8.85	25.04
2.531	8.84	25.04
2.531	8.84	25.04
2.532	8.82	25.04
2.533	8.82	25.04
2.533	8.82	25.04
2.534	8.84	25.04
2.535	8.84	25.04
2.536	8.82	25.04
2.536	8.84	25.04
2.537	8.83	25.04
2.537	8.83	25.04
2.538	8.84	25.04
2.538	8.81	25.04
2.538	8.81	25.04
2.539	8.82	25.04
2.539	8.81	25.04
2.540	8.83	25.04
2.541	8.81	25.04
2.542	8.82	25.04
2.542	8.79	25.04
2.543	8.79	25.04
2.543	8.80	25.04
2.544	8.80	25.04
2.544	8.78	25.04
2.545	8.79	25.04
2.545	8.78	25.04
2.546	8.80	25.04
2.546	8.78	25.04
2.547	8.77	25.04
2.548	8.76	25.04
2.548	8.76	25.04
2.549	8.77	25.04
2.550	8.77	25.04
2.550	8.75	25.04
2.551	8.77	25.04
2.552	8.74	25.04
2.553	8.76	25.04
2.554	8.76	25.04
2.554	8.76	25.04
2.555	8.76	25.04
2.555	8.75	25.04
2.556	8.76	25.04
2.557	8.76	25.04
2.558	8.75	25.04
2.558	8.75	25.04
2.559	8.75	25.04
2.560	8.75	25.04
2.561	8.75	25.04
2.562	8.75	25.04
2.563	8.73	25.04
2.564	8.74	25.04
2.565	8.73	25.04
2.566	8.74	25.04
2.567	8.74	25.04
2.569	8.72	25.04
2.570	8.72	25.04
2.570	8.70	25.04
2.570	8.72	25.04
2.570	8.71	25.04
2.571	8.71	25.04
2.573	8.70	25.04
2.575	8.68	25.04
2.577	8.69	25.04
2.577	8.69	25.04
2.577	8.67	25.04
2.578	8.70	25.04
2.578	8.68	25.04
2.580	8.67	25.04
2.582	8.66	25.04
2.584	8.68	25.04
2.585	8.67	25.04
2.585	8.67	25.04
2.585	8.66	25.04
2.586	8.66	25.04
2.587	8.64	25.04
2.588	8.66	25.04
2.589	8.64	25.04
2.590	8.67	25.04
2.591	8.63	25.04
2.592	8.64	25.04
2.593	8.61	25.04
2.593	8.60	25.04
2.593	8.60	25.04
2.594	8.62	25.04
2.594	8.61	25.04
2.595	8.61	25.04
2.596	8.61	25.04
2.597	8.62	25.04
2.598	8.61	25.04
2.598	8.61	25.04
2.598	8.61	25.04
2.599	8.61	25.04
2.600	8.61	25.04
2.601	8.61	25.04
2.602	8.61	25.04
2.603	8.61	25.04
2.605	8.62	25.04
2.607	8.59	25.04
2.608	8.58	25.04
2.610	8.56	25.04
2.612	8.55	25.04
2.613	8.53	25.04
2.614	8.55	25.04
2.615	8.54	25.04
2.616	8.54	25.04
2.618	8.55	25.04
2.619	8.56	25.04
2.621	8.55	25.04
2.622	8.55	25.04
2.624	8.53	25.04
2.626	8.53	25.04
2.627	8.52	25.04
2.627	8.49	25.04
2.628	8.51	25.04
2.629	8.52	25.04
2.630	8.51	25.04
2.631	8.51	25.04
2.632	8.50	25.04
2.633	8.52	25.04
2.634	8.51	25.04
2.636	8.49	25.04
2.637	8.48	25.04
2.638	8.49	25.04
2.639	8.48	25.04
2.640	8.49	25.04
2.641	8.50	25.04
2.642	8.50	25.04
2.643	8.50	25.04
2.645	8.50	25.04
2.646	8.47	25.04
2.648	8.45	25.04
2.649	8.46	25.04
2.650	8.46	25.04
2.652	8.44	25.04
2.653	8.44	25.04
2.654	8.45	25.04
2.655	8.45	25.04
2.656	8.45	25.04
2.657	8.46	25.04
2.658	8.44	25.04
2.660	8.43	25.04
2.663	8.42	25.04
2.665	8.41	25.04
2.667	8.39	25.04
2.667	8.39	25.04
2.667	8.41	25.04
2.667	8.39	25.04
2.667	8.40	25.04
2.667	8.39	25.04
2.668	8.40	25.04
2.668	8.39	25.04
2.669	8.38	25.04
2.670	8.39	25.04
2.671	8.40	25.04
2.673	8.37	25.04
2.675	8.39	25.04
2.676	8.38	25.04
2.678	8.38	25.04
2.680	8.38	25.04
2.682	8.39	25.04
2.684	8.35	25.04
2.686	8.37	25.04
2.687	8.34	25.04
2.689	8.35	25.04
2.691	8.33	25.04
2.692	8.33	25.04
2.693	8.29	25.04
2.694	8.27	25.04
2.696	8.26	25.04
2.697	8.26	25.04
2.698	8.24	25.04
2.699	8.24	25.04
2.700	8.28	25.04
2.701	8.27	25.04
2.702	8.27	25.04
2.704	8.31	25.04
2.706	8.25	25.04
2.707	8.25	25.04
2.708	8.27	25.04
2.709	8.25	25.04
2.710	8.27	25.04
2.711	8.27	25.04
2.713	8.25	25.04
2.715	8.21	25.04
2.717	8.22	25.04
2.718	8.22	25.04
2.720	8.22	25.04
2.721	8.22	25.04
2.723	8.21	25.04
2.724	8.18	25.04
2.725	8.21	25.04
2.727	8.18	25.04
2.728	8.16	25.04
2.730	8.17	25.04
2.731	8.19	25.04
2.732	8.14	25.04
2.734	8.15	25.04
2.736	8.15	25.04
2.737	8.15	25.04
2.738	8.13	25.04
2.738	8.12	25.04
2.739	8.13	25.04
2.740	8.13	25.04
2.740	8.10	25.04
2.742	8.10	25.04
2.743	8.10	25.04
2.744	8.12	25.04
2.745	8.11	25.04
2.746	8.10	25.04
2.748	8.11	25.04
2.749	8.13	25.04
2.750	8.16	25.04
2.752	8.13	25.04
2.754	8.12	25.04
2.756	8.11	25.04
2.756	8.10	25.04
2.757	8.07	25.04
2.758	8.08	25.04
2.759	8.07	25.04
2.761	8.08	25.04
2.761	8.08	25.04
2.762	8.07	25.04
2.764	8.03	25.04
2.765	8.01	25.04
2.767	7.96	25.04
2.768	7.97	25.04
2.770	7.98	25.04
2.770	7.96	25.04
2.771	7.96	25.04
2.772	7.96	25.04
2.773	7.96	25.04
2.774	7.94	25.04
2.775	7.93	25.04
2.777	7.94	25.04
2.778	7.92	25.04
2.779	7.93	25.04
2.780	7.94	25.04
2.781	7.92	25.04
2.783	7.92	25.04
2.784	7.92	25.04
2.786	7.91	25.04
2.788	7.90	25.04
2.790	7.87	25.04
2.792	7.89	25.04
2.796	7.87	25.04
2.799	7.87	25.04
2.801	7.86	25.04
2.802	7.87	25.04
2.803	7.86	25.04
2.804	7.85	25.04
2.806	7.85	25.04
2.808	7.84	25.04
2.809	7.84	25.04
2.812	7.84	25.04
2.814	7.84	25.04
2.815	7.86	25.04
2.816	7.84	25.04
2.817	7.84	25.04
2.819	7.82	25.04
2.821	7.81	25.04
2.822	7.81	25.04
2.823	7.81	25.04
2.825	7.80	25.04
2.827	7.80	25.04
2.829	7.81	25.04
2.831	7.80	25.04
2.832	7.80	25.04
2.833	7.80	25.04
2.835	7.78	25.04
2.836	7.77	25.04
2.838	7.79	25.04
2.840	7.77	25.04
2.842	7.77	25.04
2.844	7.78	25.04
2.846	7.77	25.04
2.847	7.77	25.04
2.848	7.76	25.04
2.850	7.77	25.04
2.851	7.78	25.04
2.852	7.73	25.04
2.852	7.73	25.04
2.853	7.71	25.04
2.854	7.72	25.04
2.855	7.72	25.04
2.857	7.71	25.04
2.858	7.71	25.04
2.859	7.72	25.04
2.861	7.71	25.04
2.862	7.72	25.04
2.864	7.70	25.04
2.866	7.69	25.04
2.868	7.66	25.04
2.869	7.68	25.04
2.870	7.69	25.04
2.870	7.68	25.04
2.872	7.68	25.04
2.874	7.68	25.04
2.877	7.69	25.04
2.880	7.66	25.04
2.882	7.67	25.04
2.883	7.66	25.04
2.885	7.64	25.04
2.888	7.65	25.04
2.891	7.64	25.04
2.893	7.65	25.04
2.894	7.63	25.04
2.896	7.59	25.04
2.897	7.58	25.04
2.899	7.54	25.04
2.900	7.54	25.04
2.901	7.53	25.04
2.902	7.52	25.04
2.903	7.54	25.04
2.903	7.53	25.04
2.904	7.52	25.04
2.905	7.50	25.04
2.906	7.51	25.04
2.907	7.50	25.04
2.908	7.50	25.04
2.908	7.52	25.04
2.908	7.51	25.04
2.909	7.50	25.04
2.909	7.51	25.04
2.910	7.50	25.04
2.910	7.48	25.04
2.911	7.49	25.04
2.912	7.50	25.04
2.913	7.51	25.04
2.914	7.52	25.04
2.915	7.48	25.04
2.916	7.51	25.04
2.916	7.48	25.04
2.917	7.50	25.04
2.919	7.50	25.04
2.920	7.49	25.04
2.921	7.50	25.04
2.922	7.50	25.04
2.923	7.48	25.04
2.924	7.50	25.04
2.926	7.49	25.04
2.927	7.51	25.04
2.929	7.50	25.04
2.931	7.50	25.04
2.933	7.48	25.04
2.934	7.48	25.04
2.936	7.50	25.04
2.937	7.49	25.04
2.939	7.48	25.04
2.940	7.46	25.04
2.941	7.48	25.04
2.943	7.46	25.04
2.943	7.46	25.04
2.945	7.49	25.04
2.947	7.47	25.04
2.949	7.45	25.04
2.950	7.46	25.04
2.951	7.46	25.04
2.953	7.44	25.04
2.954	7.44	25.04
2.955	7.44	25.04
2.956	7.41	25.04
2.957	7.42	25.04
2.959	7.42	25.04
2.960	7.41	25.04
2.961	7.44	25.04
2.964	7.43	25.04
2.965	7.44	25.04
2.966	7.42	25.04
2.967	7.42	25.04
2.969	7.38	25.04
2.970	7.36	25.04
2.972	7.36	25.04
2.973	7.35	25.04
2.974	7.33	25.04
2.976	7.33	25.04
2.978	7.35	25.04
2.980	7.34	25.04
2.981	7.33	25.04
2.982	7.32	25.04
2.984	7.33	25.04
2.985	7.32	25.04
2.986	7.33	25.04
2.987	7.31	25.04
2.987	7.31	25.04
2.987	7.33	25.04
2.988	7.33	25.04
2.988	7.34	25.04
2.989	7.31	25.04
2.990	7.33	25.04
2.990	7.29	25.04
2.990	7.31	25.04
2.991	7.31	25.04
2.991	7.31	25.04
2.992	7.32	25.04
2.992	7.28	25.04
2.992	7.30	25.04
2.993	7.29	25.04
2.993	7.29	25.04
2.995	7.29	25.04
2.997	7.28	25.04
2.998	7.28	25.04
3.000	7.28	25.04
3.001	7.27	25.04
3.003	7.30	25.04
3.004	7.27	25.04
3.005	7.27	25.04
3.007	7.27	25.04
3.008	7.26	25.04
3.009	7.24	25.04
3.010	7.26	25.04
3.011	7.24	25.04
3.013	7.25	25.04
3.014	7.25	25.04
3.015	7.25	25.04
3.016	7.23	25.04
3.016	7.26	25.04
3.017	7.23	25.04
3.019	7.25	25.04
3.022	7.23	25.04
3.024	7.24	25.04
3.025	7.22	25.04
3.025	7.21	25.04
3.026	7.21	25.04
3.029	7.21	25.04
3.035	7.19	25.04
3.038	7.18	25.04
3.040	7.18	25.04
3.042	7.18	25.04
3.042	7.15	25.04
3.043	7.16	25.04
3.045	7.15	25.04
3.047	7.15	25.04
3.051	7.12	25.04
3.054	7.13	25.04
3.057	7.12	25.04
3.061	7.14	25.04
3.063	7.12	25.04
3.064	7.10	25.04
3.065	7.11	25.04
3.066	7.12	25.04
3.068	7.09	25.04
3.071	7.09	25.04
3.073	7.08	25.04
3.076	7.09	25.04
3.081	7.08	25.04
3.085	7.07	25.04
3.088	7.06	25.04
3.089	7.06	25.04
3.091	7.07	25.04
3.092	7.05	25.04
3.093	7.04	25.04
3.094	7.03	25.04
3.097	7.01	25.04
3.098	7.01	25.04
3.100	7.00	25.04
3.100	6.98	25.04
3.100	6.98	25.04
3.101	6.98	25.04
3.101	6.99	25.04
3.102	7.00	25.04
3.102	6.98	25.04
3.101	6.98	25.04
3.101	6.98	25.04
3.101	6.98	25.04
3.101	6.97	25.04
3.101	6.97	25.04
3.101	6.97	25.04
3.100	6.97	25.04
3.100	6.99	25.04
3.100	6.97	25.04
3.100	6.95	25.04
3.100	6.98	25.04
3.100	6.98	25.04
3.100	6.99	25.04
3.101	6.99	25.04
3.102	6.99	25.04
3.104	6.97	25.04
3.111	6.96	25.04
3.124	6.95	25.04
3.132	6.93	25.04
3.132	6.94	25.04
3.131	6.92	25.04
3.131	6.92	25.04
3.132	6.91	25.04
3.133	6.95	25.04
3.136	6.94	25.04
3.138	6.93	25.04
3.140	6.90	25.04
3.142	6.89	25.04
3.145	6.91	25.04
3.146	6.89	25.04
3.147	6.91	25.04
3.148	6.92	25.04
3.149	6.89	25.04
3.151	6.89	25.04
3.152	6.89	25.04
3.153	6.90	25.04
3.157	6.85	25.04
3.160	6.84	25.04
3.162	6.84	25.04
3.164	6.85	25.04
3.166	6.85	25.04
3.167	6.86	25.04
3.168	6.83	25.04
3.169	6.81	25.04
3.170	6.83	25.04
3.171	6.82	25.04
3.173	6.83	25.04
3.176	6.80	25.04
3.178	6.80	25.04
3.180	6.79	25.04
3.182	6.79	25.04
3.183	6.77	25.04
3.184	6.74	25.04
3.185	6.77	25.04
3.185	6.77	25.04
3.186	6.75	25.04
3.187	6.77	25.04
3.189	6.76	25.04
3.192	6.73	25.04
3.194	6.77	25.04
3.196	6.72	25.04
3.198	6.69	25.04
3.200	6.66	25.04
3.202	6.69	25.04
3.205	6.67	25.04
3.207	6.67	25.04
3.208	6.66	25.04
3.209	6.67	25.04
3.211	6.65	25.04
3.214	6.68	25.04
3.218	6.62	25.04
3.220	6.63	25.04
3.221	6.62	25.04
3.223	6.63	25.04
3.224	6.61	25.04
3.224	6.62	25.04
3.224	6.60	25.04
3.224	6.59	25.04
3.224	6.61	25.04
3.224	6.62	25.04
3.225	6.60	25.04
3.225	6.59	25.04
3.227	6.60	25.04
3.231	6.60	25.04
3.234	6.61	25.04
3.235	6.60	25.04
3.237	6.61	25.04
3.238	6.60	25.04
3.240	6.60	25.04
3.241	6.59	25.04
3.243	6.58	25.04
3.244	6.57	25.04
3.246	6.54	25.04
3.247	6.57	25.04
3.247	6.56	25.04
3.247	6.55	25.04
3.248	6.54	25.04
3.249	6.55	25.04
3.251	6.54	25.04
3.252	6.55	25.04
3.253	6.53	25.04
3.254	6.53	25.04
3.255	6.51	25.04
3.256	6.52	25.04
3.257	6.52	25.04
3.259	6.52	25.04
3.260	6.51	25.04
3.262	6.51	25.04
3.263	6.53	25.04
3.264	6.52	25.04
3.265	6.50	25.04
3.266	6.54	25.04
3.268	6.51	25.04
3.269	6.50	25.04
3.270	6.50	25.04
3.272	6.49	25.04
3.273	6.51	25.04
3.274	6.48	25.04
3.274	6.50	25.04
3.274	6.49	25.04
3.275	6.52	25.04
3.275	6.50	25.04
3.276	6.52	25.04
3.276	6.51	25.04
3.278	6.51	25.04
3.283	6.50	25.04
3.287	6.47	25.04
3.288	6.48	25.04
3.288	6.47	25.04
3.288	6.44	25.04
3.288	6.47	25.04
3.291	6.48	25.04
3.293	6.44	25.04
3.296	6.45	25.04
3.298	6.43	25.04
3.299	6.45	25.04
3.301	6.45	25.04
3.304	6.44	25.04
3.306	6.44	25.04
3.310	6.43	25.04
3.312	6.43	25.04
3.314	6.43	25.04
3.315	6.43	25.04
3.317	6.41	25.04
3.319	6.43	25.04
3.321	6.42	25.04
3.324	6.40	25.04
3.326	6.40	25.04
3.329	6.38	25.04
3.333	6.40	25.04
3.337	6.36	25.04
3.340	6.34	25.04
3.343	6.35	25.04
3.344	6.32	25.04
3.345	6.32	25.04
3.346	6.35	25.04
3.347	6.36	25.04
3.350	6.34	25.04
3.353	6.32	25.04
3.354	6.34	25.04
3.356	6.31	25.04
3.356	6.31	25.04
3.357	6.29	25.04
3.357	6.34	25.04
3.357	6.33	25.04
3.359	6.32	25.04
3.361	6.34	25.04
3.364	6.32	25.04
3.367	6.30	25.04
3.369	6.29	25.04
3.370	6.31	25.04
3.371	6.31	25.04
3.373	6.32	25.04
3.375	6.28	25.04
3.378	6.28	25.04
3.380	6.28	25.04
3.382	6.30	25.04
3.383	6.28	25.04
3.384	6.28	25.04
3.385	6.27	25.04
3.387	6.27	25.04
3.388	6.24	25.04
3.390	6.25	25.04
3.394	6.25	25.04
3.399	6.25	25.04
3.402	6.24	25.04
3.404	6.23	25.04
3.404	6.22	25.04
3.407	6.20	25.04
3.410	6.19	25.04
3.411	6.18	25.04
3.412	6.17	25.04
3.414	6.16	25.04
3.415	6.15	25.04
3.418	6.15	25.04
3.422	6.14	25.04
3.425	6.12	25.04
3.428	6.12	25.04
3.429	6.12	25.04
3.430	6.12	25.04
3.431	6.13	25.04
3.432	6.08	25.04
3.434	6.11	25.04
3.436	6.11	25.04
3.438	6.10	25.04
3.440	6.12	25.04
3.444	6.11	25.04
3.448	6.10	25.04
3.449	6.09	25.04
3.451	6.11	25.04
3.453	6.08	25.04
3.456	6.09	25.04
3.458	6.06	25.04
3.459	6.06	25.04
3.460	6.06	25.04
3.461	6.06	25.04
3.463	6.05	25.04
3.464	6.05	25.04
3.465	6.05	25.04
3.467	6.05	25.04
3.468	6.05	25.04
3.470	6.03	25.04
3.471	6.04	25.04
3.472	6.05	25.04
3.474	6.05	25.04
3.476	6.04	25.04
3.477	6.05	25.04
3.478	6.03	25.04
3.479	6.05	25.04
3.479	6.02	25.04
3.480	6.02	25.04
3.480	6.03	25.04
3.481	6.01	25.04
3.482	6.05	25.04
3.483	6.03	25.04
3.484	6.00	25.04
3.485	6.00	25.04
3.486	6.04	25.04
3.488	6.01	25.04
3.490	6.03	25.04
3.493	6.01	25.04
3.496	6.00	25.04
3.500	5.99	25.04
3.501	6.00	25.04
3.502	6.01	25.04
3.503	6.00	25.04
3.505	6.00	25.04
3.507	6.00	25.04
3.509	5.98	25.04
3.512	6.00	25.04
3.515	5.98	25.04
3.518	5.99	25.04
3.521	5.98	25.04
3.523	5.97	25.04
3.527	6.00	25.04
3.530	5.99	25.04
3.532	6.00	25.04
3.535	5.97	25.04
3.537	5.96	25.04
3.540	5.93	25.04
3.544	5.94	25.04
3.547	5.92	25.04
3.548	5.91	25.04
3.549	5.91	25.04
3.551	5.91	25.04
3.553	5.91	25.04
3.556	5.90	25.04
3.561	5.91	25.04
3.563	5.90	25.04
3.564	5.90	25.04
3.564	5.89	25.04
3.564	5.89	25.04
3.564	5.87	25.04
3.564	5.88	25.04
3.564	5.88	25.04
3.565	5.88	25.04
3.566	5.89	25.04
3.567	5.90	25.04
3.569	5.86	25.04
3.569	5.84	25.04
3.569	5.84	25.04
3.569	5.82	25.04
3.569	5.84	25.04
3.569	5.83	25.04
3.569	5.83	25.04
3.569	5.82	25.04
3.569	5.84	25.04
3.569	5.81	25.04
3.569	5.81	25.04
3.569	5.80	25.04
3.569	5.79	25.04
3.569	5.79	25.04
3.569	5.79	25.04
3.569	5.80	25.04
3.569	5.75	25.04
3.569	5.74	25.04
3.569	5.73	25.04
3.569	5.75	25.04
3.569	5.74	25.04
3.569	5.75	25.04
3.569	5.76	25.04
3.569	5.75	25.04
3.569	5.73	25.04
3.569	5.70	25.04
3.569	5.71	25.04
3.569	5.69	25.04
3.569	5.68	25.04
3.569	5.67	25.04
3.569	5.67	25.04
3.569	5.67	25.04
3.569	5.67	25.04
3.569	5.68	25.04
3.569	5.68	25.04
3.569	5.66	25.04
3.569	5.65	25.04
3.569	5.68	25.04
3.569	5.68	25.04
3.569	5.67	25.04
3.569	5.69	25.04
3.569	5.71	25.04
3.569	5.65	25.04
3.569	5.65	25.04
3.569	5.62	25.04
3.569	5.62	25.04
3.569	5.65	25.04
3.569	5.61	25.04
3.569	5.61	25.04
3.569	5.60	25.04
3.569	5.60	25.04
3.569	5.59	25.04
3.569	5.61	25.04
3.569	5.60	25.04
3.569	5.60	25.04
3.569	5.59	25.04
3.569	5.60	25.04
3.569	5.60	25.04
3.569	5.60	25.04
3.569	5.58	25.04
3.569	5.59	25.04
3.569	5.59	25.04
3.569	5.60	25.04
3.569	5.58	25.04
3.569	5.61	25.04
3.569	5.59	25.04
3.569	5.59	25.04
3.569	5.61	25.04
3.569	5.61	25.04
3.569	5.60	25.04
3.569	5.60	25.04
