3.569	5.70	25.27
3.569	5.74	25.27
3.569	5.74	25.27
3.569	5.76	25.27
3.569	5.81	25.27
3.569	5.79	25.27
3.569	5.80	25.27
3.569	5.81	25.27
3.569	5.80	25.27
3.569	5.78	25.27
3.569	5.80	25.27
3.569	5.81	25.27
3.569	5.83	25.26
3.569	5.83	25.26
3.569	5.84	25.26
3.569	5.84	25.26
3.569	5.85	25.26
3.568	5.87	25.26
3.563	5.88	25.26
3.559	5.89	25.26
3.553	5.89	25.26
3.546	5.90	25.26
3.537	5.91	25.26
3.532	5.89	25.26
3.529	5.91	25.26
3.527	5.92	25.26
3.523	5.92	25.26
3.517	5.92	25.26
3.513	5.93	25.26
3.510	5.93	25.26
3.508	5.95	25.26
3.508	5.95	25.26
3.508	5.93	25.26
3.507	5.96	25.26
3.503	5.98	25.26
3.498	5.99	25.26
3.493	5.98	25.26
3.491	5.97	25.26
3.489	5.98	25.26
3.486	6.01	25.26
3.483	6.00	25.26
3.478	6.00	25.26
3.470	6.04	25.26
3.464	6.05	25.26
3.457	6.05	25.26
3.452	6.09	25.26
3.448	6.06	25.26
3.445	6.07	25.26
3.443	6.06	25.26
3.440	6.06	25.26
3.438	6.08	25.26
3.435	6.08	25.26
3.430	6.10	25.26
3.425	6.11	25.26
3.421	6.12	25.26
3.416	6.13	25.26
3.408	6.14	25.26
3.399	6.17	25.26
3.389	6.23	25.26
3.382	6.24	25.26
3.380	6.23	25.26
3.379	6.25	25.26
3.378	6.25	25.26
3.374	6.27	25.26
3.369	6.29	25.26
3.366	6.29	25.26
3.363	6.27	25.26
3.360	6.28	25.26
3.357	6.29	25.26
3.355	6.29	25.26
3.353	6.30	25.26
3.351	6.31	25.26
3.348	6.28	25.26
3.346	6.32	25.26
3.343	6.32	25.26
3.340	6.33	25.26
3.337	6.34	25.26
3.335	6.33	25.26
3.332	6.35	25.26
3.330	6.35	25.26
3.328	6.34	25.26
3.326	6.34	25.26
3.324	6.34	25.26
3.320	6.35	25.26
3.317	6.35	25.26
3.315	6.36	25.26
3.314	6.38	25.26
3.311	6.38	25.26
3.308	6.37	25.26
3.304	6.40	25.26
3.302	6.39	25.26
3.300	6.39	25.26
3.297	6.38	25.26
3.292	6.40	25.26
3.287	6.41	25.26
3.283	6.44	25.26
3.279	6.44	25.26
3.276	6.42	25.26
3.273	6.45	25.26
3.270	6.45	25.26
3.267	6.46	25.26
3.266	6.44	25.26
3.266	6.47	25.26
3.265	6.49	25.26
3.264	6.49	25.26
3.263	6.50	25.26
3.260	6.50	25.26
3.258	6.50	25.26
3.256	6.52	25.26
3.254	6.53	25.26
3.252	6.52	25.26
3.250	6.50	25.26
3.248	6.52	25.26
3.247	6.51	25.26
3.244	6.54	25.26
3.241	6.54	25.26
3.238	6.56	25.26
3.235	6.55	25.26
3.234	6.57	25.26
3.232	6.58	25.26
3.231	6.57	25.26
3.229	6.59	25.26
3.227	6.60	25.26
3.225	6.61	25.26
3.223	6.60	25.26
3.221	6.61	25.26
3.217	6.60	25.26
3.212	6.61	25.26
3.209	6.64	25.26
3.207	6.63	25.26
3.203	6.64	25.26
3.201	6.65	25.26
3.199	6.66	25.26
3.197	6.66	25.26
3.195	6.67	25.26
3.190	6.66	25.26
3.187	6.70	25.26
3.186	6.69	25.26
3.186	6.68	25.26
3.185	6.69	25.26
3.183	6.74	25.26
3.181	6.73	25.26
3.178	6.74	25.26
3.177	6.76	25.26
3.175	6.76	25.26
3.173	6.75	25.26
3.171	6.76	25.26
3.169	6.76	25.26
3.168	6.73	25.26
3.166	6.75	25.26
3.164	6.80	25.26
3.162	6.80	25.26
3.159	6.80	25.26
3.157	6.81	25.26
3.156	6.81	25.26
3.155	6.81	25.26
3.154	6.82	25.26
3.153	6.83	25.26
3.151	6.79	25.26
3.150	6.82	25.26
3.148	6.84	25.26
3.147	6.83	25.26
3.146	6.84	25.26
3.144	6.84	25.26
3.142	6.82	25.26
3.140	6.84	25.26
3.139	6.83	25.26
3.138	6.85	25.26
3.138	6.85	25.26
3.136	6.86	25.26
3.135	6.87	25.26
3.134	6.88	25.26
3.132	6.89	25.26
3.131	6.89	25.26
3.130	6.88	25.26
3.127	6.89	25.26
3.125	6.87	25.26
3.124	6.88	25.26
3.123	6.89	25.26
3.123	6.90	25.26
3.122	6.92	25.26
3.121	6.92	25.26
3.119	6.93	25.26
3.118	6.93	25.26
3.116	6.94	25.26
3.113	6.94	25.26
3.109	6.94	25.26
3.106	6.93	25.25
3.103	6.96	25.25
3.101	6.96	25.25
3.099	6.96	25.25
3.097	6.96	25.25
3.095	6.97	25.25
3.092	6.97	25.25
3.090	6.97	25.25
3.088	6.98	25.25
3.086	6.99	25.25
3.084	6.99	25.25
3.083	6.99	25.25
3.082	7.00	25.25
3.081	7.00	25.25
3.080	7.00	25.25
3.078	7.03	25.25
3.075	7.03	25.25
3.073	7.04	25.25
3.071	7.03	25.25
3.069	7.06	25.25
3.068	7.07	25.25
3.065	7.07	25.25
3.062	7.08	25.25
3.060	7.07	25.25
3.058	7.07	25.25
3.056	7.08	25.25
3.054	7.09	25.25
3.052	7.09	25.25
3.049	7.11	25.25
3.048	7.11	25.25
3.046	7.11	25.25
3.046	7.10	25.25
3.045	7.12	25.25
3.043	7.11	25.25
3.042	7.11	25.25
3.040	7.13	25.25
3.037	7.13	25.25
3.035	7.12	25.25
3.034	7.13	25.25
3.032	7.15	25.25
3.030	7.15	25.25
3.029	7.16	25.25
3.024	7.18	25.25
3.020	7.18	25.25
3.017	7.20	25.25
3.014	7.22	25.25
3.012	7.21	25.25
3.012	7.21	25.25
3.012	7.23	25.25
3.010	7.21	25.25
3.008	7.22	25.25
3.006	7.23	25.25
3.004	7.22	25.25
3.001	7.27	25.25
2.999	7.25	25.25
2.997	7.27	25.25
2.995	7.29	25.25
2.993	7.28	25.25
2.991	7.28	25.25
2.989	7.27	25.25
2.987	7.30	25.25
2.984	7.29	25.25
2.983	7.30	25.25
2.980	7.30	25.25
2.979	7.29	25.25
2.978	7.29	25.25
2.976	7.29	25.25
2.975	7.30	25.25
2.974	7.31	25.25
2.973	7.31	25.25
2.972	7.31	25.25
2.970	7.31	25.25
2.969	7.31	25.25
2.968	7.31	25.25
2.966	7.32	25.25
2.965	7.32	25.25
2.963	7.33	25.25
2.962	7.31	25.25
2.960	7.31	25.25
2.959	7.33	25.25
2.958	7.33	25.25
2.957	7.33	25.25
2.954	7.35	25.25
2.951	7.35	25.25
2.949	7.38	25.25
2.946	7.35	25.25
2.943	7.42	25.25
2.938	7.44	25.25
2.933	7.45	25.25
2.930	7.48	25.25
2.928	7.47	25.25
2.926	7.46	25.25
2.923	7.46	25.25
2.919	7.46	25.25
2.917	7.47	25.25
2.916	7.48	25.25
2.914	7.48	25.25
2.912	7.51	25.25
2.911	7.51	25.25
2.909	7.49	25.25
2.907	7.49	25.25
2.906	7.50	25.25
2.904	7.50	25.25
2.902	7.49	25.25
2.900	7.49	25.25
2.898	7.50	25.25
2.897	7.51	25.25
2.894	7.50	25.25
2.893	7.50	25.25
2.891	7.51	25.25
2.890	7.53	25.25
2.888	7.54	25.25
2.886	7.55	25.25
2.884	7.56	25.25
2.883	7.56	25.25
2.881	7.57	25.25
2.880	7.57	25.25
2.879	7.57	25.25
2.877	7.58	25.25
2.876	7.57	25.25
2.874	7.61	25.25
2.872	7.62	25.25
2.871	7.63	25.25
2.870	7.63	25.25
2.869	7.64	25.25
2.867	7.65	25.25
2.866	7.65	25.25
2.865	7.65	25.24
2.865	7.66	25.24
2.864	7.67	25.24
2.862	7.68	25.24
2.859	7.68	25.24
2.855	7.68	25.24
2.852	7.69	25.24
2.851	7.69	25.24
2.850	7.68	25.24
2.850	7.67	25.24
2.849	7.68	25.24
2.849	7.68	25.24
2.848	7.69	25.24
2.848	7.69	25.24
2.847	7.70	25.24
2.846	7.70	25.24
2.844	7.71	25.24
2.842	7.72	25.24
2.841	7.70	25.24
2.840	7.72	25.24
2.839	7.72	25.24
2.838	7.75	25.24
2.836	7.76	25.24
2.834	7.75	25.24
2.832	7.76	25.24
2.831	7.77	25.24
2.830	7.79	25.24
2.829	7.76	25.24
2.828	7.77	25.24
2.827	7.77	25.24
2.826	7.77	25.24
2.824	7.78	25.24
2.823	7.78	25.24
2.821	7.79	25.24
2.820	7.78	25.24
2.819	7.79	25.24
2.817	7.80	25.24
2.815	7.79	25.24
2.814	7.80	25.24
2.812	7.79	25.24
2.812	7.80	25.24
2.811	7.80	25.24
2.811	7.80	25.24
2.810	7.79	25.24
2.808	7.78	25.24
2.807	7.79	25.24
2.806	7.83	25.24
2.805	7.82	25.24
2.803	7.82	25.24
2.802	7.82	25.24
2.802	7.84	25.24
2.801	7.83	25.24
2.799	7.82	25.24
2.798	7.83	25.24
2.794	7.82	25.24
2.791	7.84	25.24
2.788	7.84	25.24
2.786	7.85	25.24
2.783	7.86	25.24
2.782	7.84	25.24
2.781	7.85	25.24
2.781	7.86	25.24
2.779	7.86	25.24
2.778	7.87	25.24
2.776	7.87	25.24
2.775	7.87	25.24
2.773	7.89	25.24
2.771	7.89	25.24
2.770	7.91	25.24
2.768	7.90	25.24
2.767	7.91	25.24
2.767	7.93	25.24
2.766	7.91	25.24
2.765	7.93	25.24
2.765	7.92	25.24
2.765	7.93	25.24
2.765	7.94	25.24
2.764	7.92	25.24
2.763	7.96	25.24
2.763	7.97	25.24
2.762	7.94	25.24
2.761	7.96	25.24
2.761	7.95	25.24
2.760	7.97	25.24
2.759	7.96	25.24
2.758	7.95	25.24
2.757	7.95	25.24
2.757	7.94	25.24
2.756	7.97	25.24
2.755	7.98	25.24
2.754	7.98	25.24
2.753	7.95	25.24
2.752	7.96	25.24
2.750	8.01	25.24
2.749	8.03	25.24
2.746	7.99	25.24
2.743	8.01	25.24
2.741	8.02	25.24
2.738	8.06	25.24
2.735	8.09	25.24
2.733	8.09	25.24
2.731	8.10	25.24
2.729	8.09	25.24
2.725	8.12	25.24
2.721	8.14	25.24
2.719	8.13	25.24
2.717	8.16	25.24
2.716	8.18	25.24
2.714	8.14	25.24
2.712	8.13	25.24
2.711	8.17	25.24
2.710	8.15	25.24
2.709	8.18	25.24
2.708	8.19	25.24
2.707	8.20	25.24
2.706	8.19	25.24
2.705	8.21	25.24
2.704	8.22	25.24
2.702	8.21	25.24
2.702	8.19	25.24
2.701	8.22	25.24
2.700	8.21	25.24
2.699	8.24	25.24
2.698	8.24	25.24
2.697	8.25	25.24
2.695	8.22	25.24
2.694	8.25	25.24
2.693	8.25	25.24
2.691	8.25	25.24
2.690	8.24	25.24
2.689	8.27	25.24
2.688	8.27	25.24
2.687	8.27	25.24
2.686	8.30	25.24
2.685	8.31	25.24
2.684	8.27	25.24
2.683	8.30	25.24
2.682	8.28	25.24
2.681	8.30	25.24
2.679	8.31	25.24
2.678	8.32	25.24
2.676	8.33	25.24
2.674	8.33	25.24
2.673	8.31	25.24
2.672	8.35	25.24
2.671	8.34	25.24
2.669	8.35	25.24
2.668	8.36	25.24
2.666	8.38	25.24
2.665	8.37	25.24
2.665	8.37	25.24
2.664	8.36	25.24
2.664	8.38	25.24
2.663	8.39	25.24
2.662	8.38	25.24
2.661	8.39	25.24
2.659	8.38	25.24
2.658	8.41	25.24
2.656	8.40	25.24
2.654	8.43	25.24
2.653	8.43	25.24
2.653	8.43	25.24
2.652	8.45	25.24
2.651	8.41	25.24
2.649	8.44	25.24
2.647	8.44	25.24
2.645	8.46	25.24
2.643	8.46	25.24
2.641	8.46	25.24
2.640	8.46	25.24
2.638	8.47	25.24
2.636	8.47	25.24
2.635	8.45	25.23
2.634	8.47	25.24
2.634	8.48	25.23
2.633	8.47	25.23
2.631	8.48	25.23
2.630	8.49	25.23
2.629	8.47	25.23
2.628	8.48	25.23
2.627	8.47	25.23
2.626	8.48	25.23
2.625	8.49	25.23
2.624	8.48	25.23
2.624	8.48	25.23
2.623	8.49	25.23
2.623	8.48	25.23
2.622	8.51	25.23
2.622	8.50	25.23
2.621	8.50	25.23
2.620	8.48	25.23
2.620	8.50	25.23
2.620	8.49	25.23
2.619	8.50	25.23
2.618	8.52	25.23
2.616	8.50	25.23
2.614	8.52	25.23
2.613	8.53	25.23
2.612	8.52	25.23
2.611	8.54	25.23
2.610	8.52	25.23
2.609	8.55	25.23
2.608	8.56	25.23
2.607	8.57	25.23
2.606	8.53	25.23
2.604	8.57	25.23
2.604	8.54	25.23
2.602	8.55	25.23
2.601	8.55	25.23
2.599	8.58	25.23
2.598	8.58	25.23
2.596	8.56	25.23
2.592	8.59	25.23
2.590	8.59	25.23
2.588	8.60	25.23
2.587	8.59	25.23
2.587	8.61	25.23
2.586	8.63	25.23
2.584	8.67	25.23
2.583	8.70	25.23
2.582	8.71	25.23
2.580	8.70	25.23
2.578	8.72	25.23
2.576	8.71	25.23
2.575	8.75	25.23
2.574	8.73	25.23
2.573	8.73	25.23
2.571	8.72	25.23
2.568	8.71	25.23
2.567	8.72	25.23
2.565	8.73	25.23
2.564	8.74	25.23
2.563	8.72	25.23
2.562	8.73	25.23
2.560	8.73	25.23
2.559	8.75	25.23
2.558	8.75	25.23
2.556	8.74	25.23
2.554	8.75	25.23
2.553	8.73	25.23
2.552	8.75	25.23
2.549	8.75	25.23
2.547	8.76	25.23
2.545	8.75	25.23
2.542	8.75	25.23
2.540	8.75	25.23
2.539	8.78	25.23
2.537	8.79	25.23
2.536	8.79	25.23
2.535	8.78	25.23
2.534	8.79	25.23
2.532	8.79	25.23
2.530	8.83	25.23
2.527	8.82	25.23
2.524	8.83	25.23
2.521	8.83	25.23
2.518	8.85	25.23
2.515	8.85	25.23
2.513	8.85	25.23
2.513	8.87	25.23
2.512	8.86	25.23
2.512	8.87	25.23
2.511	8.87	25.23
2.510	8.86	25.23
2.507	8.89	25.23
2.505	8.89	25.23
2.504	8.89	25.23
2.503	8.89	25.23
2.502	8.89	25.23
2.501	8.89	25.23
2.500	8.88	25.23
2.499	8.88	25.23
2.498	8.88	25.23
2.496	8.90	25.23
2.494	8.90	25.23
2.492	8.91	25.23
2.489	8.91	25.23
2.488	8.91	25.23
2.487	8.91	25.23
2.486	8.93	25.23
2.486	8.92	25.23
2.486	8.93	25.23
2.484	8.94	25.23
2.481	8.95	25.23
2.479	8.96	25.23
2.478	8.96	25.23
2.477	8.96	25.23
2.477	8.98	25.23
2.475	8.97	25.23
2.474	8.99	25.23
2.473	9.00	25.23
2.472	9.00	25.23
2.471	9.01	25.23
2.471	9.00	25.23
2.470	9.00	25.23
2.469	9.00	25.23
2.467	9.03	25.23
2.464	9.04	25.23
2.462	9.09	25.23
2.460	9.09	25.23
2.459	9.09	25.23
2.458	9.10	25.23
2.456	9.09	25.23
2.455	9.11	25.23
2.454	9.11	25.23
2.452	9.10	25.23
2.451	9.10	25.23
2.450	9.11	25.23
2.450	9.10	25.23
2.449	9.10	25.23
2.448	9.11	25.23
2.447	9.11	25.23
2.446	9.10	25.23
2.445	9.10	25.23
2.443	9.09	25.23
2.442	9.07	25.23
2.441	9.08	25.23
2.440	9.09	25.23
2.439	9.08	25.23
2.437	9.06	25.23
2.436	9.07	25.23
2.435	9.06	25.23
2.434	9.07	25.23
2.432	9.10	25.23
2.429	9.10	25.23
2.426	9.12	25.23
2.423	9.11	25.23
2.419	9.10	25.23
2.414	9.14	25.23
2.409	9.15	25.23
2.406	9.16	25.22
2.403	9.17	25.23
2.401	9.19	25.22
2.399	9.20	25.22
2.398	9.19	25.22
2.397	9.20	25.22
2.397	9.23	25.22
2.397	9.24	25.22
2.395	9.26	25.22
2.393	9.31	25.22
2.392	9.34	25.22
2.390	9.34	25.22
2.389	9.35	25.22
2.387	9.36	25.22
2.386	9.35	25.22
2.385	9.35	25.22
2.384	9.36	25.22
2.383	9.37	25.22
2.381	9.37	25.22
2.380	9.37	25.22
2.379	9.37	25.22
2.378	9.37	25.22
2.377	9.38	25.22
2.376	9.39	25.22
2.375	9.40	25.22
2.372	9.41	25.22
2.370	9.41	25.22
2.369	9.42	25.22
2.369	9.42	25.22
2.369	9.42	25.22
2.369	9.43	25.22
2.368	9.43	25.22
2.368	9.43	25.22
2.367	9.44	25.22
2.367	9.45	25.22
2.366	9.45	25.22
2.365	9.45	25.22
2.364	9.46	25.22
2.363	9.46	25.22
2.362	9.46	25.22
2.362	9.47	25.22
2.361	9.47	25.22
2.361	9.47	25.22
2.361	9.48	25.22
2.360	9.49	25.22
2.359	9.49	25.22
2.357	9.51	25.22
2.355	9.51	25.22
2.354	9.52	25.22
2.353	9.53	25.22
2.352	9.54	25.22
2.351	9.54	25.22
2.349	9.56	25.22
2.348	9.56	25.22
2.347	9.57	25.22
2.345	9.58	25.22
2.344	9.58	25.22
2.344	9.58	25.22
2.343	9.59	25.22
2.342	9.59	25.22
2.341	9.60	25.22
2.340	9.59	25.22
2.339	9.59	25.22
2.337	9.59	25.22
2.336	9.60	25.22
2.336	9.60	25.22
2.335	9.60	25.22
2.334	9.61	25.22
2.333	9.61	25.22
2.331	9.62	25.22
2.330	9.62	25.22
2.330	9.62	25.22
2.329	9.63	25.22
2.328	9.63	25.22
2.326	9.64	25.22
2.322	9.65	25.22
2.321	9.67	25.22
2.320	9.68	25.22
2.319	9.68	25.22
2.318	9.68	25.22
2.316	9.69	25.22
2.315	9.70	25.22
2.314	9.70	25.22
2.313	9.70	25.22
2.311	9.71	25.22
2.309	9.72	25.22
2.307	9.73	25.22
2.305	9.74	25.22
2.304	9.74	25.22
2.303	9.74	25.22
2.303	9.75	25.22
2.302	9.76	25.22
2.300	9.76	25.22
2.299	9.77	25.22
2.298	9.77	25.22
2.297	9.77	25.22
2.296	9.78	25.22
2.296	9.78	25.22
2.295	9.79	25.22
2.294	9.80	25.22
2.293	9.80	25.22
2.292	9.80	25.22
2.291	9.81	25.22
2.290	9.81	25.22
2.289	9.82	25.22
2.289	9.82	25.22
2.288	9.83	25.22
2.287	9.84	25.22
2.286	9.84	25.22
2.285	9.86	25.22
2.283	9.87	25.22
2.283	9.87	25.22
2.282	9.88	25.22
2.281	9.89	25.22
2.279	9.89	25.22
2.278	9.90	25.22
2.278	9.90	25.22
2.277	9.91	25.22
2.277	9.91	25.22
2.276	9.92	25.22
2.275	9.93	25.22
2.274	9.93	25.22
2.274	9.93	25.22
2.273	9.94	25.22
2.272	9.95	25.22
2.271	9.96	25.22
2.269	9.97	25.22
2.268	9.97	25.22
2.268	9.97	25.22
2.267	9.97	25.22
2.267	9.98	25.22
2.266	9.98	25.22
2.266	10.00	25.22
2.265	10.00	25.22
2.264	10.00	25.22
2.264	10.01	25.22
2.263	10.01	25.22
2.262	10.01	25.22
2.261	10.02	25.22
2.261	10.02	25.22
2.260	10.02	25.22
2.259	10.03	25.22
2.258	10.04	25.22
2.257	10.04	25.22
2.256	10.04	25.22
2.256	10.05	25.22
2.255	10.05	25.22
2.254	10.05	25.22
2.253	10.06	25.22
2.252	10.06	25.22
2.251	10.06	25.22
2.250	10.07	25.22
2.249	10.07	25.22
2.248	10.07	25.22
2.247	10.08	25.22
2.246	10.08	25.22
2.245	10.09	25.22
2.243	10.09	25.22
2.242	10.09	25.22
2.242	10.10	25.22
2.241	10.10	25.22
2.241	10.10	25.22
2.240	10.10	25.22
2.240	10.11	25.22
2.239	10.11	25.22
2.239	10.11	25.22
2.238	10.12	25.22
2.237	10.12	25.22
2.235	10.13	25.22
2.235	10.13	25.22
2.235	10.13	25.22
2.234	10.13	25.22
2.233	10.14	25.22
2.231	10.15	25.22
2.229	10.15	25.22
2.228	10.16	25.22
2.228	10.16	25.22
2.227	10.16	25.22
2.225	10.18	25.22
2.222	10.19	25.22
2.221	10.19	25.22
2.219	10.20	25.22
2.218	10.21	25.22
2.216	10.21	25.22
2.215	10.22	25.22
2.214	10.22	25.22
2.213	10.22	25.22
2.212	10.23	25.22
2.211	10.23	25.22
2.210	10.24	25.22
2.209	10.24	25.22
2.208	10.24	25.22
2.207	10.25	25.22
2.206	10.26	25.22
2.204	10.26	25.22
2.203	10.27	25.22
2.202	10.27	25.22
2.202	10.27	25.22
2.201	10.28	25.22
2.201	10.28	25.22
2.201	10.28	25.22
2.200	10.29	25.22
2.199	10.29	25.22
2.199	10.30	25.22
2.198	10.31	25.22
2.198	10.31	25.22
2.197	10.32	25.22
2.197	10.32	25.22
2.196	10.33	25.22
2.195	10.34	25.22
2.194	10.34	25.22
2.194	10.34	25.22
2.193	10.34	25.22
2.193	10.34	25.22
2.192	10.35	25.22
2.191	10.36	25.22
2.190	10.36	25.22
2.190	10.37	25.22
2.189	10.38	25.22
2.188	10.39	25.22
2.187	10.39	25.22
2.186	10.40	25.22
2.185	10.40	25.22
2.184	10.40	25.22
2.183	10.41	25.22
2.183	10.41	25.22
2.183	10.42	25.22
2.183	10.43	25.22
2.182	10.43	25.22
2.180	10.45	25.22
2.179	10.45	25.22
2.178	10.45	25.21
2.178	10.45	25.21
2.177	10.46	25.21
2.177	10.46	25.21
2.176	10.46	25.21
2.175	10.47	25.21
2.174	10.47	25.21
2.174	10.48	25.21
2.174	10.48	25.21
2.174	10.48	25.21
2.174	10.50	25.21
2.173	10.50	25.21
2.172	10.50	25.21
2.171	10.50	25.21
2.171	10.51	25.21
2.170	10.51	25.21
2.169	10.51	25.21
2.168	10.52	25.21
2.168	10.52	25.21
2.167	10.52	25.21
2.166	10.53	25.21
2.166	10.53	25.21
2.165	10.53	25.21
2.165	10.53	25.21
2.164	10.53	25.21
2.163	10.54	25.21
2.162	10.54	25.21
2.161	10.55	25.21
2.160	10.55	25.21
2.160	10.55	25.21
2.159	10.55	25.21
2.159	10.55	25.21
2.158	10.55	25.21
2.158	10.55	25.21
2.158	10.55	25.21
2.157	10.56	25.21
2.157	10.57	25.21
2.156	10.57	25.21
2.155	10.57	25.21
2.155	10.57	25.21
2.155	10.57	25.21
2.154	10.57	25.21
2.153	10.58	25.21
2.153	10.58	25.21
2.152	10.58	25.21
2.151	10.58	25.21
2.150	10.59	25.21
2.150	10.60	25.21
2.149	10.60	25.21
2.149	10.60	25.21
2.148	10.60	25.21
2.147	10.61	25.21
2.146	10.61	25.21
2.145	10.62	25.21
2.145	10.62	25.21
2.144	10.62	25.21
2.144	10.63	25.21
2.142	10.63	25.21
2.141	10.63	25.21
2.139	10.64	25.21
2.137	10.66	25.21
2.136	10.66	25.21
2.135	10.67	25.21
2.134	10.67	25.21
2.134	10.67	25.21
2.134	10.68	25.21
2.134	10.68	25.21
2.133	10.68	25.21
2.132	10.68	25.21
2.131	10.69	25.21
2.131	10.69	25.21
2.130	10.69	25.21
2.129	10.70	25.21
2.129	10.70	25.21
2.128	10.70	25.21
2.128	10.71	25.21
2.127	10.71	25.21
2.126	10.71	25.21
2.126	10.71	25.21
2.125	10.72	25.21
2.124	10.72	25.21
2.123	10.74	25.21
2.121	10.74	25.21
2.121	10.74	25.21
2.120	10.75	25.21
2.119	10.75	25.21
2.118	10.76	25.21
2.117	10.76	25.21
2.117	10.76	25.21
2.117	10.77	25.21
2.116	10.78	25.21
2.116	10.78	25.21
2.116	10.78	25.21
2.115	10.78	25.21
2.115	10.78	25.21
2.114	10.78	25.21
2.114	10.79	25.21
2.113	10.78	25.21
2.113	10.79	25.21
2.113	10.80	25.21
2.112	10.80	25.21
2.112	10.81	25.21
2.111	10.81	25.21
2.110	10.82	25.21
2.110	10.82	25.21
2.109	10.83	25.21
2.107	10.83	25.21
2.106	10.84	25.21
2.106	10.85	25.21
2.104	10.86	25.21
2.102	10.88	25.21
2.101	10.89	25.21
2.101	10.89	25.21
2.100	10.90	25.21
2.099	10.91	25.21
2.098	10.92	25.21
2.097	10.92	25.21
2.096	10.93	25.21
2.096	10.94	25.21
2.094	10.95	25.21
2.092	10.96	25.21
2.092	10.97	25.21
2.091	10.97	25.21
2.091	10.98	25.21
2.090	10.98	25.21
2.090	10.98	25.21
2.089	10.99	25.21
2.088	11.00	25.21
2.087	11.01	25.21
2.086	11.01	25.21
2.086	11.01	25.21
2.086	11.01	25.21
2.085	11.01	25.21
2.084	11.01	25.21
2.083	11.02	25.21
2.082	11.02	25.21
2.082	11.02	25.21
2.081	11.03	25.21
2.080	11.03	25.21
2.079	11.03	25.21
2.079	11.03	25.21
2.079	11.03	25.21
2.077	11.04	25.21
2.076	11.04	25.21
2.075	11.04	25.21
2.074	11.04	25.21
2.073	11.05	25.21
2.072	11.05	25.21
2.071	11.06	25.21
2.070	11.07	25.21
2.069	11.07	25.21
2.069	11.08	25.21
2.067	11.08	25.20
2.066	11.09	25.20
2.065	11.10	25.20
2.064	11.09	25.20
2.064	11.10	25.20
2.063	11.12	25.20
2.061	11.13	25.20
2.060	11.13	25.20
2.059	11.14	25.20
2.058	11.14	25.20
2.056	11.15	25.20
2.055	11.16	25.20
2.053	11.16	25.20
2.052	11.17	25.20
2.051	11.17	25.20
2.049	11.18	25.20
2.048	11.19	25.20
2.047	11.20	25.20
2.046	11.20	25.20
2.045	11.21	25.20
2.044	11.21	25.20
2.044	11.22	25.20
2.043	11.22	25.20
2.042	11.23	25.20
2.041	11.23	25.20
2.041	11.24	25.20
2.040	11.25	25.20
2.039	11.25	25.20
2.038	11.26	25.20
2.037	11.27	25.20
2.036	11.27	25.20
2.036	11.27	25.20
2.035	11.27	25.20
2.035	11.28	25.20
2.034	11.28	25.20
2.034	11.29	25.20
2.033	11.29	25.20
2.033	11.30	25.20
2.032	11.31	25.20
2.031	11.31	25.20
2.030	11.32	25.20
2.029	11.32	25.20
2.029	11.32	25.20
2.028	11.32	25.20
2.028	11.33	25.20
2.027	11.34	25.20
2.025	11.35	25.20
2.024	11.36	25.20
2.024	11.37	25.20
2.024	11.37	25.20
2.023	11.37	25.20
2.022	11.38	25.20
2.021	11.39	25.20
2.020	11.40	25.20
2.019	11.40	25.20
2.019	11.41	25.20
2.018	11.41	25.20
2.017	11.42	25.20
2.016	11.43	25.20
2.016	11.43	25.20
2.015	11.43	25.20
2.014	11.44	25.20
2.013	11.44	25.20
2.012	11.45	25.20
2.012	11.46	25.20
2.011	11.46	25.20
2.011	11.46	25.20
2.010	11.47	25.20
2.009	11.48	25.20
2.008	11.48	25.20
2.006	11.48	25.20
2.006	11.49	25.20
2.005	11.49	25.20
2.004	11.50	25.20
2.003	11.50	25.20
2.002	11.51	25.20
2.001	11.51	25.20
2.001	11.51	25.20
2.000	11.51	25.20
2.000	11.51	25.20
2.000	11.52	25.20
1.999	11.52	25.20
1.998	11.52	25.20
1.997	11.53	25.20
1.996	11.53	25.20
1.995	11.54	25.20
1.994	11.54	25.20
1.994	11.54	25.20
1.993	11.54	25.20
1.992	11.55	25.20
1.992	11.55	25.20
1.991	11.56	25.20
1.990	11.57	25.20
1.989	11.57	25.20
1.988	11.58	25.20
1.987	11.58	25.20
1.987	11.58	25.20
1.987	11.58	25.20
1.987	11.58	25.20
1.985	11.59	25.20
1.983	11.60	25.20
1.983	11.61	25.20
1.982	11.61	25.20
1.981	11.61	25.20
1.980	11.62	25.20
1.979	11.63	25.20
1.978	11.64	25.20
1.977	11.64	25.20
1.977	11.64	25.20
1.976	11.65	25.20
1.975	11.66	25.20
1.974	11.66	25.20
1.973	11.67	25.20
1.972	11.67	25.20
1.972	11.68	25.20
1.971	11.68	25.20
1.971	11.68	25.20
1.970	11.68	25.20
1.969	11.70	25.20
1.968	11.70	25.20
1.967	11.71	25.20
1.967	11.71	25.20
1.967	11.71	25.20
1.966	11.71	25.20
1.966	11.72	25.20
1.966	11.71	25.20
1.965	11.72	25.20
1.964	11.72	25.20
1.964	11.73	25.20
1.964	11.73	25.20
1.963	11.74	25.20
1.962	11.75	25.20
1.961	11.75	25.20
1.960	11.77	25.20
1.959	11.78	25.20
1.958	11.79	25.20
1.956	11.80	25.20
1.956	11.80	25.20
1.955	11.81	25.20
1.954	11.82	25.20
1.953	11.82	25.20
1.953	11.83	25.20
1.952	11.83	25.20
1.952	11.84	25.20
1.951	11.85	25.20
1.950	11.86	25.20
1.948	11.86	25.20
1.948	11.87	25.20
1.947	11.87	25.20
1.947	11.88	25.20
1.946	11.88	25.20
1.945	11.89	25.20
1.943	11.90	25.20
1.943	11.91	25.20
1.942	11.90	25.20
1.941	11.92	25.20
1.940	11.94	25.20
1.940	11.94	25.20
1.939	11.94	25.20
1.938	11.94	25.20
1.938	11.95	25.20
1.937	11.95	25.20
1.937	11.96	25.20
1.936	11.96	25.20
1.935	11.97	25.20
1.934	11.97	25.20
1.933	11.97	25.20
1.933	11.97	25.20
1.932	11.97	25.20
1.930	11.98	25.20
1.929	11.98	25.20
1.928	11.98	25.20
1.928	11.99	25.20
1.927	11.99	25.20
1.926	12.00	25.20
1.926	12.00	25.20
1.925	12.01	25.20
1.924	12.02	25.20
1.923	12.02	25.20
1.922	12.03	25.20
1.922	12.03	25.20
1.921	12.03	25.20
1.921	12.04	25.20
1.920	12.04	25.20
1.919	12.05	25.20
1.918	12.06	25.20
1.917	12.07	25.20
1.916	12.08	25.20
1.916	12.08	25.20
1.915	12.08	25.20
1.915	12.09	25.20
1.914	12.09	25.20
1.913	12.10	25.20
1.913	12.10	25.20
1.912	12.10	25.20
1.911	12.11	25.20
1.910	12.11	25.20
1.909	12.12	25.20
1.909	12.12	25.20
1.908	12.14	25.20
1.908	12.14	25.20
1.907	12.14	25.20
1.906	12.15	25.19
1.905	12.15	25.19
1.905	12.16	25.19
1.904	12.16	25.19
1.903	12.17	25.19
1.902	12.18	25.19
1.902	12.18	25.19
1.901	12.18	25.19
1.900	12.18	25.19
1.900	12.18	25.19
1.900	12.18	25.19
1.900	12.19	25.19
1.900	12.19	25.19
1.899	12.20	25.19
1.899	12.20	25.19
1.898	12.20	25.19
1.898	12.21	25.19
1.897	12.22	25.19
1.896	12.22	25.19
1.896	12.22	25.19
1.895	12.23	25.19
1.895	12.23	25.19
1.895	12.23	25.19
1.893	12.23	25.19
1.893	12.24	25.19
1.892	12.25	25.19
1.892	12.25	25.19
1.891	12.26	25.19
1.890	12.26	25.19
1.890	12.27	25.19
1.890	12.27	25.19
1.889	12.27	25.19
1.888	12.29	25.19
1.887	12.29	25.19
1.887	12.30	25.19
1.886	12.30	25.19
1.886	12.31	25.19
1.886	12.31	25.19
1.885	12.31	25.19
1.885	12.32	25.19
1.885	12.32	25.19
1.884	12.33	25.19
1.883	12.34	25.19
1.883	12.34	25.19
1.883	12.34	25.19
1.883	12.34	25.19
1.882	12.35	25.19
1.880	12.36	25.19
1.879	12.37	25.19
1.878	12.38	25.19
1.878	12.38	25.19
1.877	12.39	25.19
1.877	12.39	25.19
1.877	12.39	25.19
1.876	12.40	25.19
1.875	12.40	25.19
1.875	12.41	25.19
1.874	12.41	25.19
1.874	12.42	25.19
1.873	12.41	25.19
1.872	12.42	25.19
1.872	12.42	25.19
1.871	12.43	25.19
1.870	12.43	25.19
1.870	12.43	25.19
1.869	12.44	25.19
1.868	12.44	25.19
1.867	12.45	25.19
1.867	12.45	25.19
1.866	12.45	25.19
1.866	12.45	25.19
1.865	12.46	25.19
1.865	12.46	25.19
1.863	12.46	25.19
1.862	12.47	25.19
1.861	12.47	25.19
1.861	12.48	25.19
1.860	12.48	25.19
1.860	12.48	25.19
1.860	12.49	25.19
1.859	12.49	25.19
1.859	12.49	25.19
1.858	12.49	25.19
1.857	12.50	25.19
1.856	12.50	25.19
1.856	12.51	25.19
1.856	12.51	25.19
1.855	12.51	25.19
1.854	12.51	25.19
1.854	12.51	25.19
1.854	12.51	25.19
1.853	12.52	25.19
1.852	12.53	25.19
1.851	12.54	25.19
1.851	12.54	25.19
1.851	12.54	25.19
1.851	12.54	25.19
1.850	12.55	25.19
1.849	12.56	25.19
1.848	12.57	25.19
1.847	12.57	25.19
1.847	12.58	25.19
1.846	12.58	25.19
1.846	12.58	25.19
1.845	12.59	25.19
1.845	12.59	25.19
1.845	12.59	25.19
1.845	12.59	25.19
1.844	12.59	25.19
1.844	12.60	25.19
1.844	12.60	25.19
1.843	12.60	25.19
1.842	12.60	25.19
1.842	12.61	25.19
1.842	12.62	25.19
1.841	12.62	25.19
1.841	12.62	25.19
1.840	12.62	25.19
1.840	12.63	25.19
1.839	12.63	25.19
1.839	12.63	25.19
1.838	12.64	25.19
1.838	12.64	25.19
1.837	12.65	25.19
1.837	12.65	25.19
1.836	12.65	25.19
1.836	12.65	25.19
1.836	12.66	25.19
1.835	12.66	25.19
1.835	12.66	25.19
1.834	12.67	25.19
1.834	12.67	25.19
1.834	12.67	25.19
1.834	12.68	25.19
1.833	12.68	25.19
1.833	12.70	25.19
1.832	12.71	25.19
1.831	12.71	25.19
1.831	12.71	25.19
1.830	12.71	25.19
1.830	12.71	25.19
1.829	12.72	25.19
1.829	12.72	25.19
1.828	12.72	25.19
1.828	12.73	25.19
1.827	12.74	25.19
1.826	12.74	25.19
1.825	12.75	25.19
1.825	12.75	25.19
1.825	12.75	25.19
1.825	12.75	25.19
1.825	12.76	25.19
1.825	12.76	25.19
1.824	12.76	25.19
1.824	12.77	25.19
1.824	12.77	25.19
1.824	12.77	25.19
1.823	12.77	25.19
1.823	12.78	25.19
1.823	12.77	25.19
1.823	12.77	25.19
1.823	12.78	25.19
1.823	12.78	25.19
1.822	12.79	25.19
1.821	12.79	25.19
1.820	12.79	25.19
1.820	12.80	25.19
1.820	12.79	25.19
1.819	12.80	25.19
1.820	12.80	25.19
1.819	12.80	25.19
1.818	12.81	25.19
1.816	12.81	25.19
1.816	12.82	25.19
1.815	12.82	25.19
1.814	12.84	25.19
1.812	12.85	25.19
1.811	12.86	25.19
1.810	12.86	25.19
1.809	12.86	25.19
1.809	12.87	25.19
1.809	12.87	25.19
1.809	12.88	25.19
1.809	12.88	25.19
1.809	12.89	25.19
1.808	12.89	25.19
1.808	12.89	25.19
1.808	12.89	25.19
1.808	12.89	25.19
1.808	12.89	25.19
1.807	12.90	25.19
1.807	12.90	25.19
1.807	12.91	25.19
1.807	12.91	25.19
1.806	12.91	25.19
1.806	12.91	25.19
1.806	12.92	25.19
1.806	12.92	25.19
1.806	12.92	25.19
1.805	12.92	25.19
1.805	12.92	25.19
1.804	12.92	25.19
1.804	12.93	25.19
1.803	12.93	25.19
1.803	12.93	25.19
1.802	12.93	25.19
1.801	12.95	25.19
1.800	12.95	25.19
1.799	12.96	25.19
1.799	12.96	25.19
1.798	12.97	25.19
1.798	12.97	25.19
1.796	12.98	25.19
1.795	12.99	25.19
1.794	13.00	25.19
1.792	13.00	25.19
1.791	13.01	25.19
1.790	13.02	25.19
1.789	13.03	25.19
1.788	13.03	25.19
1.788	13.04	25.19
1.788	13.04	25.19
1.788	13.05	25.19
1.787	13.05	25.19
1.786	13.06	25.19
1.786	13.06	25.19
1.785	13.06	25.19
1.785	13.07	25.19
1.785	13.07	25.19
1.784	13.07	25.18
1.784	13.07	25.18
1.784	13.08	25.19
1.783	13.08	25.18
1.783	13.08	25.18
1.783	13.08	25.18
1.783	13.08	25.18
1.782	13.09	25.18
1.782	13.09	25.18
1.781	13.09	25.18
1.781	13.10	25.18
1.781	13.10	25.18
1.781	13.10	25.18
1.781	13.10	25.18
1.780	13.11	25.18
1.780	13.11	25.18
1.779	13.11	25.18
1.779	13.11	25.18
1.779	13.11	25.18
1.779	13.11	25.18
1.778	13.12	25.18
1.778	13.14	25.18
1.778	13.13	25.18
1.777	13.14	25.18
1.777	13.14	25.18
1.777	13.15	25.18
1.776	13.15	25.18
1.776	13.15	25.18
1.775	13.15	25.18
1.775	13.16	25.18
1.774	13.17	25.18
1.774	13.16	25.18
1.773	13.17	25.18
1.773	13.17	25.18
1.773	13.17	25.18
1.772	13.18	25.18
1.772	13.18	25.18
1.772	13.18	25.18
1.771	13.18	25.18
1.771	13.18	25.18
1.771	13.19	25.18
1.771	13.19	25.18
1.770	13.19	25.18
1.770	13.19	25.18
1.770	13.19	25.18
1.770	13.20	25.18
1.769	13.20	25.18
1.769	13.20	25.18
1.768	13.20	25.18
1.768	13.21	25.18
1.768	13.21	25.18
1.768	13.21	25.18
1.768	13.21	25.18
1.768	13.22	25.18
1.768	13.24	25.18
1.766	13.24	25.18
1.765	13.26	25.18
1.765	13.26	25.18
1.764	13.27	25.18
1.764	13.27	25.18
1.763	13.28	25.18
1.763	13.28	25.18
1.762	13.29	25.18
1.762	13.29	25.18
1.761	13.30	25.18
1.761	13.30	25.18
1.760	13.31	25.18
1.760	13.31	25.18
1.760	13.32	25.18
1.759	13.32	25.18
1.759	13.32	25.18
1.759	13.32	25.18
1.758	13.33	25.18
1.758	13.34	25.18
1.757	13.34	25.18
1.757	13.34	25.18
1.757	13.34	25.18
1.757	13.34	25.18
1.756	13.34	25.18
1.756	13.35	25.18
1.755	13.36	25.18
1.755	13.35	25.18
1.755	13.36	25.18
1.754	13.36	25.18
1.754	13.36	25.18
1.754	13.36	25.18
1.753	13.37	25.18
1.753	13.38	25.18
1.752	13.38	25.18
1.752	13.39	25.18
1.752	13.38	25.18
1.752	13.39	25.18
1.752	13.39	25.18
1.752	13.39	25.18
1.751	13.39	25.18
1.751	13.39	25.18
1.751	13.39	25.18
1.750	13.40	25.18
1.750	13.40	25.18
1.750	13.40	25.18
1.750	13.40	25.18
1.750	13.40	25.18
1.749	13.40	25.18
1.749	13.40	25.18
1.749	13.40	25.18
1.748	13.40	25.18
1.748	13.41	25.18
1.748	13.41	25.18
1.747	13.41	25.18
1.747	13.41	25.18
1.747	13.41	25.18
1.746	13.42	25.18
1.745	13.42	25.18
1.745	13.41	25.18
1.744	13.42	25.18
1.744	13.42	25.18
1.743	13.42	25.18
1.743	13.42	25.18
1.743	13.43	25.18
1.743	13.43	25.18
1.743	13.43	25.18
1.743	13.43	25.18
1.743	13.43	25.18
1.743	13.43	25.18
1.743	13.43	25.18
1.743	13.43	25.18
1.743	13.43	25.18
1.743	13.44	25.18
1.743	13.43	25.18
1.742	13.44	25.18
1.742	13.44	25.18
1.742	13.44	25.18
1.741	13.45	25.18
1.741	13.45	25.18
1.741	13.45	25.18
1.740	13.46	25.18
1.737	13.48	25.18
1.736	13.48	25.18
1.734	13.48	25.18
1.734	13.49	25.18
1.734	13.49	25.18
1.734	13.49	25.18
1.734	13.49	25.18
1.734	13.49	25.18
1.734	13.50	25.18
1.733	13.50	25.18
1.733	13.51	25.18
1.732	13.51	25.18
1.732	13.52	25.18
1.732	13.51	25.18
1.732	13.52	25.18
1.732	13.52	25.18
1.732	13.52	25.18
1.732	13.52	25.18
1.731	13.52	25.18
1.731	13.53	25.18
1.731	13.53	25.18
1.731	13.52	25.18
1.730	13.53	25.18
1.730	13.53	25.18
1.730	13.53	25.18
1.729	13.54	25.18
1.729	13.54	25.18
1.729	13.54	25.18
1.729	13.54	25.18
1.729	13.54	25.18
1.729	13.54	25.18
1.729	13.54	25.18
1.729	13.54	25.18
1.728	13.54	25.18
1.728	13.55	25.18
1.728	13.55	25.18
1.728	13.55	25.18
1.728	13.55	25.18
1.728	13.56	25.18
1.728	13.56	25.18
1.728	13.56	25.18
1.727	13.55	25.18
1.727	13.55	25.18
1.727	13.56	25.18
1.727	13.56	25.18
1.727	13.56	25.18
1.726	13.56	25.18
1.726	13.56	25.18
1.726	13.56	25.18
1.726	13.57	25.18
1.726	13.56	25.18
1.726	13.57	25.18
1.726	13.57	25.18
1.726	13.58	25.18
1.725	13.58	25.18
1.725	13.58	25.18
1.725	13.58	25.18
1.725	13.58	25.18
1.725	13.59	25.18
1.725	13.59	25.18
1.724	13.59	25.18
1.724	13.59	25.18
1.724	13.59	25.18
1.724	13.59	25.18
1.724	13.59	25.18
1.723	13.59	25.18
1.723	13.59	25.18
1.723	13.60	25.18
1.723	13.61	25.18
1.723	13.61	25.18
1.722	13.61	25.18
1.722	13.61	25.18
1.722	13.62	25.18
1.722	13.61	25.18
1.722	13.61	25.18
1.722	13.61	25.18
1.721	13.62	25.18
1.721	13.63	25.18
1.721	13.62	25.18
1.721	13.63	25.18
1.721	13.63	25.18
1.721	13.63	25.18
1.721	13.63	25.18
1.720	13.63	25.18
1.720	13.63	25.18
1.720	13.63	25.18
1.720	13.64	25.18
1.720	13.64	25.18
1.719	13.64	25.18
1.719	13.64	25.18
1.719	13.64	25.18
1.719	13.64	25.18
1.719	13.64	25.18
1.719	13.64	25.18
1.718	13.65	25.18
1.718	13.65	25.18
1.718	13.65	25.18
1.718	13.65	25.18
1.718	13.65	25.18
1.718	13.65	25.18
1.717	13.66	25.18
1.717	13.66	25.18
1.716	13.67	25.18
1.715	13.67	25.18
1.714	13.68	25.18
1.714	13.68	25.18
1.714	13.68	25.18
1.713	13.70	25.18
1.712	13.72	25.18
1.711	13.72	25.18
1.711	13.73	25.18
1.711	13.73	25.18
1.711	13.73	25.18
1.711	13.73	25.18
1.711	13.73	25.18
1.711	13.74	25.18
1.710	13.74	25.18
1.710	13.74	25.18
1.709	13.75	25.18
1.709	13.75	25.18
1.709	13.75	25.18
1.709	13.75	25.18
1.709	13.75	25.18
1.709	13.76	25.18
1.708	13.75	25.18
1.708	13.75	25.18
1.708	13.76	25.18
1.708	13.75	25.18
1.708	13.76	25.18
1.708	13.78	25.18
1.707	13.78	25.18
1.707	13.78	25.18
1.707	13.78	25.18
1.707	13.79	25.18
1.706	13.79	25.18
1.706	13.79	25.18
1.706	13.79	25.18
1.706	13.79	25.18
1.706	13.79	25.18
1.705	13.79	25.18
1.705	13.80	25.18
1.705	13.80	25.18
1.705	13.80	25.18
1.705	13.80	25.18
1.704	13.80	25.18
1.703	13.81	25.18
1.703	13.82	25.18
1.701	13.83	25.18
1.701	13.83	25.18
1.701	13.83	25.18
1.700	13.83	25.18
1.700	13.84	25.18
1.700	13.84	25.18
1.700	13.83	25.18
1.700	13.84	25.18
1.700	13.84	25.18
1.700	13.84	25.18
1.700	13.84	25.18
1.699	13.84	25.17
1.699	13.84	25.18
1.699	13.85	25.17
1.699	13.85	25.18
1.698	13.85	25.17
1.698	13.85	25.17
1.698	13.85	25.17
1.697	13.86	25.17
1.697	13.86	25.17
1.697	13.86	25.17
1.697	13.86	25.17
1.696	13.86	25.17
1.696	13.86	25.17
1.696	13.86	25.17
1.695	13.86	25.17
1.695	13.86	25.17
1.695	13.86	25.17
1.695	13.86	25.17
1.695	13.87	25.17
1.694	13.86	25.17
1.694	13.86	25.17
1.694	13.87	25.17
1.694	13.88	25.17
1.693	13.88	25.17
1.693	13.89	25.17
1.693	13.89	25.17
1.693	13.89	25.17
1.693	13.89	25.17
1.693	13.89	25.17
1.692	13.89	25.17
1.692	13.89	25.17
1.692	13.89	25.17
1.692	13.89	25.17
1.691	13.89	25.17
1.691	13.90	25.17
1.690	13.90	25.17
1.690	13.90	25.17
1.689	13.91	25.17
1.688	13.91	25.17
1.688	13.92	25.17
1.688	13.91	25.17
1.688	13.91	25.17
1.687	13.91	25.17
1.687	13.91	25.17
1.687	13.92	25.17
1.687	13.92	25.17
1.687	13.92	25.17
1.686	13.93	25.17
1.686	13.93	25.17
1.686	13.94	25.17
1.685	13.94	25.17
1.685	13.94	25.17
1.685	13.94	25.17
1.685	13.95	25.17
1.685	13.95	25.17
1.684	13.95	25.17
1.684	13.95	25.17
1.684	13.95	25.17
1.684	13.96	25.17
1.684	13.95	25.17
1.684	13.95	25.17
1.684	13.96	25.17
1.684	13.96	25.17
1.684	13.95	25.17
1.684	13.97	25.17
1.684	13.96	25.17
1.683	13.96	25.17
1.684	13.96	25.17
1.684	13.96	25.17
1.684	13.96	25.17
1.684	13.96	25.17
1.684	13.97	25.17
1.684	13.96	25.17
1.684	13.96	25.17
1.684	13.96	25.17
1.684	13.96	25.17
1.684	13.96	25.17
1.684	13.96	25.17
1.684	13.96	25.17
1.684	13.96	25.17
1.684	13.96	25.17
1.684	13.97	25.17
1.684	13.96	25.17
1.684	13.96	25.17
1.684	13.96	25.17
1.684	13.96	25.17
1.684	13.96	25.17
1.684	13.96	25.17
1.684	13.96	25.17
1.684	13.96	25.17
1.684	13.96	25.17
1.684	13.97	25.17
1.684	13.97	25.17
1.684	13.96	25.17
1.684	13.97	25.17
1.684	13.96	25.17
1.684	13.96	25.17
1.684	13.96	25.17
1.684	13.96	25.17
1.684	13.96	25.17
1.684	13.96	25.17
1.684	13.96	25.17
1.684	13.96	25.17
1.684	13.96	25.17
1.684	13.96	25.17
1.684	13.96	25.17
1.684	13.96	25.17
1.684	13.97	25.17
1.684	13.96	25.17
1.684	13.96	25.17
1.684	13.96	25.17
1.684	13.96	25.17
1.684	13.96	25.17
1.684	13.97	25.17
1.684	13.96	25.17
1.684	13.97	25.17
1.684	13.96	25.17
1.684	13.96	25.17
1.684	13.97	25.17
1.684	13.97	25.17
1.684	13.96	25.17
1.684	13.96	25.17
1.683	13.96	25.17
1.683	13.97	25.17
1.683	13.96	25.17
1.683	13.97	25.17
1.683	13.97	25.17
1.683	13.97	25.17
1.683	13.97	25.17
1.683	13.96	25.17
1.682	13.97	25.17
1.682	13.97	25.17
1.682	13.97	25.17
1.682	13.97	25.17
1.681	13.97	25.17
1.681	13.97	25.17
1.681	13.98	25.17
1.681	13.97	25.17
1.681	13.98	25.17
1.680	13.98	25.17
1.680	13.98	25.17
1.680	13.98	25.17
1.680	13.98	25.17
1.680	13.98	25.17
1.680	13.99	25.17
1.680	13.98	25.17
1.680	13.99	25.17
1.680	13.99	25.17
1.680	13.99	25.17
1.680	13.99	25.17
1.680	13.99	25.17
1.680	13.99	25.17
1.679	13.99	25.17
1.679	14.00	25.17
1.679	13.99	25.17
1.679	14.00	25.17
1.679	14.00	25.17
1.679	14.01	25.17
1.678	14.00	25.17
1.678	14.01	25.17
1.678	14.01	25.17
1.677	14.02	25.17
1.677	14.02	25.17
1.677	14.03	25.17
1.677	14.04	25.17
1.676	14.04	25.17
1.676	14.04	25.17
1.675	14.05	25.17
1.675	14.05	25.17
1.675	14.05	25.17
1.675	14.06	25.17
1.675	14.06	25.17
1.675	14.06	25.17
1.675	14.07	25.17
1.675	14.09	25.17
1.675	14.11	25.17
1.674	14.07	25.17
1.674	14.07	25.17
1.674	14.06	25.17
1.674	14.07	25.17
1.674	14.07	25.17
1.674	14.07	25.17
1.674	14.07	25.17
1.674	14.07	25.17
1.674	14.07	25.17
1.674	14.08	25.17
1.674	14.08	25.17
1.673	14.07	25.17
1.673	14.08	25.17
1.673	14.07	25.17
1.673	14.07	25.17
1.673	14.07	25.17
1.673	14.08	25.17
1.673	14.07	25.17
1.673	14.07	25.17
1.673	14.08	25.17
1.673	14.08	25.17
1.673	14.08	25.17
1.673	14.08	25.17
1.673	14.07	25.17
1.673	14.08	25.17
1.673	14.08	25.17
1.673	14.08	25.17
1.673	14.08	25.17
1.673	14.08	25.17
1.673	14.08	25.17
1.673	14.08	25.17
1.673	14.08	25.17
1.673	14.09	25.17
1.673	14.08	25.17
1.673	14.08	25.17
1.673	14.08	25.17
1.673	14.08	25.17
1.673	14.08	25.17
1.673	14.08	25.17
1.673	14.09	25.17
1.673	14.08	25.17
1.673	14.08	25.17
1.673	14.09	25.17
1.673	14.09	25.17
1.673	14.09	25.17
1.673	14.09	25.17
1.673	14.09	25.17
1.673	14.08	25.17
1.673	14.09	25.17
1.673	14.08	25.17
1.673	14.08	25.17
1.673	14.09	25.17
1.673	14.09	25.17
1.673	14.09	25.17
1.673	14.09	25.17
1.673	14.08	25.17
1.673	14.09	25.17
1.673	14.09	25.17
1.673	14.09	25.17
1.673	14.09	25.17
1.673	14.10	25.17
1.673	14.09	25.17
1.673	14.10	25.17
1.673	14.10	25.17
1.673	14.10	25.17
1.673	14.10	25.17
1.673	14.10	25.17
1.673	14.10	25.17
1.673	14.10	25.17
1.673	14.10	25.17
1.673	14.10	25.17
1.672	14.10	25.17
1.672	14.09	25.17
1.672	14.09	25.17
1.672	14.09	25.17
1.672	14.10	25.17
1.672	14.10	25.17
1.672	14.10	25.17
1.672	14.10	25.17
1.672	14.10	25.17
1.671	14.11	25.17
1.671	14.11	25.17
1.671	14.11	25.17
1.671	14.11	25.17
1.670	14.11	25.17
1.670	14.11	25.17
1.670	14.11	25.17
1.670	14.12	25.17
1.670	14.12	25.17
1.669	14.12	25.17
1.669	14.12	25.17
1.668	14.12	25.17
1.668	14.12	25.17
1.666	14.13	25.17
1.654	14.23	25.17
1.638	14.35	25.16
1.636	14.36	25.16
1.636	14.36	25.16
1.637	14.37	25.16
1.637	14.37	25.16
1.637	14.37	25.16
1.637	14.38	25.16
1.636	14.38	25.16
1.636	14.39	25.16
1.636	14.39	25.16
1.636	14.39	25.16
1.636	14.40	25.16
1.636	14.40	25.16
1.635	14.40	25.16
1.635	14.41	25.16
1.635	14.40	25.16
1.635	14.41	25.16
1.635	14.41	25.16
1.635	14.41	25.16
1.635	14.41	25.16
1.635	14.42	25.16
1.635	14.41	25.16
1.635	14.41	25.16
1.635	14.41	25.16
1.635	14.41	25.16
1.636	14.41	25.16
1.636	14.41	25.16
1.636	14.41	25.16
1.635	14.41	25.16
1.635	14.41	25.16
1.636	14.41	25.16
1.636	14.41	25.16
1.636	14.41	25.16
1.635	14.42	25.16
1.636	14.41	25.16
1.636	14.41	25.16
1.636	14.42	25.16
1.636	14.42	25.16
1.636	14.41	25.16
1.636	14.41	25.16
1.636	14.41	25.16
1.636	14.42	25.16
1.636	14.41	25.16
1.635	14.41	25.16
1.635	14.41	25.16
1.635	14.41	25.16
1.635	14.41	25.16
1.635	14.42	25.16
1.635	14.42	25.16
1.635	14.42	25.16
1.635	14.42	25.16
1.635	14.42	25.16
1.634	14.42	25.16
1.634	14.42	25.16
1.634	14.42	25.16
1.634	14.42	25.16
1.634	14.42	25.16
1.634	14.42	25.16
1.634	14.43	25.16
1.634	14.43	25.16
1.634	14.43	25.16
1.634	14.42	25.16
1.634	14.43	25.16
1.634	14.43	25.16
1.634	14.43	25.16
1.634	14.43	25.16
1.634	14.43	25.16
1.634	14.43	25.16
1.634	14.43	25.16
1.634	14.43	25.16
1.633	14.43	25.16
1.633	14.44	25.16
1.633	14.43	25.16
1.633	14.44	25.16
1.633	14.44	25.16
1.633	14.44	25.16
1.633	14.44	25.16
1.633	14.44	25.16
1.633	14.44	25.16
1.633	14.44	25.16
1.633	14.44	25.16
1.633	14.44	25.16
1.633	14.44	25.16
1.633	14.45	25.16
1.633	14.45	25.16
1.633	14.45	25.16
1.633	14.46	25.16
1.633	14.46	25.16
1.632	14.46	25.16
1.632	14.46	25.16
1.631	14.47	25.16
1.631	14.48	25.16
1.630	14.48	25.16
1.630	14.48	25.16
1.630	14.49	25.16
1.630	14.48	25.16
1.630	14.49	25.16
1.630	14.49	25.16
1.630	14.49	25.16
1.630	14.49	25.16
1.630	14.48	25.16
1.630	14.49	25.16
1.630	14.49	25.16
1.630	14.49	25.16
1.630	14.49	25.16
1.630	14.49	25.16
1.630	14.49	25.16
1.630	14.49	25.16
1.630	14.49	25.16
1.630	14.49	25.16
1.630	14.49	25.16
1.630	14.49	25.16
1.630	14.49	25.16
1.630	14.49	25.16
1.630	14.49	25.16
1.630	14.50	25.16
1.630	14.49	25.16
1.630	14.49	25.16
1.630	14.49	25.16
1.630	14.50	25.16
1.630	14.49	25.16
1.630	14.49	25.16
1.630	14.50	25.16
1.630	14.50	25.16
1.630	14.51	25.16
1.630	14.52	25.16
1.629	14.52	25.16
1.629	14.52	25.16
1.629	14.52	25.16
1.629	14.52	25.16
1.629	14.52	25.16
1.629	14.52	25.16
1.629	14.52	25.16
1.629	14.52	25.16
1.629	14.52	25.16
1.629	14.52	25.16
1.629	14.52	25.16
1.629	14.52	25.16
1.629	14.52	25.16
1.629	14.53	25.16
1.629	14.52	25.16
1.629	14.52	25.16
1.629	14.53	25.16
1.629	14.52	25.16
1.629	14.52	25.16
1.629	14.52	25.16
1.629	14.52	25.16
1.629	14.64	25.16
1.629	14.52	25.16
1.628	14.53	25.16
1.628	14.53	25.16
1.628	14.53	25.16
1.628	14.53	25.16
1.628	14.53	25.16
1.628	14.53	25.16
1.628	14.53	25.16
1.628	14.53	25.16
1.628	14.54	25.16
1.627	14.53	25.16
1.627	14.53	25.16
1.627	14.53	25.16
1.627	14.53	25.16
1.627	14.54	25.16
1.627	14.53	25.16
1.626	14.54	25.16
1.626	14.54	25.16
1.626	14.54	25.16
1.626	14.54	25.16
1.625	14.54	25.16
1.625	14.54	25.16
1.625	14.55	25.16
1.625	14.55	25.16
1.624	14.55	25.16
1.624	14.55	25.16
1.624	14.55	25.16
1.623	14.55	25.16
1.623	14.55	25.16
1.623	14.55	25.16
1.622	14.56	25.16
1.622	14.56	25.16
1.622	14.56	25.16
1.622	14.56	25.16
1.622	14.56	25.16
1.622	14.56	25.16
1.622	14.56	25.16
1.622	14.57	25.16
1.622	14.56	25.16
1.622	14.56	25.16
1.622	14.56	25.16
1.622	14.57	25.16
1.622	14.57	25.16
1.622	14.56	25.16
1.622	14.56	25.16
1.622	14.56	25.16
1.622	14.56	25.16
1.622	14.57	25.16
1.622	14.56	25.16
1.622	14.56	25.16
1.622	14.56	25.16
1.622	14.56	25.16
1.622	14.56	25.16
1.622	14.56	25.16
1.622	14.56	25.16
1.622	14.57	25.16
1.622	14.56	25.16
1.622	14.56	25.16
1.622	14.56	25.16
1.622	14.57	25.16
1.622	14.57	25.16
1.622	14.56	25.16
1.622	14.57	25.16
1.622	14.57	25.16
1.622	14.56	25.16
1.622	14.57	25.16
1.622	14.56	25.16
1.622	14.57	25.16
1.622	14.56	25.16
1.622	14.56	25.16
1.622	14.56	25.16
1.622	14.57	25.16
1.622	14.56	25.16
1.622	14.56	25.16
1.622	14.56	25.16
1.622	14.56	25.16
1.622	14.56	25.16
1.622	14.56	25.16
1.622	14.56	25.16
1.622	14.56	25.16
1.622	14.56	25.16
1.622	14.56	25.16
1.622	14.56	25.16
1.622	14.55	25.16
1.622	14.56	25.16
1.622	14.56	25.16
1.622	14.57	25.16
1.622	14.56	25.16
1.622	14.56	25.16
1.622	14.56	25.16
1.622	14.56	25.16
1.622	14.56	25.16
1.622	14.56	25.16
1.622	14.56	25.16
1.621	14.57	25.16
1.621	14.57	25.16
1.621	14.57	25.16
1.621	14.57	25.16
1.621	14.57	25.16
1.621	14.58	25.16
1.621	14.58	25.16
1.621	14.58	25.16
1.621	14.58	25.16
1.621	14.58	25.16
1.621	14.58	25.16
1.621	14.58	25.16
1.621	14.58	25.16
1.621	14.58	25.16
1.621	14.58	25.16
1.620	14.58	25.16
1.620	14.59	25.16
1.620	14.59	25.16
1.620	14.59	25.16
1.620	14.59	25.16
1.620	14.60	25.16
1.620	14.59	25.16
1.620	14.60	25.16
1.620	14.61	25.16
1.620	14.60	25.16
1.620	14.60	25.16
1.620	14.60	25.16
1.620	14.60	25.16
1.620	14.60	25.16
1.620	14.61	25.16
1.620	14.61	25.16
1.620	14.61	25.16
1.620	14.61	25.16
1.620	14.61	25.16
1.619	14.61	25.16
1.619	14.62	25.16
1.619	14.61	25.16
1.619	14.61	25.16
1.618	14.61	25.16
1.618	14.62	25.16
1.618	14.63	25.16
1.617	14.63	25.16
1.617	14.63	25.16
1.616	14.64	25.16
1.616	14.65	25.16
1.616	14.65	25.16
1.616	14.65	25.16
1.616	14.65	25.16
1.615	14.66	25.16
1.615	14.67	25.16
1.615	14.67	25.16
1.614	14.67	25.16
1.614	14.67	25.16
1.613	14.67	25.15
1.613	14.68	25.16
1.613	14.68	25.15
1.613	14.69	25.15
1.612	14.69	25.15
1.612	14.68	25.15
1.612	14.69	25.15
1.612	14.68	25.15
1.612	14.69	25.15
1.612	14.69	25.15
1.612	14.69	25.15
1.611	14.69	25.15
1.611	14.69	25.15
1.611	14.69	25.15
1.611	14.70	25.15
1.611	14.70	25.15
1.611	14.70	25.15
1.611	14.70	25.15
1.610	14.71	25.15
1.610	14.70	25.15
1.609	14.70	25.15
1.609	14.71	25.15
1.609	14.71	25.15
1.609	14.71	25.15
1.609	14.71	25.15
1.609	14.72	25.15
1.608	14.71	25.15
1.608	14.72	25.15
1.608	14.71	25.15
1.607	14.72	25.15
1.607	14.72	25.15
1.607	14.72	25.15
1.607	14.72	25.15
1.606	14.72	25.15
1.606	14.73	25.15
1.605	14.73	25.15
1.605	14.73	25.15
1.604	14.73	25.15
1.604	14.73	25.15
1.604	14.73	25.15
1.604	14.73	25.15
1.604	14.73	25.15
1.604	14.73	25.15
1.604	14.73	25.15
1.604	14.73	25.15
1.604	14.73	25.15
1.604	14.73	25.15
1.604	14.73	25.15
1.604	14.73	25.15
1.604	14.73	25.15
1.604	14.73	25.15
1.603	14.74	25.15
1.603	14.74	25.15
1.603	14.74	25.15
1.602	14.75	25.15
1.602	14.75	25.15
1.601	14.77	25.15
1.599	14.77	25.15
1.598	14.79	25.15
1.597	14.79	25.15
1.596	14.79	25.15
1.596	14.79	25.15
1.597	14.79	25.15
1.596	14.80	25.15
1.596	14.80	25.15
1.596	14.81	25.15
1.596	14.81	25.15
1.596	14.81	25.15
1.595	14.82	25.15
1.595	14.81	25.15
1.595	14.82	25.15
1.595	14.82	25.15
1.594	14.82	25.15
1.594	14.83	25.15
1.593	14.83	25.15
1.593	14.83	25.15
1.593	14.84	25.15
1.592	14.85	25.15
1.592	14.85	25.15
1.592	14.85	25.15
1.591	14.85	25.15
1.591	14.86	25.15
1.591	14.86	25.15
1.591	14.86	25.15
1.591	14.86	25.15
1.590	14.86	25.15
1.590	14.86	25.15
1.590	14.86	25.15
1.590	14.87	25.15
1.590	14.86	25.15
1.590	14.86	25.15
1.590	14.86	25.15
1.589	14.87	25.15
1.589	14.87	25.15
1.589	14.88	25.15
1.589	14.88	25.15
1.588	14.88	25.15
1.588	14.89	25.15
1.588	14.89	25.15
1.588	14.88	25.15
1.588	14.89	25.15
1.588	14.89	25.15
1.587	14.89	25.15
1.587	14.89	25.15
1.587	14.89	25.15
1.587	14.90	25.15
1.586	14.90	25.15
1.586	14.90	25.15
1.586	14.91	25.15
1.586	14.91	25.15
1.586	14.91	25.15
1.586	14.91	25.15
1.585	14.91	25.15
1.585	14.91	25.15
1.585	14.91	25.15
1.585	14.92	25.15
1.585	14.92	25.15
1.584	14.92	25.15
1.584	14.93	25.15
1.584	14.93	25.15
1.584	14.93	25.15
1.583	14.93	25.15
1.583	14.94	25.15
1.583	14.94	25.15
1.582	14.95	25.15
1.582	14.95	25.15
1.581	14.97	25.15
1.580	14.97	25.15
1.580	14.98	25.15
1.580	14.99	25.15
1.579	15.00	25.15
1.579	15.00	25.15
1.579	15.00	25.15
1.578	15.01	25.15
1.578	15.01	25.15
1.577	15.01	25.15
1.577	15.01	25.15
1.577	15.02	25.15
1.576	15.02	25.15
1.576	15.03	25.15
1.576	15.03	25.15
1.576	15.04	25.15
1.575	15.05	25.15
1.575	15.05	25.15
1.575	15.05	25.15
1.575	15.06	25.15
1.575	15.06	25.15
1.574	15.06	25.15
1.574	15.06	25.15
1.573	15.06	25.15
1.572	15.07	25.15
1.572	15.08	25.15
1.572	15.08	25.15
1.572	15.08	25.15
1.571	15.09	25.15
1.571	15.10	25.15
1.571	15.11	25.15
1.570	15.11	25.15
1.570	15.11	25.15
1.570	15.11	25.15
1.570	15.11	25.15
1.570	15.12	25.15
1.569	15.12	25.15
1.569	15.12	25.15
1.569	15.12	25.15
1.569	15.12	25.15
1.568	15.12	25.15
1.568	15.13	25.15
1.568	15.13	25.15
1.567	15.13	25.15
1.567	15.14	25.15
1.567	15.14	25.15
1.566	15.15	25.15
1.566	15.15	25.15
1.566	15.15	25.15
1.566	15.15	25.15
1.566	15.15	25.15
1.566	15.15	25.15
1.565	15.15	25.15
1.565	15.16	25.15
1.565	15.15	25.15
1.565	15.15	25.15
1.565	15.16	25.15
1.565	15.15	25.15
1.564	15.16	25.15
1.564	15.16	25.15
1.564	15.16	25.15
1.563	15.16	25.15
1.563	15.16	25.15
1.563	15.17	25.15
1.563	15.17	25.15
1.562	15.17	25.15
1.562	15.17	25.15
1.562	15.17	25.15
1.562	15.17	25.15
1.562	15.17	25.15
1.561	15.18	25.15
1.561	15.18	25.15
1.561	15.19	25.15
1.561	15.19	25.15
1.561	15.18	25.15
1.561	15.19	25.15
1.561	15.19	25.15
1.561	15.19	25.15
1.560	15.19	25.15
1.560	15.20	25.15
1.560	15.19	25.15
1.560	15.19	25.15
1.559	15.20	25.15
1.559	15.20	25.15
1.558	15.21	25.15
1.558	15.21	25.15
1.557	15.22	25.15
1.557	15.22	25.15
1.556	15.23	25.15
1.556	15.23	25.15
1.556	15.23	25.15
1.556	15.24	25.15
1.556	15.24	25.15
1.556	15.24	25.15
1.555	15.24	25.15
1.555	15.24	25.15
1.555	15.24	25.15
1.554	15.24	25.15
1.553	15.24	25.15
1.553	15.25	25.15
1.553	15.25	25.15
1.553	15.25	25.15
1.552	15.26	25.15
1.552	15.26	25.15
1.551	15.27	25.15
1.551	15.27	25.15
1.551	15.27	25.15
1.551	15.27	25.15
1.550	15.28	25.15
1.550	15.28	25.15
1.550	15.28	25.15
1.549	15.29	25.15
1.549	15.29	25.15
1.549	15.29	25.15
1.549	15.30	25.15
1.548	15.30	25.15
1.548	15.31	25.15
1.548	15.31	25.15
1.548	15.31	25.15
1.548	15.31	25.15
1.548	15.31	25.15
1.547	15.31	25.15
1.547	15.31	25.15
1.547	15.32	25.15
1.547	15.32	25.15
1.547	15.33	25.15
1.546	15.33	25.15
1.546	15.33	25.15
1.546	15.34	25.15
1.545	15.34	25.15
1.545	15.34	25.15
1.545	15.34	25.15
1.544	15.35	25.15
1.544	15.35	25.15
1.544	15.35	25.15
1.544	15.35	25.15
1.544	15.35	25.15
1.544	15.35	25.15
1.544	15.36	25.15
1.543	15.37	25.15
1.543	15.37	25.15
1.543	15.37	25.15
1.543	15.38	25.15
1.543	15.38	25.15
1.543	15.38	25.15
1.542	15.38	25.15
1.542	15.38	25.15
1.542	15.39	25.15
1.542	15.39	25.15
1.542	15.39	25.15
1.542	15.39	25.15
1.542	15.39	25.15
1.542	15.39	25.15
1.542	15.39	25.15
1.542	15.39	25.15
1.542	15.39	25.15
1.541	15.39	25.15
1.541	15.40	25.15
1.541	15.40	25.15
1.541	15.40	25.15
1.541	15.40	25.14
1.540	15.40	25.15
1.540	15.40	25.14
1.539	15.41	25.14
1.539	15.42	25.14
1.538	15.42	25.14
1.538	15.43	25.14
1.538	15.44	25.14
1.537	15.44	25.14
1.537	15.45	25.14
1.537	15.45	25.14
1.537	15.45	25.14
1.537	15.46	25.14
1.537	15.46	25.14
1.537	15.46	25.14
1.536	15.46	25.14
1.536	15.47	25.14
1.536	15.47	25.14
1.536	15.47	25.14
1.536	15.47	25.14
1.535	15.47	25.14
1.535	15.48	25.14
1.534	15.48	25.14
1.534	15.49	25.14
1.534	15.49	25.14
1.533	15.50	25.14
1.533	15.51	25.14
1.532	15.51	25.14
1.532	15.50	25.14
1.532	15.52	25.14
1.531	15.52	25.14
1.531	15.53	25.14
1.530	15.53	25.14
1.530	15.54	25.14
1.530	15.54	25.14
1.530	15.54	25.14
1.529	15.55	25.14
1.529	15.56	25.14
1.528	15.57	25.14
1.528	15.57	25.14
1.527	15.57	25.14
1.527	15.58	25.14
1.527	15.58	25.14
1.526	15.59	25.14
1.526	15.59	25.14
1.526	15.60	25.14
1.525	15.60	25.14
1.525	15.60	25.14
1.525	15.60	25.14
1.525	15.61	25.14
1.524	15.60	25.14
1.524	15.61	25.14
1.524	15.61	25.14
1.524	15.61	25.14
1.524	15.61	25.14
1.523	15.61	25.14
1.523	15.61	25.14
1.523	15.61	25.14
1.523	15.61	25.14
1.523	15.62	25.14
1.523	15.61	25.14
1.522	15.62	25.14
1.522	15.62	25.14
1.522	15.62	25.14
1.521	15.63	25.14
1.520	15.63	25.14
1.520	15.64	25.14
1.520	15.64	25.14
1.520	15.65	25.14
1.519	15.65	25.14
1.519	15.65	25.14
1.519	15.65	25.14
1.518	15.65	25.14
1.518	15.65	25.14
1.518	15.65	25.14
1.518	15.65	25.14
1.518	15.65	25.14
1.518	15.65	25.14
1.518	15.65	25.14
1.517	15.65	25.14
1.517	15.66	25.14
1.517	15.66	25.14
1.517	15.66	25.14
1.516	15.66	25.14
1.516	15.66	25.14
1.516	15.67	25.14
1.515	15.67	25.14
1.514	15.68	25.14
1.514	15.68	25.14
1.513	15.68	25.14
1.513	15.69	25.14
1.513	15.69	25.14
1.513	15.69	25.14
1.512	15.71	25.14
1.512	15.71	25.14
1.512	15.71	25.14
1.511	15.72	25.14
1.511	15.73	25.14
1.511	15.73	25.14
1.510	15.73	25.14
1.510	15.73	25.14
1.510	15.73	25.14
1.509	15.73	25.14
1.509	15.74	25.14
1.509	15.75	25.14
1.508	15.75	25.14
1.508	15.75	25.14
1.507	15.76	25.14
1.507	15.76	25.14
1.507	15.77	25.14
1.507	15.77	25.14
1.506	15.77	25.14
1.506	15.77	25.14
1.506	15.78	25.14
1.506	15.78	25.14
1.505	15.79	25.14
1.505	15.79	25.14
1.505	15.79	25.14
1.505	15.80	25.14
1.505	15.80	25.14
1.504	15.80	25.14
1.504	15.80	25.14
1.504	15.80	25.14
1.504	15.81	25.14
1.504	15.81	25.14
1.503	15.81	25.14
1.503	15.81	25.14
1.503	15.81	25.14
1.503	15.82	25.14
1.503	15.82	25.14
1.502	15.82	25.14
1.502	15.83	25.14
1.502	15.83	25.14
1.502	15.82	25.14
1.501	15.83	25.14
1.501	15.83	25.14
1.501	15.83	25.14
1.501	15.84	25.14
1.501	15.84	25.14
1.500	15.84	25.14
1.500	15.85	25.14
1.500	15.86	25.14
1.500	15.86	25.14
1.500	15.86	25.14
1.500	15.86	25.14
1.500	15.86	25.14
1.500	15.86	25.14
1.500	15.86	25.14
1.499	15.86	25.14
1.499	15.86	25.14
1.499	15.87	25.14
1.499	15.87	25.14
1.499	15.87	25.14
1.498	15.87	25.14
1.498	15.88	25.14
1.498	15.88	25.14
1.497	15.89	25.14
1.497	15.90	25.14
1.497	15.91	25.14
1.497	15.91	25.14
1.497	15.91	25.14
1.497	15.92	25.14
1.496	15.92	25.14
1.496	15.93	25.14
1.496	15.93	25.14
1.495	15.93	25.14
1.495	15.94	25.14
1.495	15.94	25.14
1.494	15.94	25.14
1.494	15.95	25.14
1.494	15.95	25.14
1.494	15.96	25.14
1.493	15.96	25.14
1.493	15.96	25.14
1.493	15.96	25.14
1.493	15.96	25.14
1.492	15.96	25.14
1.492	15.97	25.14
1.492	15.98	25.14
1.492	15.99	25.14
1.491	15.99	25.14
1.490	15.99	25.14
1.490	15.99	25.14
1.490	16.00	25.14
1.489	16.01	25.14
1.489	16.01	25.14
1.488	16.02	25.14
1.488	16.03	25.14
1.488	16.03	25.14
1.487	16.04	25.14
1.487	16.04	25.14
1.486	16.04	25.14
1.486	16.04	25.14
1.486	16.05	25.14
1.486	16.05	25.14
1.486	16.06	25.14
1.485	16.06	25.14
1.485	16.06	25.14
1.485	16.06	25.14
1.484	16.07	25.14
1.484	16.07	25.14
1.484	16.07	25.14
1.484	16.08	25.14
1.484	16.07	25.14
1.484	16.08	25.14
1.483	16.08	25.14
1.484	16.08	25.14
1.484	16.08	25.14
1.483	16.08	25.14
1.483	16.08	25.14
1.483	16.08	25.14
1.483	16.08	25.14
1.483	16.08	25.14
1.483	16.08	25.14
1.482	16.08	25.14
1.482	16.08	25.14
1.482	16.09	25.14
1.482	16.09	25.14
1.482	16.09	25.14
1.482	16.09	25.14
1.482	16.09	25.14
1.482	16.09	25.14
1.482	16.09	25.14
1.481	16.10	25.14
1.481	16.10	25.14
1.481	16.10	25.14
1.481	16.10	25.14
1.481	16.10	25.14
1.480	16.10	25.14
1.480	16.10	25.14
1.480	16.10	25.14
1.480	16.11	25.14
1.479	16.11	25.14
1.479	16.11	25.14
1.479	16.12	25.14
1.478	16.12	25.14
1.478	16.12	25.14
1.477	16.12	25.14
1.477	16.13	25.14
1.477	16.13	25.14
1.477	16.13	25.14
1.476	16.14	25.14
1.476	16.14	25.14
1.476	16.15	25.14
1.475	16.15	25.14
1.475	16.16	25.14
1.474	16.17	25.14
1.473	16.17	25.14
1.472	16.18	25.14
1.472	16.18	25.14
1.472	16.18	25.14
1.472	16.19	25.14
1.471	16.20	25.14
1.471	16.20	25.14
1.471	16.20	25.14
1.471	16.20	25.14
1.471	16.20	25.14
1.470	16.20	25.14
1.470	16.21	25.14
1.470	16.21	25.14
1.470	16.21	25.14
1.469	16.21	25.14
1.469	16.22	25.14
1.469	16.22	25.14
1.469	16.22	25.14
1.469	16.22	25.14
1.468	16.23	25.14
1.467	16.24	25.14
1.467	16.24	25.14
1.467	16.24	25.14
1.467	16.25	25.14
1.466	16.25	25.14
1.466	16.26	25.14
1.466	16.27	25.14
1.465	16.28	25.14
1.465	16.28	25.14
1.464	16.29	25.14
1.464	16.29	25.14
1.464	16.29	25.14
1.463	16.30	25.14
1.463	16.30	25.14
1.463	16.30	25.14
1.462	16.31	25.14
1.461	16.33	25.14
1.461	16.34	25.14
1.460	16.35	25.14
1.460	16.35	25.14
1.459	16.37	25.14
1.458	16.38	25.14
1.456	16.38	25.14
1.456	16.40	25.14
1.456	16.41	25.14
1.456	16.41	25.14
1.456	16.41	25.14
1.456	16.41	25.14
1.456	16.41	25.14
1.455	16.42	25.14
1.455	16.43	25.14
1.455	16.43	25.14
1.454	16.44	25.14
1.454	16.44	25.14
1.454	16.44	25.14
1.454	16.44	25.14
1.454	16.45	25.14
1.454	16.45	25.14
1.453	16.45	25.14
1.453	16.46	25.14
1.453	16.46	25.14
1.452	16.46	25.14
1.452	16.47	25.14
1.452	16.48	25.14
1.452	16.48	25.14
1.451	16.48	25.14
1.451	16.49	25.14
1.450	16.49	25.14
1.450	16.49	25.14
1.450	16.50	25.14
1.449	16.51	25.14
1.449	16.51	25.14
1.449	16.51	25.14
1.448	16.52	25.14
1.448	16.52	25.14
1.448	16.52	25.14
1.448	16.52	25.14
1.448	16.52	25.14
1.447	16.53	25.14
1.447	16.53	25.14
1.446	16.53	25.14
1.447	16.53	25.14
1.446	16.53	25.14
1.446	16.53	25.14
1.446	16.54	25.14
1.445	16.54	25.14
1.445	16.55	25.14
1.445	16.56	25.14
1.444	16.56	25.14
1.444	16.56	25.14
1.444	16.56	25.14
1.443	16.56	25.14
1.443	16.57	25.14
1.443	16.57	25.14
1.443	16.57	25.14
1.443	16.57	25.14
1.442	16.58	25.14
1.442	16.58	25.14
1.442	16.58	25.14
1.441	16.58	25.14
1.441	16.59	25.14
1.440	16.60	25.14
1.439	16.61	25.14
1.439	16.61	25.14
1.439	16.61	25.14
1.438	16.61	25.14
1.438	16.62	25.14
1.438	16.62	25.14
1.437	16.63	25.14
1.437	16.63	25.14
1.436	16.64	25.14
1.436	16.64	25.14
1.435	16.64	25.14
1.435	16.65	25.14
1.435	16.65	25.14
1.435	16.66	25.14
1.434	16.67	25.14
1.433	16.68	25.14
1.433	16.68	25.14
1.433	16.68	25.14
1.432	16.69	25.14
1.432	16.69	25.14
1.432	16.70	25.14
1.431	16.71	25.14
1.431	16.71	25.14
1.431	16.71	25.14
1.431	16.71	25.14
1.431	16.72	25.14
1.431	16.72	25.14
1.431	16.72	25.14
1.430	16.72	25.14
1.430	16.73	25.14
1.430	16.73	25.14
1.430	16.73	25.14
1.430	16.74	25.14
1.429	16.74	25.14
1.429	16.74	25.14
1.429	16.74	25.14
1.429	16.74	25.14
1.429	16.74	25.14
1.429	16.75	25.14
1.428	16.75	25.14
1.428	16.75	25.14
1.428	16.75	25.14
1.428	16.76	25.14
1.428	16.76	25.14
1.428	16.76	25.14
1.428	16.76	25.14
1.427	16.76	25.14
1.427	16.77	25.14
1.427	16.77	25.14
1.427	16.77	25.14
1.426	16.77	25.14
1.426	16.77	25.14
1.426	16.77	25.14
1.426	16.78	25.14
1.426	16.78	25.14
1.426	16.78	25.14
1.425	16.78	25.14
1.425	16.79	25.14
1.425	16.79	25.14
1.425	16.80	25.14
1.425	16.80	25.14
1.424	16.81	25.14
1.424	16.82	25.14
1.424	16.83	25.14
1.424	16.83	25.14
1.423	16.83	25.14
1.423	16.83	25.14
1.423	16.84	25.14
1.422	16.84	25.14
1.422	16.84	25.14
1.422	16.84	25.14
1.421	16.85	25.14
1.421	16.85	25.14
1.421	16.86	25.14
1.421	16.86	25.14
1.420	16.86	25.14
1.420	16.86	25.14
1.420	16.87	25.14
1.420	16.87	25.14
1.420	16.87	25.14
1.420	16.88	25.14
1.420	16.88	25.14
1.420	16.88	25.14
1.420	16.88	25.14
1.419	16.89	25.14
1.419	16.89	25.14
1.419	16.89	25.14
1.419	16.89	25.14
1.419	16.89	25.14
1.418	16.90	25.14
1.418	16.90	25.14
1.418	16.91	25.14
1.418	16.91	25.14
1.417	16.92	25.14
1.417	16.92	25.14
1.417	16.92	25.14
1.417	16.92	25.14
1.416	16.93	25.14
1.416	16.93	25.14
1.416	16.94	25.14
1.416	16.94	25.14
1.415	16.95	25.14
1.415	16.96	25.14
1.414	16.96	25.14
1.414	16.97	25.14
1.414	16.97	25.14
1.414	16.97	25.14
1.413	16.97	25.14
1.413	16.98	25.14
1.413	16.99	25.14
1.412	16.99	25.14
1.412	16.99	25.14
1.412	16.99	25.14
1.411	17.00	25.14
1.411	17.00	25.14
1.411	17.01	25.14
1.410	17.01	25.14
1.410	17.01	25.14
1.410	17.01	25.14
1.409	17.01	25.14
1.409	17.02	25.14
1.409	17.02	25.14
1.409	17.02	25.14
1.409	17.02	25.14
1.409	17.02	25.14
1.408	17.02	25.14
1.408	17.03	25.14
1.408	17.03	25.14
1.408	17.03	25.14
1.408	17.03	25.14
1.407	17.03	25.14
1.407	17.03	25.13
1.407	17.03	25.14
1.407	17.03	25.14
1.407	17.04	25.13
1.407	17.04	25.14
1.407	17.04	25.13
1.406	17.04	25.13
1.407	17.05	25.13
1.406	17.05	25.13
1.406	17.05	25.13
1.406	17.05	25.13
1.406	17.05	25.13
1.406	17.05	25.13
1.406	17.05	25.13
1.405	17.06	25.13
1.405	17.06	25.13
1.405	17.06	25.13
1.405	17.06	25.13
1.404	17.06	25.13
1.404	17.07	25.13
1.404	17.07	25.13
1.404	17.07	25.13
1.404	17.07	25.13
1.403	17.08	25.13
1.403	17.09	25.13
1.402	17.09	25.13
1.402	17.09	25.13
1.402	17.09	25.13
1.401	17.09	25.13
1.401	17.10	25.13
1.401	17.10	25.13
1.401	17.10	25.13
1.401	17.11	25.13
1.400	17.11	25.13
1.400	17.11	25.13
1.400	17.11	25.13
1.400	17.12	25.13
1.399	17.12	25.13
1.399	17.13	25.13
1.399	17.13	25.13
1.399	17.13	25.13
1.398	17.14	25.13
1.398	17.14	25.13
1.398	17.14	25.13
1.398	17.15	25.13
1.397	17.15	25.13
1.397	17.15	25.13
1.397	17.16	25.13
1.397	17.16	25.13
1.397	17.16	25.13
1.397	17.16	25.13
1.397	17.16	25.13
1.397	17.16	25.13
1.397	17.16	25.13
1.397	17.16	25.13
1.397	17.16	25.13
1.396	17.17	25.13
1.396	17.18	25.13
1.396	17.18	25.13
1.396	17.18	25.13
1.396	17.18	25.13
1.395	17.18	25.13
1.395	17.19	25.13
1.395	17.19	25.13
1.395	17.19	25.13
1.395	17.19	25.13
1.395	17.19	25.13
1.395	17.19	25.13
1.394	17.20	25.13
1.394	17.20	25.13
1.394	17.20	25.13
1.394	17.20	25.13
1.394	17.21	25.13
1.394	17.21	25.13
1.394	17.21	25.13
1.394	17.21	25.13
1.393	17.21	25.13
1.393	17.22	25.13
1.393	17.22	25.13
1.393	17.22	25.13
1.393	17.23	25.13
1.393	17.23	25.13
1.393	17.23	25.13
1.393	17.24	25.13
1.392	17.24	25.13
1.392	17.24	25.13
1.392	17.24	25.13
1.392	17.25	25.13
1.392	17.25	25.13
1.392	17.25	25.13
1.391	17.25	25.13
1.391	17.26	25.13
1.391	17.26	25.13
1.391	17.27	25.13
1.390	17.27	25.13
1.390	17.28	25.13
1.390	17.28	25.13
1.390	17.28	25.13
1.390	17.28	25.13
1.389	17.29	25.13
1.389	17.29	25.13
1.389	17.29	25.13
1.389	17.30	25.13
1.388	17.30	25.13
1.388	17.30	25.13
1.388	17.30	25.13
1.388	17.31	25.13
1.387	17.31	25.13
1.387	17.31	25.13
1.387	17.32	25.13
1.387	17.33	25.13
1.386	17.33	25.13
1.386	17.34	25.13
1.386	17.34	25.13
1.386	17.34	25.13
1.386	17.34	25.13
1.385	17.34	25.13
1.385	17.35	25.13
1.385	17.35	25.13
1.385	17.35	25.13
1.385	17.36	25.13
1.384	17.36	25.13
1.384	17.36	25.13
1.384	17.37	25.13
1.384	17.38	25.13
1.383	17.38	25.13
1.383	17.38	25.13
1.383	17.38	25.13
1.383	17.39	25.13
1.383	17.39	25.13
1.382	17.39	25.13
1.382	17.39	25.13
1.382	17.39	25.13
1.382	17.40	25.13
1.382	17.40	25.13
1.381	17.41	25.13
1.381	17.41	25.13
1.381	17.41	25.13
1.380	17.41	25.13
1.380	17.42	25.13
1.380	17.43	25.13
1.380	17.43	25.13
1.380	17.43	25.13
1.379	17.43	25.13
1.379	17.44	25.13
1.379	17.44	25.13
1.379	17.44	25.13
1.379	17.44	25.13
1.379	17.44	25.13
1.379	17.45	25.13
1.378	17.45	25.13
1.378	17.45	25.13
1.378	17.45	25.13
1.378	17.45	25.13
1.378	17.45	25.13
1.378	17.45	25.13
1.378	17.45	25.13
1.378	17.45	25.13
1.377	17.46	25.13
1.377	17.46	25.13
1.377	17.46	25.13
1.377	17.46	25.13
1.377	17.46	25.13
1.377	17.46	25.13
1.377	17.46	25.13
1.376	17.47	25.13
1.376	17.47	25.13
1.376	17.47	25.13
1.376	17.47	25.13
1.376	17.47	25.13
1.376	17.47	25.13
1.376	17.47	25.13
1.376	17.48	25.13
1.375	17.48	25.13
1.375	17.48	25.13
1.375	17.48	25.13
1.375	17.48	25.13
1.375	17.48	25.13
1.375	17.48	25.13
1.375	17.49	25.13
1.375	17.49	25.13
1.375	17.49	25.13
1.375	17.49	25.13
1.374	17.50	25.13
1.374	17.50	25.13
1.374	17.50	25.13
1.374	17.50	25.13
1.373	17.51	25.13
1.373	17.51	25.13
1.373	17.51	25.13
1.373	17.51	25.13
1.373	17.51	25.13
1.373	17.51	25.13
1.373	17.51	25.13
1.373	17.51	25.13
1.372	17.51	25.13
1.372	17.51	25.13
1.372	17.51	25.13
1.372	17.52	25.13
1.371	17.52	25.13
1.371	17.53	25.13
1.371	17.53	25.13
1.370	17.53	25.13
1.370	17.54	25.13
1.370	17.55	25.13
1.370	17.55	25.13
1.369	17.55	25.13
1.369	17.55	25.13
1.369	17.55	25.13
1.369	17.55	25.13
1.369	17.56	25.13
1.368	17.56	25.13
1.368	17.56	25.13
1.368	17.56	25.13
1.368	17.56	25.13
1.367	17.57	25.13
1.367	17.57	25.13
1.367	17.57	25.13
1.367	17.57	25.13
1.366	17.58	25.13
1.366	17.58	25.13
1.366	17.59	25.13
1.366	17.59	25.13
1.366	17.59	25.13
1.366	17.60	25.13
1.365	17.60	25.13
1.365	17.60	25.13
1.365	17.60	25.13
1.365	17.60	25.13
1.365	17.60	25.13
1.365	17.61	25.13
1.365	17.61	25.13
1.365	17.61	25.13
1.365	17.61	25.13
1.364	17.62	25.13
1.364	17.62	25.13
1.364	17.62	25.13
1.364	17.62	25.13
1.364	17.63	25.13
1.364	17.63	25.13
1.364	17.63	25.13
1.364	17.63	25.13
1.364	17.64	25.13
1.363	17.64	25.13
1.363	17.64	25.13
1.363	17.65	25.13
1.363	17.65	25.13
1.363	17.65	25.13
1.363	17.66	25.13
1.362	17.66	25.13
1.362	17.66	25.13
1.362	17.67	25.13
1.362	17.67	25.13
1.362	17.68	25.13
1.362	17.68	25.13
1.362	17.68	25.13
1.362	17.69	25.13
1.362	17.70	25.13
1.362	17.71	25.13
1.362	17.71	25.13
1.362	17.72	25.13
1.362	17.72	25.13
1.362	17.73	25.13
1.362	17.74	25.13
1.361	17.74	25.13
1.361	17.74	25.13
1.361	17.74	25.13
1.361	17.74	25.13
1.361	17.75	25.13
1.361	17.75	25.13
1.361	17.75	25.13
1.361	17.75	25.13
1.361	17.75	25.13
1.361	17.76	25.13
1.361	17.76	25.13
1.361	17.76	25.13
1.361	17.76	25.13
1.360	17.76	25.13
1.360	17.77	25.13
1.361	17.77	25.13
1.361	17.77	25.13
1.360	17.77	25.13
1.360	17.77	25.13
1.360	17.77	25.13
1.360	17.77	25.13
1.360	17.77	25.13
1.360	17.77	25.13
1.360	17.77	25.13
1.360	17.77	25.13
1.360	17.77	25.13
1.360	17.77	25.13
1.360	17.77	25.13
1.360	17.77	25.13
1.360	17.77	25.13
1.360	17.77	25.13
1.359	17.77	25.13
1.359	17.77	25.13
1.359	17.77	25.13
1.359	17.77	25.13
1.359	17.77	25.13
1.359	17.78	25.13
1.358	17.78	25.13
1.358	17.78	25.13
1.358	17.77	25.13
1.358	17.77	25.13
1.358	17.77	25.13
1.358	17.77	25.13
1.358	17.76	25.13
1.358	17.76	25.13
1.357	17.76	25.13
1.357	17.77	25.13
1.357	17.77	25.13
1.357	17.77	25.13
1.357	17.77	25.13
1.356	17.77	25.13
1.356	17.77	25.13
1.356	17.77	25.13
1.356	17.78	25.13
1.355	17.78	25.13
1.355	17.79	25.13
1.355	17.79	25.13
1.354	17.79	25.13
1.354	17.80	25.13
1.354	17.80	25.13
1.353	17.80	25.13
1.353	17.80	25.13
1.353	17.80	25.13
1.353	17.80	25.13
1.353	17.80	25.13
1.353	17.80	25.13
1.353	17.80	25.13
1.353	17.80	25.13
1.353	17.80	25.13
1.352	17.80	25.13
1.352	17.80	25.13
1.352	17.80	25.13
1.352	17.80	25.13
1.352	17.80	25.13
1.352	17.80	25.13
1.351	17.80	25.13
1.351	17.81	25.13
1.351	17.81	25.13
1.351	17.81	25.13
1.350	17.80	25.13
1.350	17.80	25.13
1.350	17.81	25.13
1.350	17.81	25.13
1.350	17.81	25.13
1.350	17.80	25.13
1.349	17.82	25.13
1.349	17.81	25.13
1.349	17.81	25.13
1.349	17.81	25.13
1.349	17.81	25.13
1.349	17.81	25.13
1.348	17.80	25.13
1.348	17.83	25.13
1.348	17.86	25.13
1.347	17.86	25.13
1.347	17.87	25.13
1.347	17.87	25.13
1.347	17.86	25.13
1.346	17.86	25.13
1.346	17.88	25.13
1.346	17.89	25.13
1.346	17.90	25.13
1.346	17.90	25.13
1.345	17.92	25.13
1.345	17.93	25.13
1.345	17.94	25.13
1.345	17.94	25.13
1.345	17.93	25.13
1.345	17.93	25.13
1.345	17.93	25.13
1.345	17.93	25.13
1.344	17.93	25.13
1.344	17.94	25.13
1.344	17.95	25.13
1.344	17.95	25.13
1.344	17.96	25.13
1.343	17.95	25.13
1.343	17.96	25.13
1.343	17.96	25.13
1.343	17.97	25.13
1.343	17.97	25.13
1.343	17.98	25.13
1.343	17.98	25.13
1.343	17.98	25.13
1.343	17.98	25.13
1.343	17.98	25.13
1.342	17.97	25.13
1.342	17.97	25.13
1.342	17.97	25.13
1.342	17.97	25.13
1.342	17.97	25.13
1.342	17.98	25.13
1.342	17.98	25.13
1.342	18.00	25.13
1.341	18.00	25.13
1.341	18.00	25.13
1.341	18.00	25.13
1.341	18.00	25.13
1.341	18.00	25.13
1.341	18.01	25.13
1.341	18.01	25.13
1.341	18.01	25.13
1.340	18.01	25.13
1.340	18.02	25.13
1.340	18.02	25.13
1.340	18.03	25.13
1.340	18.04	25.13
1.340	18.04	25.13
1.340	18.04	25.13
1.339	18.04	25.12
1.339	18.04	25.12
1.339	18.04	25.12
1.339	18.04	25.12
1.339	18.04	25.12
1.339	18.05	25.12
1.339	18.04	25.12
1.339	18.05	25.12
1.339	18.05	25.12
1.339	18.05	25.12
1.338	18.05	25.12
1.338	18.05	25.12
1.338	18.05	25.12
1.338	18.06	25.12
1.338	18.07	25.12
1.337	18.08	25.12
1.337	18.08	25.12
1.336	18.08	25.12
1.336	18.08	25.12
1.336	18.09	25.12
1.336	18.09	25.12
1.336	18.09	25.12
1.336	18.09	25.12
1.335	18.09	25.12
1.335	18.09	25.12
1.335	18.10	25.12
1.335	18.10	25.12
1.335	18.10	25.12
1.335	18.10	25.12
1.335	18.10	25.12
1.334	18.10	25.12
1.334	18.11	25.12
1.334	18.11	25.12
1.333	18.12	25.12
1.333	18.12	25.12
1.333	18.13	25.12
1.333	18.13	25.12
1.333	18.13	25.12
1.333	18.13	25.12
1.332	18.12	25.12
1.332	18.12	25.12
1.332	18.13	25.12
1.331	18.13	25.12
1.331	18.14	25.12
1.331	18.14	25.12
1.331	18.15	25.12
1.331	18.15	25.12
1.330	18.14	25.12
1.330	18.14	25.12
1.330	18.14	25.12
1.330	18.15	25.12
1.330	18.15	25.12
1.330	18.16	25.12
1.330	18.16	25.12
1.330	18.16	25.12
1.329	18.16	25.12
1.329	18.16	25.12
1.329	18.17	25.12
1.328	18.18	25.12
1.328	18.18	25.12
1.328	18.18	25.12
1.327	18.18	25.12
1.327	18.19	25.12
1.327	18.20	25.12
1.327	18.20	25.12
1.326	18.21	25.12
1.326	18.21	25.12
1.326	18.22	25.12
1.326	18.22	25.12
1.326	18.23	25.12
1.325	18.23	25.12
1.325	18.24	25.12
1.325	18.23	25.12
1.325	18.23	25.12
1.325	18.23	25.12
1.324	18.23	25.12
1.324	18.24	25.12
1.324	18.24	25.12
1.324	18.24	25.12
1.323	18.24	25.12
1.323	18.25	25.12
1.322	18.25	25.12
1.322	18.26	25.12
1.322	18.26	25.12
1.321	18.26	25.12
1.321	18.26	25.12
1.321	18.26	25.12
1.320	18.26	25.12
1.320	18.26	25.12
1.320	18.26	25.12
1.319	18.26	25.12
1.319	18.26	25.12
1.319	18.27	25.12
1.319	18.27	25.12
1.318	18.26	25.12
1.318	18.26	25.12
1.318	18.27	25.12
1.318	18.28	25.12
1.318	18.27	25.12
1.317	18.27	25.12
1.317	18.28	25.12
1.317	18.30	25.12
1.317	18.30	25.12
1.317	18.31	25.12
1.317	18.33	25.12
1.317	18.34	25.12
1.317	18.32	25.12
1.317	18.32	25.12
1.316	18.32	25.12
1.316	18.32	25.12
1.316	18.33	25.12
1.315	18.33	25.12
1.315	18.34	25.12
1.314	18.36	25.12
1.314	18.36	25.12
1.314	18.36	25.12
1.314	18.38	25.12
1.313	18.38	25.12
1.313	18.38	25.12
1.313	18.37	25.12
1.313	18.38	25.12
1.312	18.38	25.12
1.312	18.39	25.12
1.312	18.42	25.12
1.311	18.43	25.12
1.311	18.44	25.12
1.311	18.45	25.12
1.311	18.44	25.12
1.311	18.44	25.12
1.311	18.44	25.12
1.310	18.44	25.12
1.310	18.44	25.12
1.310	18.44	25.12
1.310	18.45	25.12
1.310	18.45	25.12
1.310	18.45	25.12
1.310	18.45	25.12
1.310	18.45	25.12
1.309	18.46	25.12
1.309	18.46	25.12
1.309	18.46	25.12
1.308	18.47	25.12
1.308	18.47	25.12
1.308	18.48	25.12
1.307	18.48	25.12
1.306	18.49	25.12
1.306	18.50	25.12
1.305	18.50	25.12
1.305	18.50	25.12
1.305	18.51	25.12
1.304	18.50	25.12
1.304	18.51	25.12
1.304	18.51	25.12
1.304	18.50	25.12
1.303	18.51	25.12
1.303	18.52	25.12
1.303	18.51	25.12
1.303	18.52	25.12
1.302	18.53	25.12
1.302	18.54	25.12
1.302	18.54	25.12
1.302	18.54	25.12
1.302	18.55	25.12
1.302	18.55	25.12
1.302	18.55	25.12
1.301	18.55	25.12
1.301	18.55	25.12
1.301	18.55	25.12
1.301	18.55	25.12
1.301	18.55	25.12
1.301	18.55	25.12
1.301	18.55	25.12
1.301	18.56	25.12
1.300	18.57	25.12
1.300	18.57	25.12
1.300	18.59	25.12
1.300	18.59	25.12
1.300	18.59	25.12
1.300	18.59	25.12
1.299	18.60	25.12
1.299	18.60	25.12
1.299	18.60	25.12
1.299	18.60	25.12
1.299	18.60	25.12
1.299	18.60	25.12
1.299	18.60	25.12
1.299	18.60	25.12
1.299	18.61	25.12
1.298	18.60	25.12
1.298	18.60	25.12
1.298	18.60	25.12
1.298	18.60	25.12
1.298	18.60	25.12
1.298	18.61	25.12
1.298	18.61	25.12
1.297	18.62	25.12
1.297	18.63	25.12
1.297	18.63	25.12
1.297	18.64	25.12
1.297	18.64	25.12
1.297	18.64	25.12
1.296	18.65	25.12
1.296	18.65	25.12
1.296	18.65	25.12
1.296	18.65	25.12
1.296	18.66	25.12
1.295	18.66	25.12
1.294	18.66	25.12
1.294	18.66	25.12
1.294	18.66	25.12
1.293	18.67	25.12
1.293	18.67	25.12
1.293	18.68	25.12
1.293	18.69	25.12
1.293	18.69	25.12
1.293	18.69	25.12
1.292	18.68	25.12
1.292	18.69	25.12
1.292	18.69	25.12
1.292	18.69	25.12
1.291	18.68	25.12
1.291	18.69	25.12
1.291	18.70	25.12
1.291	18.72	25.12
1.290	18.72	25.12
1.290	18.72	25.12
1.289	18.73	25.12
1.289	18.72	25.12
1.289	18.69	25.12
1.288	18.71	25.12
1.288	18.72	25.12
1.288	18.74	25.12
1.288	18.74	25.12
1.288	18.75	25.12
1.287	18.77	25.12
1.287	18.79	25.12
1.286	18.78	25.12
1.286	18.75	25.12
1.286	18.74	25.12
1.286	18.77	25.12
1.285	18.78	25.12
1.285	18.77	25.12
1.285	18.77	25.12
1.285	18.77	25.12
1.285	18.78	25.12
1.285	18.78	25.12
1.285	18.78	25.12
1.285	18.79	25.12
1.284	18.81	25.12
1.284	18.82	25.12
1.283	18.82	25.12
1.283	18.84	25.12
1.283	18.85	25.12
1.283	18.85	25.12
1.283	18.85	25.12
1.283	18.85	25.12
1.283	18.84	25.12
1.283	18.83	25.12
1.282	18.83	25.12
1.282	18.83	25.12
1.282	18.83	25.12
1.282	18.83	25.12
1.282	18.85	25.12
1.281	18.87	25.12
1.281	18.88	25.12
1.281	18.88	25.12
1.281	18.90	25.12
1.281	18.90	25.12
1.280	18.90	25.12
1.280	18.91	25.12
1.280	18.92	25.12
1.280	18.91	25.12
1.279	18.92	25.12
1.279	18.92	25.12
1.279	18.92	25.12
1.279	18.92	25.12
1.279	18.92	25.12
1.278	18.92	25.12
1.278	18.93	25.12
1.277	18.94	25.12
1.277	18.94	25.12
1.276	18.95	25.12
1.276	18.95	25.12
1.276	18.96	25.12
1.275	18.96	25.12
1.275	18.97	25.12
1.275	18.97	25.12
1.274	18.97	25.12
1.274	18.98	25.12
1.274	18.99	25.12
1.274	18.99	25.12
1.273	19.00	25.12
1.273	19.01	25.12
1.273	19.01	25.12
1.272	19.01	25.12
1.272	19.01	25.12
1.272	19.00	25.12
1.271	19.00	25.12
1.271	19.02	25.12
1.271	19.01	25.12
1.271	19.02	25.12
1.271	19.04	25.12
1.271	19.05	25.12
1.271	19.04	25.12
1.271	19.04	25.12
1.270	19.05	25.12
1.270	19.05	25.12
1.270	19.05	25.12
1.270	19.05	25.12
1.270	19.06	25.12
1.269	19.07	25.12
1.269	19.07	25.12
1.269	19.07	25.12
1.269	19.07	25.12
1.269	19.08	25.12
1.269	19.07	25.12
1.269	19.08	25.12
1.268	19.09	25.12
1.268	19.09	25.12
1.268	19.09	25.12
1.268	19.09	25.12
1.268	19.09	25.12
1.268	19.09	25.12
1.268	19.10	25.12
1.267	19.11	25.12
1.267	19.11	25.12
1.267	19.11	25.12
1.267	19.11	25.12
1.267	19.10	25.12
1.267	19.10	25.12
1.266	19.10	25.12
1.266	19.12	25.12
1.266	19.14	25.12
1.265	19.14	25.12
1.265	19.14	25.12
1.264	19.14	25.12
1.264	19.14	25.12
1.264	19.13	25.12
1.263	19.14	25.12
1.263	19.14	25.12
1.263	19.14	25.12
1.264	19.14	25.12
1.264	19.13	25.12
1.263	19.12	25.12
1.263	19.13	25.12
1.264	19.14	25.12
1.264	19.14	25.12
1.263	19.13	25.12
1.263	19.15	25.12
1.263	19.15	25.12
1.262	19.15	25.12
1.262	19.14	25.12
1.261	19.15	25.12
1.261	19.15	25.12
1.261	19.14	25.12
1.261	19.16	25.12
1.260	19.17	25.12
1.261	19.18	25.12
1.261	19.19	25.12
1.261	19.20	25.12
1.261	19.19	25.12
1.261	19.18	25.12
1.261	19.18	25.12
1.261	19.18	25.11
1.261	19.18	25.11
1.260	19.18	25.11
1.259	19.18	25.11
1.259	19.19	25.11
1.258	19.22	25.11
1.257	19.21	25.11
1.256	19.24	25.11
1.256	19.26	25.11
1.255	19.29	25.11
1.255	19.29	25.11
1.255	19.29	25.11
1.254	19.30	25.11
1.254	19.31	25.11
1.254	19.31	25.11
1.254	19.32	25.11
1.254	19.33	25.11
1.253	19.31	25.11
1.252	19.33	25.11
1.252	19.34	25.11
1.252	19.35	25.11
1.252	19.35	25.11
1.252	19.35	25.11
1.252	19.35	25.11
1.252	19.35	25.11
1.252	19.36	25.11
1.251	19.37	25.11
1.251	19.38	25.11
1.251	19.39	25.11
1.251	19.39	25.11
1.251	19.39	25.11
1.250	19.40	25.11
1.250	19.41	25.11
1.250	19.43	25.11
1.249	19.43	25.11
1.248	19.42	25.11
1.247	19.44	25.11
1.246	19.45	25.11
1.246	19.45	25.11
1.246	19.45	25.11
1.246	19.46	25.11
1.245	19.47	25.11
1.245	19.47	25.11
1.245	19.47	25.11
1.244	19.47	25.11
1.244	19.48	25.11
1.244	19.49	25.11
1.244	19.48	25.11
1.244	19.48	25.11
1.244	19.48	25.11
1.243	19.48	25.11
1.243	19.49	25.11
1.243	19.51	25.11
1.242	19.53	25.11
1.242	19.53	25.11
1.242	19.54	25.11
1.241	19.54	25.11
1.241	19.54	25.11
1.241	19.54	25.11
1.241	19.55	25.11
1.240	19.54	25.11
1.240	19.54	25.11
1.240	19.55	25.11
1.240	19.56	25.11
1.240	19.57	25.11
1.240	19.56	25.11
1.239	19.57	25.11
1.239	19.56	25.11
1.239	19.56	25.11
1.239	19.57	25.11
1.238	19.56	25.11
1.238	19.54	25.11
1.238	19.54	25.11
1.238	19.54	25.11
1.238	19.54	25.11
1.238	19.54	25.11
1.238	19.54	25.11
1.238	19.53	25.11
1.237	19.52	25.11
1.237	19.53	25.11
1.237	19.57	25.11
1.236	19.57	25.11
1.236	19.58	25.11
1.236	19.59	25.11
1.235	19.60	25.11
1.235	19.60	25.11
1.235	19.62	25.11
1.235	19.61	25.11
1.235	19.59	25.11
1.235	19.60	25.11
1.234	19.59	25.11
1.234	19.59	25.11
1.234	19.58	25.11
1.233	19.59	25.11
1.233	19.63	25.11
1.233	19.63	25.11
1.233	19.64	25.11
1.233	19.65	25.11
1.232	19.65	25.11
1.232	19.65	25.11
1.232	19.67	25.11
1.232	19.67	25.11
1.232	19.68	25.11
1.231	19.69	25.11
1.231	19.71	25.11
1.231	19.70	25.11
1.230	19.68	25.11
1.230	19.67	25.11
1.230	19.68	25.11
1.230	19.69	25.11
1.230	19.70	25.11
1.230	19.69	25.11
1.229	19.71	25.11
1.229	19.70	25.11
1.229	19.72	25.11
1.229	19.72	25.11
1.229	19.71	25.11
1.229	19.70	25.11
1.228	19.70	25.11
1.228	19.73	25.11
1.228	19.74	25.11
1.227	19.75	25.11
1.227	19.75	25.11
1.227	19.76	25.11
1.227	19.77	25.11
1.227	19.77	25.11
1.227	19.77	25.11
1.227	19.77	25.11
1.226	19.77	25.11
1.226	19.78	25.11
1.226	19.79	25.11
1.226	19.79	25.11
1.226	19.79	25.11
1.226	19.79	25.11
1.225	19.80	25.11
1.225	19.81	25.11
1.225	19.81	25.11
1.225	19.82	25.11
1.225	19.83	25.11
1.225	19.83	25.11
1.224	19.84	25.11
1.224	19.84	25.11
1.224	19.84	25.11
1.224	19.84	25.11
1.224	19.84	25.11
1.224	19.84	25.11
1.224	19.85	25.11
1.223	19.86	25.11
1.223	19.86	25.11
1.223	19.86	25.11
1.223	19.86	25.11
1.223	19.86	25.11
1.223	19.87	25.11
1.222	19.87	25.11
1.222	19.87	25.11
1.222	19.87	25.11
1.222	19.88	25.11
1.222	19.89	25.11
1.221	19.89	25.11
1.221	19.89	25.11
1.221	19.90	25.11
1.221	19.90	25.11
1.220	19.91	25.11
1.220	19.92	25.11
1.220	19.92	25.11
1.220	19.91	25.11
1.220	19.90	25.11
1.219	19.91	25.11
1.219	19.91	25.11
1.219	19.92	25.11
1.219	19.91	25.11
1.219	19.92	25.11
1.219	19.92	25.11
1.219	19.92	25.11
1.219	19.92	25.11
1.218	19.92	25.11
1.218	19.92	25.11
1.218	19.92	25.11
1.218	19.93	25.11
1.218	19.94	25.11
1.218	19.95	25.11
1.218	19.95	25.11
1.217	19.95	25.11
1.218	19.96	25.11
1.217	19.96	25.11
1.217	19.96	25.11
1.217	19.97	25.11
1.217	19.97	25.11
1.217	19.97	25.11
1.217	19.98	25.11
1.217	19.98	25.11
1.217	19.99	25.11
1.217	19.99	25.11
1.217	19.99	25.11
1.217	19.99	25.11
1.217	19.99	25.11
1.216	19.99	25.11
1.216	19.99	25.11
1.216	19.99	25.11
1.216	20.00	25.11
1.216	20.00	25.11
1.216	20.00	25.11
1.216	19.99	25.11
1.216	20.01	25.11
1.215	20.01	25.11
1.215	20.01	25.11
1.215	20.01	25.11
1.215	20.01	25.11
1.215	20.01	25.11
1.215	20.01	25.11
1.215	20.01	25.11
1.215	20.03	25.11
1.215	20.03	25.11
1.215	20.02	25.11
1.215	20.02	25.11
1.215	20.03	25.11
1.215	20.03	25.11
1.215	20.03	25.11
1.215	20.03	25.11
1.215	20.03	25.11
1.215	20.03	25.11
1.215	20.03	25.11
1.214	20.03	25.11
1.214	20.03	25.11
1.214	20.03	25.11
1.214	20.04	25.11
1.214	20.03	25.11
1.214	20.03	25.11
1.214	20.02	25.11
1.214	20.01	25.11
1.214	20.01	25.11
1.214	20.03	25.11
1.214	20.03	25.11
1.214	20.03	25.11
1.214	20.01	25.11
1.214	20.01	25.11
1.214	20.02	25.11
1.214	20.01	25.11
1.213	20.01	25.11
1.213	20.01	25.11
1.213	20.01	25.11
1.213	20.02	25.11
1.213	20.02	25.11
1.213	20.03	25.11
1.213	20.04	25.11
1.213	20.04	25.11
1.213	20.05	25.11
1.212	20.06	25.11
1.212	20.07	25.11
1.212	20.06	25.11
1.212	20.06	25.11
1.212	20.06	25.11
1.212	20.06	25.11
1.212	20.06	25.11
1.212	20.07	25.11
1.212	20.07	25.11
1.212	20.05	25.11
1.211	20.04	25.11
1.211	20.05	25.11
1.211	20.06	25.11
1.211	20.06	25.11
1.211	20.06	25.11
1.211	20.06	25.11
1.211	20.06	25.11
1.211	20.07	25.11
1.211	20.07	25.11
1.211	20.08	25.11
1.211	20.07	25.11
1.211	20.08	25.11
1.211	20.08	25.11
1.210	20.09	25.11
1.210	20.09	25.11
1.210	20.09	25.11
1.210	20.09	25.11
1.210	20.09	25.11
1.210	20.09	25.11
1.209	20.10	25.11
1.209	20.10	25.11
1.209	20.13	25.11
1.209	20.13	25.11
1.209	20.12	25.11
1.209	20.12	25.11
1.208	20.12	25.11
1.208	20.12	25.11
1.208	20.11	25.11
1.208	20.11	25.11
1.208	20.11	25.11
1.208	20.11	25.11
1.208	20.11	25.11
1.208	20.11	25.11
1.207	20.10	25.11
1.207	20.10	25.11
1.207	20.12	25.11
1.207	20.14	25.11
1.207	20.14	25.11
1.207	20.14	25.11
1.207	20.14	25.11
1.207	20.16	25.11
1.206	20.16	25.11
1.206	20.14	25.11
1.206	20.14	25.11
1.206	20.15	25.11
1.205	20.15	25.11
1.205	20.16	25.11
1.205	20.20	25.11
1.205	20.21	25.11
1.205	20.21	25.11
1.205	20.21	25.11
1.204	20.21	25.11
1.204	20.20	25.11
1.204	20.19	25.11
1.204	20.18	25.11
1.204	20.18	25.11
1.204	20.18	25.11
1.204	20.19	25.11
1.204	20.21	25.11
1.203	20.21	25.11
1.203	20.23	25.11
1.202	20.22	25.11
1.202	20.21	25.11
1.202	20.21	25.11
1.202	20.21	25.11
1.202	20.23	25.11
1.202	20.24	25.11
1.201	20.25	25.11
1.201	20.25	25.11
1.201	20.26	25.11
1.201	20.27	25.11
1.201	20.28	25.11
1.201	20.27	25.11
1.201	20.27	25.11
1.201	20.27	25.11
1.201	20.28	25.11
1.201	20.28	25.11
1.201	20.28	25.11
1.200	20.28	25.11
1.200	20.29	25.11
1.200	20.30	25.11
1.200	20.31	25.11
1.200	20.31	25.11
1.200	20.31	25.11
1.200	20.31	25.11
1.199	20.31	25.11
1.200	20.31	25.11
1.199	20.31	25.11
1.199	20.31	25.11
1.199	20.31	25.11
1.199	20.31	25.11
1.199	20.31	25.11
1.199	20.31	25.11
1.199	20.31	25.11
1.199	20.31	25.11
1.199	20.31	25.11
1.199	20.31	25.11
1.199	20.31	25.11
1.198	20.31	25.11
1.198	20.31	25.11
1.199	20.31	25.11
1.199	20.31	25.11
1.199	20.31	25.11
1.198	20.32	25.11
1.197	20.36	25.11
1.196	20.39	25.11
1.195	20.41	25.11
1.195	20.41	25.11
1.195	20.41	25.11
1.195	20.41	25.11
1.195	20.41	25.11
1.195	20.40	25.11
1.195	20.40	25.11
1.195	20.39	25.11
1.195	20.40	25.11
1.195	20.41	25.11
1.194	20.43	25.11
1.194	20.43	25.11
1.194	20.43	25.11
1.194	20.43	25.11
1.194	20.43	25.11
1.193	20.43	25.11
1.193	20.43	25.11
1.193	20.44	25.11
1.193	20.44	25.11
1.193	20.45	25.11
1.192	20.45	25.11
1.192	20.47	25.11
1.192	20.47	25.11
1.192	20.48	25.11
1.192	20.48	25.11
1.192	20.48	25.11
1.191	20.48	25.11
1.192	20.48	25.11
1.191	20.48	25.11
1.191	20.49	25.11
1.191	20.49	25.11
1.191	20.50	25.11
1.191	20.49	25.11
1.191	20.49	25.11
1.191	20.48	25.11
1.190	20.49	25.11
1.190	20.50	25.11
1.190	20.49	25.11
1.190	20.51	25.11
1.189	20.51	25.11
1.189	20.51	25.11
1.189	20.52	25.11
1.189	20.52	25.11
1.189	20.52	25.11
1.189	20.52	25.11
1.189	20.53	25.11
1.189	20.53	25.11
1.189	20.53	25.11
1.189	20.53	25.11
1.189	20.54	25.11
1.189	20.55	25.11
1.189	20.55	25.11
1.189	20.53	25.11
1.189	20.54	25.11
1.188	20.55	25.11
1.188	20.55	25.11
1.188	20.56	25.11
1.188	20.57	25.11
1.188	20.56	25.11
1.188	20.55	25.11
1.188	20.55	25.11
1.187	20.57	25.11
1.187	20.58	25.11
1.187	20.59	25.11
1.186	20.59	25.11
1.186	20.60	25.11
1.186	20.60	25.11
1.186	20.60	25.11
1.185	20.60	25.11
1.185	20.60	25.11
1.185	20.60	25.11
1.185	20.61	25.11
1.184	20.60	25.11
1.184	20.60	25.11
1.183	20.60	25.11
1.183	20.62	25.11
1.183	20.63	25.11
1.182	20.64	25.11
1.182	20.64	25.11
1.182	20.64	25.11
1.182	20.65	25.11
1.182	20.64	25.11
1.182	20.64	25.11
1.182	20.65	25.11
1.181	20.67	25.11
1.181	20.67	25.11
1.181	20.69	25.11
1.181	20.67	25.11
1.181	20.67	25.11
1.181	20.66	25.11
1.180	20.68	25.11
1.180	20.68	25.11
1.180	20.69	25.10
1.179	20.68	25.11
1.179	20.71	25.10
1.179	20.71	25.10
1.179	20.71	25.10
1.179	20.72	25.10
1.179	20.70	25.10
1.179	20.70	25.10
1.178	20.71	25.10
1.178	20.71	25.11
1.178	20.73	25.10
1.178	20.73	25.10
1.177	20.73	25.10
1.177	20.73	25.10
1.177	20.75	25.10
1.177	20.75	25.10
1.177	20.75	25.10
1.176	20.76	25.10
1.176	20.76	25.10
1.176	20.77	25.10
1.176	20.77	25.10
1.176	20.77	25.10
1.175	20.79	25.10
1.175	20.79	25.10
1.175	20.79	25.10
1.175	20.79	25.10
1.175	20.80	25.10
1.175	20.81	25.10
1.175	20.82	25.10
1.175	20.81	25.10
1.174	20.81	25.10
1.174	20.81	25.10
1.174	20.81	25.10
1.174	20.81	25.10
1.174	20.81	25.10
1.173	20.81	25.10
1.173	20.82	25.10
1.173	20.83	25.10
1.173	20.83	25.10
1.173	20.83	25.10
1.173	20.84	25.10
1.173	20.84	25.10
1.172	20.84	25.10
1.172	20.86	25.10
1.172	20.87	25.10
1.172	20.87	25.10
1.171	20.87	25.10
1.171	20.87	25.10
1.171	20.87	25.10
1.171	20.87	25.10
1.171	20.88	25.10
1.171	20.88	25.10
1.171	20.89	25.10
1.170	20.90	25.10
1.170	20.89	25.10
1.170	20.90	25.10
1.170	20.89	25.10
1.169	20.88	25.10
1.169	20.88	25.10
1.169	20.89	25.10
1.169	20.89	25.10
1.169	20.88	25.10
1.169	20.89	25.10
1.168	20.90	25.10
1.168	20.90	25.10
1.168	20.93	25.10
1.168	20.94	25.10
1.168	20.94	25.10
1.168	20.93	25.10
1.168	20.94	25.10
1.167	20.94	25.10
1.167	20.94	25.10
1.167	20.94	25.10
1.167	20.94	25.10
1.167	20.95	25.10
1.167	20.96	25.10
1.167	20.96	25.10
1.167	20.96	25.10
1.167	20.96	25.10
1.166	20.96	25.10
1.166	20.96	25.10
1.166	20.98	25.10
1.166	20.98	25.10
1.166	21.00	25.10
1.166	20.98	25.10
1.166	20.98	25.10
1.166	20.98	25.10
1.166	20.98	25.10
1.165	20.98	25.10
1.165	20.98	25.10
1.165	20.99	25.10
1.165	21.00	25.10
1.165	21.00	25.10
1.165	20.99	25.10
1.165	21.00	25.10
1.165	21.00	25.10
1.165	21.00	25.10
1.165	21.00	25.10
1.165	21.00	25.10
1.165	21.00	25.10
1.165	21.00	25.10
1.165	21.00	25.10
1.165	21.00	25.10
1.165	21.00	25.10
1.165	21.00	25.10
1.165	21.00	25.10
1.165	21.00	25.10
1.165	21.00	25.10
1.164	21.00	25.10
1.165	21.00	25.10
1.164	21.00	25.10
1.164	21.00	25.10
1.164	21.01	25.10
1.164	21.02	25.10
1.164	21.02	25.10
1.163	21.02	25.10
1.163	21.02	25.10
1.163	21.02	25.10
1.163	21.02	25.10
1.163	21.02	25.10
1.163	21.03	25.10
1.163	21.02	25.10
1.163	21.03	25.10
1.163	21.04	25.10
1.162	21.04	25.10
1.162	21.04	25.10
1.162	21.04	25.10
1.162	21.04	25.10
1.162	21.06	25.10
1.162	21.05	25.10
1.161	21.05	25.10
1.161	21.07	25.10
1.161	21.07	25.10
1.161	21.07	25.10
1.160	21.07	25.10
1.160	21.06	25.10
1.159	21.07	25.10
1.159	21.08	25.10
1.159	21.08	25.10
1.159	21.08	25.10
1.159	21.09	25.10
1.159	21.10	25.10
1.159	21.09	25.10
1.158	21.10	25.10
1.158	21.11	25.10
1.157	21.12	25.10
1.157	21.11	25.10
1.157	21.11	25.10
1.157	21.12	25.10
1.157	21.13	25.10
1.156	21.13	25.10
1.156	21.13	25.10
1.156	21.14	25.10
1.156	21.14	25.10
1.156	21.13	25.10
1.156	21.15	25.10
1.156	21.15	25.10
1.156	21.15	25.10
1.155	21.15	25.10
1.155	21.15	25.10
1.155	21.17	25.10
1.155	21.18	25.10
1.154	21.19	25.10
1.154	21.21	25.10
1.154	21.21	25.10
1.154	21.21	25.10
1.154	21.21	25.10
1.154	21.21	25.10
1.153	21.20	25.10
1.153	21.20	25.10
1.153	21.20	25.10
1.153	21.19	25.10
1.153	21.21	25.10
1.153	21.21	25.10
1.153	21.22	25.10
1.153	21.23	25.10
1.153	21.23	25.10
1.152	21.23	25.10
1.152	21.23	25.10
1.152	21.23	25.10
1.152	21.24	25.10
1.152	21.24	25.10
1.152	21.25	25.10
1.152	21.26	25.10
1.152	21.26	25.10
1.152	21.26	25.10
1.151	21.27	25.10
1.151	21.28	25.10
1.151	21.27	25.10
1.151	21.27	25.10
1.151	21.27	25.10
1.150	21.27	25.10
1.150	21.27	25.10
1.150	21.28	25.10
1.150	21.29	25.10
1.150	21.29	25.10
1.149	21.30	25.10
1.149	21.30	25.10
1.149	21.30	25.10
1.149	21.30	25.10
1.149	21.30	25.10
1.149	21.31	25.10
1.149	21.32	25.10
1.149	21.32	25.10
1.149	21.32	25.10
1.149	21.32	25.10
1.148	21.32	25.10
1.148	21.32	25.10
1.148	21.33	25.10
1.148	21.34	25.10
1.148	21.34	25.10
1.148	21.34	25.10
1.148	21.34	25.10
1.148	21.34	25.10
1.147	21.34	25.10
1.147	21.35	25.10
1.147	21.36	25.10
1.147	21.36	25.10
1.147	21.34	25.10
1.146	21.34	25.10
1.146	21.35	25.10
1.146	21.38	25.10
1.146	21.38	25.10
1.145	21.38	25.10
1.145	21.40	25.10
1.145	21.40	25.10
1.145	21.40	25.10
1.145	21.41	25.10
1.145	21.41	25.10
1.144	21.41	25.10
1.144	21.41	25.10
1.144	21.41	25.10
1.144	21.41	25.10
1.143	21.41	25.10
1.143	21.42	25.10
1.143	21.45	25.10
1.143	21.45	25.10
1.143	21.45	25.10
1.143	21.45	25.10
1.143	21.45	25.10
1.143	21.44	25.10
1.143	21.45	25.10
1.143	21.45	25.10
1.142	21.45	25.10
1.142	21.45	25.10
1.143	21.45	25.10
1.142	21.45	25.10
1.142	21.45	25.10
1.142	21.45	25.10
1.142	21.45	25.10
1.142	21.45	25.10
1.142	21.45	25.10
1.142	21.45	25.10
1.142	21.45	25.10
1.142	21.45	25.10
1.142	21.45	25.10
1.142	21.45	25.10
1.142	21.46	25.10
1.142	21.47	25.10
1.142	21.47	25.10
1.142	21.47	25.10
1.142	21.47	25.10
1.142	21.47	25.10
1.142	21.47	25.10
1.142	21.47	25.10
1.142	21.47	25.10
1.142	21.47	25.10
1.142	21.47	25.10
1.142	21.47	25.10
1.142	21.47	25.10
1.142	21.47	25.10
1.142	21.45	25.10
1.142	21.45	25.10
1.142	21.45	25.10
1.142	21.46	25.10
1.142	21.48	25.10
1.142	21.48	25.10
1.142	21.48	25.10
1.142	21.48	25.10
1.142	21.49	25.10
1.141	21.49	25.10
1.141	21.49	25.10
1.141	21.49	25.10
1.141	21.49	25.10
1.140	21.49	25.10
1.140	21.49	25.10
1.140	21.51	25.10
1.140	21.51	25.10
1.139	21.51	25.10
1.139	21.51	25.10
1.139	21.52	25.10
1.138	21.52	25.10
1.138	21.52	25.10
1.138	21.53	25.10
1.138	21.54	25.10
1.138	21.54	25.10
1.137	21.54	25.10
1.137	21.55	25.10
1.137	21.56	25.10
1.136	21.56	25.10
1.136	21.56	25.10
1.136	21.56	25.10
1.136	21.57	25.10
1.136	21.58	25.10
1.135	21.57	25.10
1.135	21.57	25.10
1.135	21.58	25.10
1.135	21.58	25.10
1.135	21.58	25.10
1.135	21.58	25.10
1.135	21.58	25.10
1.135	21.58	25.10
1.134	21.59	25.10
1.134	21.58	25.10
1.134	21.58	25.10
1.134	21.58	25.10
1.134	21.59	25.10
1.134	21.59	25.10
1.134	21.58	25.10
1.133	21.56	25.10
1.133	21.59	25.10
1.133	21.62	25.10
1.133	21.64	25.10
1.133	21.64	25.10
1.133	21.64	25.10
1.133	21.64	25.10
1.132	21.64	25.10
1.132	21.64	25.10
1.132	21.62	25.10
1.132	21.62	25.10
1.132	21.63	25.10
1.131	21.62	25.10
1.130	21.64	25.10
1.130	21.68	25.10
1.130	21.67	25.10
1.130	21.68	25.10
1.130	21.70	25.10
1.129	21.70	25.10
1.129	21.70	25.10
1.129	21.72	25.10
1.128	21.72	25.10
1.128	21.74	25.10
1.128	21.76	25.10
1.128	21.76	25.10
1.127	21.76	25.10
1.127	21.76	25.10
1.126	21.76	25.10
1.126	21.78	25.10
1.126	21.78	25.10
1.126	21.78	25.10
1.125	21.78	25.10
1.125	21.78	25.10
1.125	21.78	25.10
1.125	21.79	25.10
1.124	21.80	25.10
1.124	21.82	25.10
1.123	21.81	25.10
1.123	21.81	25.10
1.123	21.82	25.10
1.123	21.81	25.10
1.123	21.81	25.10
1.123	21.82	25.10
1.123	21.83	25.10
1.123	21.84	25.10
1.122	21.85	25.10
1.122	21.86	25.10
1.122	21.85	25.10
1.122	21.85	25.10
1.122	21.86	25.10
1.122	21.86	25.10
1.121	21.87	25.10
1.121	21.87	25.10
1.121	21.87	25.10
1.121	21.88	25.10
1.121	21.89	25.10
1.121	21.89	25.10
1.121	21.89	25.10
1.121	21.89	25.10
1.120	21.88	25.10
1.120	21.88	25.10
1.120	21.88	25.10
1.120	21.90	25.10
1.120	21.90	25.10
1.120	21.91	25.10
1.119	21.93	25.10
1.119	21.93	25.10
1.119	21.93	25.10
1.119	21.93	25.10
1.119	21.93	25.10
1.119	21.95	25.10
1.119	21.95	25.10
1.119	21.94	25.10
1.119	21.94	25.10
1.118	21.95	25.10
1.118	21.96	25.10
1.118	21.97	25.10
1.118	21.97	25.10
1.118	21.97	25.10
1.118	21.98	25.10
1.118	21.99	25.10
1.117	21.99	25.10
1.117	21.99	25.10
1.117	21.99	25.10
1.117	21.99	25.10
1.117	21.99	25.10
1.117	21.99	25.10
1.117	22.01	25.10
1.116	22.01	25.10
1.116	22.01	25.10
1.116	22.01	25.10
1.115	22.03	25.10
1.115	22.03	25.10
1.115	22.03	25.10
1.115	22.03	25.10
1.115	22.04	25.10
1.114	22.05	25.10
1.113	22.05	25.10
1.113	22.05	25.10
1.113	22.10	25.10
1.113	22.10	25.10
1.112	22.10	25.10
1.112	22.12	25.10
1.112	22.11	25.10
1.112	22.13	25.10
1.112	22.11	25.10
1.112	22.14	25.10
1.111	22.13	25.10
1.111	22.10	25.10
1.111	22.12	25.10
1.111	22.13	25.10
1.110	22.14	25.10
1.110	22.19	25.10
1.110	22.18	25.10
1.110	22.15	25.10
1.110	22.25	25.10
1.109	22.28	25.10
1.108	22.30	25.10
1.108	22.27	25.10
1.108	22.26	25.10
1.107	22.29	25.10
1.107	22.35	25.10
1.107	22.34	25.10
1.107	22.34	25.10
1.106	22.32	25.10
1.106	22.35	25.10
1.106	22.34	25.10
1.106	22.31	25.10
1.105	22.33	25.10
1.105	22.34	25.10
1.105	22.38	25.10
1.105	22.35	25.10
1.105	22.35	25.10
1.105	22.35	25.10
1.105	22.35	25.10
1.105	22.35	25.10
1.105	22.35	25.10
1.104	22.36	25.10
1.104	22.39	25.10
1.103	22.38	25.10
1.103	22.35	25.10
1.102	22.35	25.10
1.102	22.39	25.10
1.101	22.39	25.10
1.101	22.39	25.10
1.100	22.39	25.10
1.100	22.39	25.10
1.100	22.38	25.10
1.100	22.33	25.10
1.100	22.33	25.10
1.099	22.36	25.10
1.099	22.35	25.10
1.099	22.37	25.10
1.099	22.39	25.10
1.099	22.39	25.10
1.099	22.40	25.10
1.098	22.43	25.10
1.098	22.44	25.10
1.097	22.48	25.10
1.097	22.48	25.10
1.097	22.51	25.10
1.097	22.49	25.10
1.097	22.49	25.10
1.096	22.50	25.10
1.096	22.52	25.10
1.096	22.51	25.10
1.096	22.50	25.10
1.096	22.52	25.10
1.096	22.52	25.10
1.096	22.52	25.10
1.096	22.52	25.10
1.095	22.52	25.10
1.095	22.52	25.10
1.095	22.52	25.10
1.095	22.52	25.10
1.094	22.52	25.10
1.094	22.52	25.10
1.094	22.52	25.10
1.094	22.52	25.10
1.093	22.52	25.10
1.093	22.52	25.10
1.093	22.52	25.10
1.093	22.52	25.10
1.093	22.52	25.10
1.092	22.52	25.10
1.092	22.52	25.10
1.092	22.52	25.10
1.092	22.52	25.10
1.091	22.52	25.10
1.091	22.52	25.10
1.091	22.52	25.10
1.090	22.52	25.10
1.090	22.52	25.10
1.090	22.52	25.10
1.089	22.52	25.10
1.089	22.52	25.10
1.089	22.52	25.10
1.088	22.52	25.10
1.088	22.52	25.10
1.088	22.52	25.10
1.087	22.52	25.10
1.087	22.52	25.10
1.087	22.52	25.10
1.087	22.52	25.10
1.087	22.52	25.10
1.086	22.52	25.10
1.086	22.52	25.10
1.086	22.52	25.10
1.086	22.52	25.10
1.086	22.52	25.10
1.086	22.52	25.10
1.085	22.52	25.10
1.086	22.52	25.10
1.086	22.52	25.10
1.085	22.52	25.10
1.085	22.52	25.10
1.085	22.52	25.10
1.085	22.52	25.10
1.085	22.52	25.10
1.084	22.52	25.10
1.084	22.52	25.10
1.084	22.52	25.10
1.084	22.52	25.10
1.084	22.52	25.10
1.083	22.52	25.10
1.083	22.52	25.10
1.083	22.52	25.10
1.083	22.52	25.10
1.083	22.52	25.10
1.082	22.52	25.10
1.082	22.52	25.10
1.082	22.52	25.10
1.081	22.52	25.10
1.081	22.52	25.10
1.081	22.52	25.10
1.081	22.52	25.10
1.081	22.52	25.10
1.081	22.52	25.10
1.081	22.52	25.10
1.080	22.52	25.10
1.080	22.52	25.10
1.080	22.52	25.10
1.080	22.52	25.10
1.080	22.52	25.10
1.080	22.52	25.10
1.080	22.52	25.10
1.080	22.52	25.10
1.080	22.52	25.10
1.080	22.52	25.10
1.080	22.52	25.10
1.080	22.52	25.10
1.080	22.52	25.10
1.080	22.52	25.10
1.081	22.52	25.10
1.081	22.52	25.10
1.081	22.52	25.10
1.080	22.52	25.10
1.080	22.52	25.10
1.081	22.52	25.10
1.081	22.52	25.10
1.081	22.52	25.10
1.080	22.52	25.10
1.080	22.52	25.10
1.081	22.52	25.10
1.081	22.52	25.10
1.080	22.52	25.10
