1.169	21.47	35.01
1.170	21.45	35.01
1.170	21.45	35.01
1.170	21.45	35.01
1.170	21.45	35.02
1.171	21.43	35.02
1.171	21.43	35.02
1.171	21.41	35.02
1.172	21.43	35.03
1.172	21.42	35.03
1.173	21.39	35.03
1.173	21.36	35.03
1.173	21.36	35.04
1.173	21.38	35.04
1.174	21.34	35.04
1.174	21.32	35.04
1.174	21.31	35.05
1.175	21.30	35.05
1.175	21.32	35.05
1.175	21.32	35.05
1.176	21.29	35.06
1.176	21.30	35.06
1.176	21.30	35.06
1.176	21.31	35.06
1.177	21.29	35.06
1.177	21.28	35.07
1.178	21.28	35.07
1.178	21.28	35.07
1.178	21.28	35.07
1.178	21.28	35.08
1.178	21.27	35.08
1.179	21.26	35.08
1.179	21.26	35.08
1.179	21.26	35.09
1.180	21.25	35.09
1.180	21.23	35.09
1.180	21.24	35.09
1.180	21.24	35.10
1.181	21.20	35.10
1.181	21.21	35.10
1.181	21.19	35.10
1.182	21.20	35.11
1.182	21.18	35.11
1.183	21.17	35.11
1.183	21.19	35.11
1.183	21.19	35.12
1.183	21.19	35.12
1.184	21.18	35.12
1.184	21.14	35.12
1.184	21.16	35.13
1.184	21.14	35.13
1.184	21.13	35.13
1.185	21.13	35.13
1.185	21.13	35.14
1.185	21.14	35.14
1.185	21.15	35.14
1.186	21.15	35.14
1.186	21.14	35.15
1.186	21.13	35.15
1.186	21.13	35.15
1.186	21.13	35.15
1.186	21.12	35.16
1.186	21.10	35.16
1.187	21.09	35.16
1.187	21.08	35.16
1.187	21.09	35.17
1.188	21.08	35.17
1.188	21.08	35.17
1.188	21.08	35.17
1.188	21.08	35.18
1.188	21.08	35.18
1.189	21.08	35.18
1.189	21.08	35.18
1.189	21.07	35.19
1.189	21.06	35.19
1.189	21.06	35.19
1.189	21.06	35.19
1.189	21.06	35.19
1.190	21.05	35.20
1.190	21.04	35.20
1.190	21.04	35.20
1.190	21.04	35.20
1.190	21.04	35.20
1.191	21.04	35.21
1.191	21.03	35.21
1.191	21.03	35.21
1.191	21.03	35.21
1.191	21.02	35.21
1.191	21.01	35.22
1.191	21.00	35.22
1.191	21.00	35.22
1.191	21.00	35.22
1.192	21.00	35.22
1.192	21.00	35.23
1.192	21.01	35.23
1.193	21.02	35.23
1.193	21.01	35.23
1.193	21.00	35.23
1.193	21.00	35.24
1.193	21.00	35.24
1.193	21.00	35.24
1.193	21.00	35.24
1.194	21.00	35.25
1.194	21.00	35.25
1.194	20.99	35.25
1.194	20.98	35.25
1.195	20.97	35.25
1.195	20.96	35.25
1.195	20.96	35.26
1.195	20.96	35.26
1.195	20.96	35.26
1.195	20.96	35.26
1.196	20.95	35.26
1.196	20.94	35.26
1.196	20.94	35.27
1.196	20.93	35.27
1.197	20.93	35.27
1.197	20.92	35.27
1.197	20.92	35.27
1.197	20.91	35.27
1.197	20.89	35.28
1.198	20.88	35.28
1.198	20.87	35.28
1.198	20.87	35.28
1.199	20.87	35.28
1.199	20.86	35.28
1.199	20.85	35.28
1.199	20.85	35.29
1.199	20.85	35.29
1.199	20.85	35.29
1.199	20.85	35.29
1.200	20.85	35.29
1.200	20.85	35.29
1.200	20.84	35.29
1.200	20.84	35.30
1.200	20.84	35.30
1.200	20.84	35.30
1.200	20.84	35.30
1.200	20.84	35.30
1.201	20.86	35.30
1.201	20.85	35.30
1.201	20.85	35.30
1.202	20.85	35.30
1.202	20.85	35.31
1.202	20.85	35.31
1.202	20.84	35.31
1.202	20.83	35.31
1.202	20.82	35.31
1.202	20.81	35.31
1.203	20.80	35.31
1.203	20.79	35.31
1.203	20.79	35.31
1.203	20.79	35.32
1.204	20.77	35.32
1.204	20.77	35.32
1.204	20.77	35.32
1.205	20.78	35.32
1.205	20.78	35.32
1.205	20.77	35.32
1.205	20.77	35.32
1.205	20.77	35.32
1.205	20.77	35.32
1.205	20.75	35.32
1.205	20.75	35.32
1.205	20.76	35.32
1.206	20.75	35.33
1.206	20.77	35.33
1.206	20.76	35.33
1.206	20.75	35.33
1.206	20.74	35.33
1.206	20.73	35.33
1.206	20.74	35.33
1.206	20.73	35.33
1.207	20.74	35.33
1.207	20.72	35.33
1.207	20.71	35.33
1.207	20.71	35.33
1.207	20.72	35.33
1.207	20.73	35.33
1.207	20.73	35.33
1.208	20.73	35.33
1.208	20.73	35.34
1.208	20.72	35.34
1.208	20.71	35.34
1.208	20.69	35.34
1.208	20.69	35.34
1.209	20.69	35.34
1.209	20.69	35.34
1.209	20.71	35.34
1.209	20.71	35.34
1.209	20.70	35.34
1.210	20.71	35.34
1.210	20.71	35.34
1.210	20.71	35.34
1.210	20.70	35.34
1.210	20.69	35.34
1.210	20.68	35.34
1.210	20.67	35.34
1.210	20.67	35.34
1.210	20.67	35.34
1.210	20.67	35.34
1.210	20.67	35.34
1.211	20.67	35.34
1.210	20.67	35.34
1.211	20.67	35.35
1.211	20.67	35.35
1.211	20.67	35.35
1.211	20.67	35.35
1.211	20.66	35.35
1.212	20.64	35.35
1.212	20.64	35.35
1.212	20.64	35.35
1.212	20.63	35.35
1.213	20.63	35.35
1.213	20.62	35.35
1.213	20.63	35.35
1.213	20.63	35.35
1.213	20.62	35.35
1.213	20.62	35.35
1.214	20.62	35.35
1.214	20.62	35.35
1.214	20.61	35.35
1.214	20.61	35.35
1.215	20.61	35.35
1.215	20.60	35.35
1.215	20.60	35.35
1.215	20.59	35.35
1.215	20.58	35.35
1.215	20.58	35.35
1.216	20.58	35.35
1.216	20.57	35.35
1.216	20.57	35.35
1.216	20.57	35.35
1.216	20.56	35.35
1.217	20.55	35.35
1.217	20.55	35.35
1.217	20.55	35.35
1.217	20.55	35.35
1.217	20.55	35.35
1.218	20.55	35.35
1.218	20.55	35.36
1.218	20.54	35.36
1.218	20.53	35.36
1.218	20.53	35.36
1.219	20.53	35.36
1.219	20.51	35.36
1.219	20.50	35.36
1.219	20.50	35.36
1.220	20.51	35.36
1.220	20.49	35.36
1.220	20.48	35.36
1.220	20.48	35.36
1.221	20.47	35.36
1.221	20.45	35.36
1.221	20.45	35.36
1.221	20.45	35.36
1.221	20.45	35.36
1.222	20.45	35.36
1.222	20.45	35.36
1.222	20.45	35.36
1.222	20.45	35.36
1.222	20.45	35.36
1.222	20.45	35.36
1.222	20.44	35.36
1.222	20.45	35.36
1.222	20.43	35.36
1.223	20.43	35.36
1.223	20.43	35.36
1.223	20.43	35.36
1.223	20.43	35.36
1.223	20.43	35.36
1.223	20.43	35.36
1.223	20.43	35.36
1.223	20.42	35.36
1.223	20.43	35.36
1.224	20.41	35.36
1.224	20.41	35.36
1.224	20.40	35.36
1.224	20.37	35.36
1.224	20.36	35.36
1.225	20.36	35.36
1.225	20.34	35.36
1.225	20.35	35.36
1.225	20.35	35.36
1.225	20.35	35.36
1.225	20.35	35.36
1.225	20.36	35.36
1.225	20.37	35.36
1.226	20.37	35.36
1.226	20.36	35.36
1.226	20.34	35.36
1.226	20.35	35.36
1.226	20.36	35.36
1.226	20.36	35.36
1.226	20.36	35.36
1.227	20.36	35.36
1.227	20.36	35.36
1.227	20.36	35.36
1.227	20.35	35.36
1.227	20.34	35.36
1.227	20.35	35.36
1.227	20.33	35.36
1.227	20.34	35.36
1.227	20.34	35.36
1.228	20.33	35.36
1.228	20.35	35.36
1.228	20.35	35.36
1.228	20.34	35.36
1.228	20.33	35.36
1.228	20.33	35.36
1.228	20.33	35.36
1.228	20.33	35.36
1.228	20.32	35.36
1.229	20.29	35.36
1.229	20.28	35.36
1.229	20.29	35.36
1.229	20.29	35.36
1.229	20.29	35.36
1.229	20.28	35.36
1.229	20.29	35.36
1.229	20.31	35.36
1.229	20.30	35.36
1.230	20.27	35.36
1.230	20.27	35.36
1.230	20.28	35.36
1.230	20.29	35.36
1.230	20.28	35.36
1.230	20.26	35.36
1.230	20.24	35.36
1.230	20.26	35.36
1.231	20.24	35.36
1.231	20.25	35.36
1.231	20.25	35.36
1.231	20.23	35.36
1.232	20.23	35.36
1.232	20.22	35.36
1.233	20.24	35.36
1.233	20.22	35.36
1.233	20.21	35.36
1.233	20.20	35.36
1.234	20.18	35.36
1.234	20.19	35.36
1.234	20.19	35.36
1.234	20.19	35.36
1.234	20.19	35.36
1.235	20.21	35.36
1.235	20.19	35.36
1.235	20.19	35.36
1.235	20.20	35.36
1.235	20.21	35.36
1.235	20.19	35.36
1.235	20.18	35.36
1.235	20.16	35.36
1.235	20.16	35.36
1.236	20.16	35.36
1.236	20.15	35.36
1.236	20.15	35.36
1.236	20.17	35.36
1.236	20.17	35.36
1.236	20.16	35.36
1.236	20.17	35.36
1.236	20.18	35.36
1.236	20.17	35.36
1.236	20.15	35.36
1.236	20.15	35.36
1.236	20.14	35.36
1.236	20.14	35.36
1.236	20.14	35.36
1.236	20.14	35.36
1.236	20.14	35.36
1.236	20.14	35.36
1.236	20.14	35.36
1.236	20.14	35.36
1.237	20.14	35.36
1.237	20.14	35.36
1.237	20.14	35.36
1.237	20.14	35.36
1.237	20.14	35.36
1.237	20.15	35.36
1.237	20.15	35.36
1.237	20.15	35.36
1.237	20.15	35.36
1.237	20.15	35.36
1.237	20.15	35.36
1.238	20.13	35.36
1.238	20.12	35.36
1.238	20.12	35.36
1.238	20.12	35.36
1.238	20.13	35.36
1.238	20.12	35.36
1.238	20.12	35.36
1.238	20.12	35.36
1.238	20.13	35.36
1.239	20.12	35.36
1.239	20.12	35.36
1.239	20.12	35.36
1.239	20.11	35.36
1.239	20.11	35.36
1.239	20.11	35.36
1.239	20.10	35.36
1.239	20.10	35.36
1.239	20.10	35.36
1.240	20.10	35.36
1.240	20.10	35.36
1.240	20.09	35.36
1.240	20.09	35.36
1.240	20.09	35.36
1.240	20.09	35.36
1.240	20.09	35.36
1.240	20.09	35.36
1.240	20.08	35.36
1.240	20.08	35.36
1.240	20.07	35.36
1.241	20.07	35.36
1.241	20.07	35.36
1.241	20.07	35.36
1.241	20.08	35.36
1.241	20.07	35.36
1.241	20.07	35.36
1.242	20.06	35.36
1.242	20.06	35.36
1.242	20.06	35.36
1.242	20.06	35.36
1.242	20.05	35.36
1.242	20.04	35.36
1.242	20.04	35.36
1.243	20.04	35.36
1.243	20.04	35.36
1.243	20.04	35.36
1.243	20.04	35.36
1.244	20.04	35.36
1.244	20.04	35.36
1.244	20.04	35.36
1.244	20.04	35.36
1.244	20.04	35.36
1.244	20.04	35.36
1.244	20.04	35.36
1.244	20.04	35.36
1.245	20.04	35.36
1.245	20.04	35.36
1.245	20.02	35.36
1.245	20.01	35.36
1.245	20.01	35.36
1.245	20.01	35.36
1.245	20.00	35.36
1.246	19.99	35.36
1.246	19.99	35.36
1.246	19.99	35.36
1.246	19.99	35.36
1.246	19.99	35.36
1.247	19.98	35.36
1.247	19.97	35.36
1.247	19.96	35.36
1.247	19.96	35.36
1.247	19.96	35.36
1.248	19.95	35.36
1.248	19.96	35.36
1.248	19.94	35.36
1.248	19.93	35.36
1.248	19.94	35.36
1.248	19.93	35.36
1.249	19.92	35.36
1.249	19.92	35.36
1.249	19.92	35.36
1.249	19.91	35.36
1.249	19.90	35.36
1.249	19.90	35.36
1.249	19.90	35.35
1.250	19.90	35.35
1.250	19.89	35.35
1.250	19.90	35.35
1.250	19.90	35.35
1.250	19.89	35.35
1.250	19.89	35.35
1.250	19.89	35.35
1.250	19.89	35.35
1.251	19.88	35.35
1.251	19.87	35.35
1.251	19.86	35.35
1.251	19.87	35.35
1.251	19.87	35.35
1.251	19.86	35.35
1.252	19.86	35.35
1.252	19.86	35.35
1.252	19.86	35.35
1.252	19.87	35.35
1.252	19.86	35.35
1.252	19.85	35.35
1.253	19.86	35.35
1.253	19.85	35.35
1.253	19.85	35.35
1.253	19.84	35.35
1.253	19.86	35.35
1.253	19.86	35.35
1.253	19.86	35.35
1.253	19.86	35.35
1.253	19.85	35.35
1.254	19.84	35.35
1.254	19.84	35.35
1.254	19.85	35.35
1.254	19.86	35.35
1.254	19.86	35.35
1.254	19.86	35.35
1.254	19.84	35.35
1.254	19.82	35.35
1.254	19.82	35.35
1.255	19.82	35.35
1.255	19.83	35.35
1.255	19.83	35.35
1.255	19.83	35.35
1.255	19.82	35.35
1.256	19.81	35.35
1.256	19.81	35.35
1.256	19.78	35.35
1.256	19.76	35.35
1.257	19.77	35.35
1.257	19.75	35.35
1.257	19.76	35.35
1.257	19.76	35.35
1.257	19.77	35.35
1.257	19.77	35.35
1.257	19.78	35.35
1.257	19.77	35.35
1.257	19.77	35.35
1.258	19.76	35.35
1.258	19.75	35.35
1.258	19.76	35.35
1.258	19.76	35.35
1.258	19.75	35.35
1.258	19.75	35.35
1.258	19.75	35.35
1.258	19.74	35.35
1.258	19.74	35.35
1.258	19.74	35.35
1.259	19.74	35.35
1.259	19.74	35.35
1.259	19.74	35.35
1.259	19.74	35.35
1.259	19.74	35.35
1.259	19.74	35.35
1.259	19.71	35.35
1.260	19.73	35.35
1.260	19.71	35.35
1.260	19.70	35.35
1.260	19.70	35.35
1.260	19.70	35.35
1.261	19.71	35.35
1.261	19.69	35.35
1.261	19.69	35.35
1.261	19.69	35.35
1.261	19.71	35.35
1.261	19.72	35.35
1.262	19.72	35.35
1.262	19.72	35.35
1.262	19.72	35.35
1.262	19.72	35.35
1.262	19.72	35.35
1.262	19.69	35.35
1.262	19.68	35.35
1.262	19.67	35.35
1.263	19.66	35.35
1.263	19.67	35.35
1.263	19.66	35.35
1.263	19.66	35.35
1.263	19.66	35.35
1.263	19.66	35.35
1.263	19.65	35.34
1.263	19.65	35.34
1.263	19.65	35.34
1.263	19.64	35.34
1.263	19.64	35.34
1.264	19.64	35.34
1.264	19.64	35.34
1.264	19.64	35.34
1.264	19.64	35.34
1.264	19.64	35.34
1.264	19.64	35.34
1.264	19.64	35.34
1.265	19.62	35.34
1.265	19.61	35.34
1.265	19.62	35.34
1.265	19.61	35.34
1.265	19.61	35.34
1.265	19.60	35.34
1.266	19.60	35.34
1.266	19.60	35.34
1.266	19.61	35.34
1.266	19.60	35.34
1.266	19.58	35.34
1.266	19.57	35.34
1.267	19.56	35.34
1.267	19.56	35.34
1.267	19.56	35.34
1.267	19.56	35.34
1.267	19.56	35.34
1.267	19.56	35.34
1.267	19.56	35.34
1.268	19.55	35.34
1.268	19.55	35.34
1.268	19.56	35.34
1.268	19.57	35.34
1.268	19.57	35.34
1.268	19.57	35.34
1.269	19.58	35.34
1.269	19.58	35.34
1.269	19.58	35.34
1.269	19.57	35.34
1.269	19.57	35.34
1.269	19.58	35.34
1.270	19.57	35.34
1.270	19.56	35.34
1.270	19.56	35.34
1.270	19.56	35.34
1.270	19.55	35.34
1.270	19.55	35.34
1.270	19.54	35.34
1.270	19.55	35.34
1.271	19.55	35.34
1.271	19.55	35.34
1.271	19.55	35.34
1.271	19.55	35.34
1.271	19.55	35.34
1.271	19.55	35.34
1.271	19.55	35.34
1.271	19.55	35.34
1.271	19.54	35.34
1.271	19.53	35.34
1.272	19.53	35.34
1.272	19.53	35.34
1.272	19.53	35.34
1.272	19.52	35.34
1.272	19.52	35.34
1.273	19.52	35.34
1.273	19.52	35.34
1.273	19.52	35.34
1.273	19.51	35.34
1.274	19.49	35.34
1.275	19.49	35.34
1.275	19.49	35.34
1.275	19.47	35.34
1.276	19.47	35.34
1.277	19.45	35.34
1.278	19.42	35.34
1.279	19.39	35.34
1.280	19.39	35.34
1.280	19.39	35.34
1.280	19.38	35.34
1.280	19.40	35.34
1.281	19.41	35.34
1.281	19.40	35.34
1.281	19.38	35.34
1.282	19.37	35.34
1.282	19.38	35.34
1.282	19.37	35.34
1.282	19.34	35.34
1.282	19.35	35.34
1.282	19.36	35.34
1.282	19.35	35.34
1.283	19.35	35.34
1.283	19.35	35.34
1.284	19.33	35.33
1.285	19.32	35.34
1.285	19.30	35.33
1.285	19.29	35.33
1.285	19.29	35.33
1.285	19.29	35.33
1.285	19.30	35.33
1.285	19.31	35.33
1.286	19.30	35.33
1.286	19.27	35.33
1.287	19.28	35.33
1.287	19.29	35.33
1.287	19.28	35.33
1.287	19.27	35.33
1.288	19.26	35.33
1.288	19.25	35.33
1.288	19.25	35.33
1.288	19.25	35.33
1.288	19.26	35.33
1.288	19.26	35.33
1.288	19.27	35.33
1.288	19.26	35.33
1.289	19.24	35.33
1.289	19.23	35.33
1.289	19.24	35.33
1.289	19.24	35.33
1.290	19.23	35.33
1.290	19.22	35.33
1.290	19.21	35.33
1.291	19.21	35.33
1.291	19.21	35.33
1.291	19.19	35.33
1.291	19.18	35.33
1.292	19.19	35.33
1.291	19.19	35.33
1.292	19.18	35.33
1.292	19.19	35.33
1.292	19.19	35.33
1.292	19.17	35.33
1.293	19.16	35.33
1.293	19.16	35.33
1.293	19.15	35.33
1.294	19.16	35.33
1.294	19.16	35.33
1.294	19.15	35.33
1.295	19.15	35.33
1.295	19.14	35.33
1.295	19.14	35.33
1.295	19.13	35.33
1.295	19.14	35.33
1.296	19.14	35.33
1.296	19.14	35.33
1.296	19.14	35.33
1.296	19.13	35.33
1.296	19.13	35.33
1.296	19.13	35.33
1.297	19.13	35.33
1.297	19.13	35.33
1.297	19.13	35.33
1.297	19.13	35.33
1.297	19.13	35.33
1.298	19.10	35.33
1.298	19.09	35.33
1.298	19.09	35.33
1.299	19.09	35.33
1.299	19.09	35.33
1.299	19.08	35.33
1.299	19.08	35.33
1.300	19.08	35.33
1.300	19.08	35.33
1.300	19.08	35.33
1.300	19.07	35.33
1.300	19.06	35.33
1.301	19.06	35.33
1.301	19.06	35.33
1.302	19.06	35.33
1.302	19.05	35.33
1.302	19.03	35.33
1.303	19.02	35.33
1.303	19.01	35.33
1.304	19.01	35.33
1.304	19.01	35.33
1.304	19.01	35.33
1.305	18.99	35.33
1.305	18.98	35.33
1.305	18.98	35.33
1.306	18.98	35.33
1.306	18.97	35.33
1.307	18.97	35.33
1.307	18.95	35.33
1.308	18.93	35.33
1.308	18.92	35.33
1.308	18.92	35.33
1.309	18.91	35.33
1.309	18.91	35.33
1.309	18.91	35.33
1.309	18.91	35.33
1.309	18.91	35.33
1.309	18.91	35.33
1.310	18.90	35.33
1.310	18.91	35.33
1.310	18.90	35.33
1.310	18.91	35.33
1.311	18.90	35.33
1.311	18.89	35.33
1.311	18.88	35.33
1.311	18.87	35.33
1.312	18.87	35.33
1.312	18.87	35.33
1.312	18.87	35.33
1.313	18.86	35.32
1.313	18.86	35.32
1.313	18.86	35.32
1.313	18.84	35.32
1.313	18.83	35.32
1.314	18.82	35.32
1.314	18.82	35.32
1.314	18.83	35.32
1.314	18.82	35.32
1.314	18.83	35.32
1.314	18.83	35.32
1.314	18.84	35.32
1.314	18.83	35.32
1.315	18.83	35.32
1.315	18.82	35.32
1.315	18.81	35.32
1.315	18.81	35.32
1.315	18.81	35.32
1.315	18.80	35.32
1.315	18.79	35.32
1.315	18.80	35.32
1.316	18.80	35.32
1.316	18.80	35.32
1.316	18.80	35.32
1.316	18.80	35.32
1.316	18.78	35.32
1.316	18.77	35.32
1.316	18.77	35.32
1.316	18.78	35.32
1.316	18.78	35.32
1.316	18.77	35.32
1.316	18.78	35.32
1.316	18.79	35.32
1.317	18.79	35.32
1.317	18.78	35.32
1.317	18.78	35.32
1.317	18.79	35.32
1.317	18.79	35.32
1.317	18.79	35.32
1.317	18.79	35.32
1.318	18.80	35.32
1.318	18.79	35.32
1.318	18.78	35.32
1.318	18.77	35.32
1.319	18.77	35.32
1.319	18.76	35.32
1.319	18.77	35.32
1.319	18.76	35.32
1.319	18.76	35.32
1.320	18.75	35.32
1.320	18.75	35.32
1.320	18.74	35.32
1.320	18.74	35.32
1.321	18.73	35.32
1.321	18.74	35.32
1.321	18.73	35.32
1.321	18.73	35.32
1.322	18.73	35.32
1.322	18.73	35.32
1.322	18.73	35.32
1.322	18.73	35.32
1.322	18.73	35.32
1.322	18.73	35.32
1.322	18.72	35.32
1.323	18.71	35.32
1.323	18.71	35.32
1.323	18.71	35.32
1.324	18.69	35.32
1.324	18.68	35.32
1.324	18.67	35.32
1.324	18.68	35.32
1.324	18.68	35.32
1.325	18.68	35.32
1.325	18.68	35.32
1.325	18.67	35.32
1.325	18.67	35.32
1.325	18.67	35.32
1.326	18.67	35.32
1.326	18.67	35.32
1.326	18.66	35.32
1.326	18.66	35.32
1.326	18.66	35.32
1.327	18.65	35.32
1.327	18.62	35.32
1.327	18.62	35.32
1.327	18.62	35.32
1.327	18.61	35.32
1.327	18.61	35.32
1.327	18.61	35.31
1.328	18.61	35.31
1.328	18.61	35.31
1.328	18.59	35.31
1.328	18.57	35.31
1.329	18.57	35.31
1.329	18.57	35.31
1.329	18.58	35.31
1.330	18.59	35.31
1.330	18.59	35.31
1.330	18.59	35.31
1.330	18.59	35.31
1.331	18.59	35.31
1.331	18.59	35.31
1.331	18.59	35.31
1.331	18.58	35.31
1.332	18.57	35.31
1.332	18.57	35.31
1.332	18.57	35.31
1.332	18.56	35.31
1.333	18.55	35.31
1.333	18.55	35.31
1.334	18.56	35.31
1.334	18.56	35.31
1.334	18.55	35.31
1.334	18.54	35.31
1.334	18.53	35.31
1.334	18.53	35.31
1.335	18.52	35.31
1.335	18.52	35.31
1.335	18.53	35.31
1.336	18.52	35.31
1.336	18.52	35.31
1.336	18.52	35.31
1.336	18.50	35.31
1.337	18.50	35.31
1.337	18.49	35.31
1.337	18.48	35.31
1.337	18.48	35.31
1.338	18.47	35.31
1.338	18.48	35.31
1.338	18.47	35.31
1.338	18.47	35.31
1.338	18.45	35.31
1.339	18.45	35.31
1.339	18.44	35.31
1.339	18.43	35.31
1.339	18.44	35.31
1.340	18.45	35.31
1.340	18.44	35.31
1.340	18.43	35.31
1.340	18.44	35.31
1.341	18.43	35.31
1.341	18.43	35.31
1.341	18.42	35.31
1.341	18.42	35.31
1.342	18.42	35.31
1.342	18.40	35.31
1.342	18.41	35.31
1.343	18.40	35.31
1.343	18.39	35.31
1.343	18.39	35.31
1.343	18.39	35.31
1.344	18.39	35.31
1.344	18.37	35.31
1.344	18.37	35.31
1.344	18.38	35.31
1.344	18.37	35.31
1.344	18.36	35.31
1.345	18.38	35.31
1.345	18.38	35.31
1.345	18.38	35.31
1.345	18.38	35.31
1.345	18.38	35.31
1.345	18.38	35.31
1.345	18.36	35.31
1.346	18.36	35.31
1.346	18.37	35.31
1.346	18.36	35.31
1.346	18.35	35.31
1.347	18.34	35.31
1.347	18.33	35.31
1.347	18.31	35.31
1.347	18.32	35.31
1.347	18.32	35.31
1.347	18.33	35.31
1.348	18.33	35.31
1.348	18.32	35.31
1.348	18.33	35.31
1.348	18.33	35.31
1.348	18.33	35.31
1.348	18.33	35.30
1.348	18.33	35.30
1.348	18.33	35.30
1.348	18.32	35.30
1.348	18.32	35.30
1.348	18.32	35.30
1.348	18.31	35.30
1.348	18.32	35.30
1.348	18.32	35.30
1.349	18.32	35.30
1.348	18.32	35.30
1.349	18.31	35.30
1.348	18.31	35.30
1.349	18.30	35.30
1.349	18.30	35.30
1.350	18.31	35.30
1.350	18.30	35.30
1.350	18.30	35.30
1.350	18.30	35.30
1.350	18.30	35.30
1.350	18.30	35.30
1.351	18.30	35.30
1.351	18.29	35.30
1.351	18.29	35.30
1.351	18.28	35.30
1.351	18.28	35.30
1.351	18.27	35.30
1.351	18.28	35.30
1.351	18.29	35.30
1.351	18.28	35.30
1.351	18.28	35.30
1.352	18.27	35.30
1.352	18.27	35.30
1.352	18.28	35.30
1.352	18.27	35.30
1.352	18.27	35.30
1.352	18.27	35.30
1.352	18.27	35.30
1.352	18.27	35.30
1.353	18.27	35.30
1.353	18.27	35.30
1.353	18.26	35.30
1.354	18.25	35.30
1.354	18.24	35.30
1.355	18.24	35.30
1.355	18.23	35.30
1.355	18.24	35.30
1.355	18.23	35.30
1.355	18.23	35.30
1.356	18.23	35.30
1.356	18.23	35.30
1.357	18.22	35.30
1.357	18.22	35.30
1.357	18.22	35.30
1.358	18.21	35.30
1.358	18.21	35.30
1.359	18.20	35.30
1.359	18.20	35.30
1.359	18.20	35.30
1.359	18.20	35.30
1.359	18.19	35.30
1.360	18.19	35.30
1.360	18.18	35.30
1.360	18.17	35.30
1.361	18.16	35.30
1.361	18.16	35.30
1.362	18.16	35.30
1.362	18.16	35.30
1.363	18.16	35.30
1.363	18.15	35.30
1.363	18.15	35.30
1.363	18.15	35.30
1.363	18.15	35.30
1.363	18.15	35.30
1.363	18.15	35.30
1.363	18.15	35.30
1.363	18.15	35.30
1.363	18.14	35.30
1.364	18.14	35.30
1.365	18.13	35.30
1.366	18.12	35.30
1.366	18.12	35.30
1.367	18.13	35.30
1.367	18.12	35.30
1.367	18.11	35.30
1.368	18.10	35.30
1.368	18.09	35.30
1.368	18.09	35.30
1.368	18.09	35.30
1.369	18.09	35.30
1.369	18.08	35.30
1.370	18.07	35.30
1.370	18.07	35.30
1.370	18.05	35.30
1.371	18.04	35.30
1.371	18.03	35.30
1.372	18.03	35.30
1.372	18.02	35.29
1.373	18.02	35.29
1.373	18.01	35.29
1.373	17.99	35.29
1.374	17.99	35.29
1.374	17.99	35.29
1.374	17.99	35.29
1.374	17.98	35.29
1.375	17.97	35.29
1.375	17.97	35.29
1.376	17.98	35.29
1.376	17.98	35.29
1.376	17.97	35.29
1.376	17.96	35.29
1.376	17.96	35.29
1.376	17.95	35.29
1.376	17.94	35.29
1.377	17.92	35.29
1.377	17.92	35.29
1.377	17.92	35.29
1.377	17.92	35.29
1.377	17.93	35.29
1.377	17.93	35.29
1.377	17.93	35.29
1.377	17.93	35.29
1.377	17.93	35.29
1.377	17.93	35.29
1.377	17.93	35.29
1.378	17.93	35.29
1.378	17.92	35.29
1.379	17.90	35.29
1.380	17.87	35.29
1.381	17.84	35.29
1.382	17.83	35.29
1.383	17.82	35.29
1.384	17.81	35.29
1.384	17.81	35.29
1.385	17.81	35.29
1.386	17.81	35.29
1.386	17.81	35.29
1.386	17.80	35.29
1.387	17.80	35.29
1.387	17.80	35.29
1.387	17.80	35.29
1.387	17.80	35.29
1.387	17.80	35.29
1.388	17.80	35.29
1.388	17.79	35.29
1.388	17.79	35.29
1.389	17.79	35.29
1.389	17.79	35.29
1.389	17.78	35.29
1.390	17.78	35.29
1.390	17.78	35.29
1.391	17.77	35.29
1.391	17.77	35.29
1.391	17.76	35.29
1.392	17.75	35.29
1.392	17.75	35.29
1.393	17.75	35.29
1.393	17.72	35.29
1.394	17.70	35.29
1.394	17.70	35.29
1.395	17.69	35.29
1.395	17.68	35.29
1.396	17.67	35.29
1.396	17.64	35.29
1.397	17.64	35.29
1.397	17.64	35.29
1.397	17.64	35.29
1.398	17.63	35.29
1.398	17.62	35.29
1.399	17.62	35.29
1.399	17.62	35.29
1.399	17.62	35.29
1.399	17.61	35.29
1.399	17.61	35.29
1.400	17.60	35.29
1.400	17.59	35.29
1.400	17.58	35.29
1.401	17.58	35.29
1.401	17.57	35.29
1.401	17.57	35.29
1.402	17.57	35.29
1.402	17.56	35.29
1.402	17.56	35.29
1.402	17.56	35.29
1.402	17.56	35.29
1.403	17.56	35.29
1.403	17.55	35.29
1.403	17.55	35.29
1.403	17.54	35.29
1.404	17.54	35.29
1.404	17.53	35.29
1.404	17.52	35.29
1.405	17.52	35.29
1.405	17.52	35.29
1.405	17.51	35.29
1.405	17.51	35.29
1.405	17.51	35.29
1.406	17.51	35.29
1.406	17.51	35.29
1.406	17.51	35.29
1.406	17.50	35.29
1.407	17.50	35.28
1.407	17.49	35.29
1.407	17.48	35.29
1.408	17.48	35.28
1.408	17.48	35.28
1.408	17.47	35.28
1.408	17.47	35.28
1.408	17.47	35.28
1.409	17.46	35.28
1.409	17.46	35.28
1.410	17.46	35.28
1.410	17.45	35.28
1.410	17.45	35.28
1.410	17.44	35.28
1.411	17.44	35.28
1.411	17.44	35.28
1.411	17.44	35.28
1.411	17.44	35.28
1.411	17.43	35.28
1.411	17.43	35.28
1.412	17.42	35.28
1.413	17.42	35.28
1.413	17.42	35.28
1.413	17.41	35.28
1.414	17.41	35.28
1.414	17.41	35.28
1.414	17.41	35.28
1.414	17.40	35.28
1.414	17.40	35.28
1.415	17.39	35.28
1.415	17.39	35.28
1.415	17.38	35.28
1.416	17.38	35.28
1.416	17.37	35.28
1.416	17.37	35.28
1.416	17.37	35.28
1.416	17.37	35.28
1.417	17.36	35.28
1.417	17.36	35.28
1.417	17.36	35.28
1.418	17.36	35.28
1.418	17.35	35.28
1.418	17.35	35.28
1.419	17.34	35.28
1.419	17.34	35.28
1.419	17.34	35.28
1.419	17.34	35.28
1.419	17.33	35.28
1.420	17.32	35.28
1.420	17.32	35.28
1.420	17.32	35.28
1.420	17.31	35.28
1.421	17.31	35.28
1.421	17.31	35.28
1.421	17.31	35.28
1.421	17.31	35.28
1.421	17.31	35.28
1.422	17.31	35.28
1.422	17.30	35.28
1.422	17.30	35.28
1.422	17.29	35.28
1.422	17.29	35.28
1.422	17.29	35.28
1.423	17.29	35.28
1.423	17.29	35.28
1.423	17.29	35.28
1.423	17.29	35.28
1.423	17.29	35.28
1.423	17.29	35.28
1.423	17.29	35.28
1.423	17.29	35.28
1.423	17.29	35.28
1.423	17.29	35.28
1.423	17.28	35.28
1.424	17.28	35.28
1.424	17.28	35.28
1.424	17.28	35.28
1.424	17.27	35.28
1.424	17.27	35.28
1.424	17.27	35.28
1.425	17.27	35.28
1.425	17.26	35.28
1.425	17.26	35.28
1.425	17.26	35.28
1.425	17.26	35.28
1.425	17.25	35.28
1.425	17.25	35.28
1.426	17.24	35.28
1.426	17.23	35.28
1.426	17.22	35.28
1.427	17.22	35.28
1.427	17.22	35.27
1.427	17.22	35.27
1.427	17.21	35.27
1.427	17.21	35.27
1.427	17.21	35.27
1.427	17.21	35.27
1.427	17.21	35.27
1.427	17.21	35.27
1.427	17.21	35.27
1.427	17.21	35.27
1.427	17.21	35.27
1.428	17.21	35.27
1.428	17.21	35.27
1.428	17.21	35.27
1.428	17.21	35.27
1.428	17.20	35.27
1.428	17.20	35.27
1.428	17.20	35.27
1.428	17.20	35.27
1.428	17.20	35.27
1.428	17.20	35.27
1.429	17.20	35.27
1.429	17.20	35.27
1.430	17.19	35.27
1.430	17.19	35.27
1.430	17.18	35.27
1.430	17.18	35.27
1.430	17.18	35.27
1.431	17.18	35.27
1.431	17.17	35.27
1.431	17.17	35.27
1.431	17.16	35.27
1.432	17.16	35.27
1.432	17.16	35.27
1.432	17.15	35.27
1.432	17.15	35.27
1.433	17.15	35.27
1.433	17.15	35.27
1.433	17.14	35.27
1.433	17.14	35.27
1.433	17.14	35.27
1.433	17.14	35.27
1.433	17.14	35.27
1.433	17.13	35.27
1.433	17.13	35.27
1.434	17.12	35.27
1.434	17.12	35.27
1.434	17.12	35.27
1.434	17.12	35.27
1.435	17.11	35.27
1.435	17.11	35.27
1.435	17.11	35.27
1.435	17.11	35.27
1.436	17.10	35.27
1.436	17.09	35.27
1.437	17.09	35.27
1.437	17.09	35.27
1.437	17.08	35.27
1.437	17.08	35.27
1.438	17.08	35.27
1.438	17.08	35.27
1.438	17.08	35.27
1.438	17.07	35.27
1.438	17.07	35.27
1.438	17.07	35.27
1.438	17.07	35.27
1.438	17.06	35.27
1.438	17.06	35.27
1.439	17.06	35.27
1.439	17.06	35.27
1.439	17.06	35.27
1.439	17.05	35.27
1.439	17.05	35.27
1.440	17.05	35.27
1.440	17.05	35.27
1.440	17.05	35.27
1.440	17.05	35.27
1.440	17.04	35.27
1.440	17.04	35.27
1.441	17.03	35.27
1.441	17.03	35.27
1.441	17.03	35.27
1.441	17.03	35.27
1.441	17.03	35.27
1.442	17.02	35.27
1.442	17.02	35.27
1.442	17.02	35.27
1.442	17.02	35.27
1.443	17.02	35.27
1.443	17.01	35.27
1.443	17.01	35.27
1.443	17.01	35.27
1.443	17.01	35.27
1.443	17.01	35.27
1.443	17.01	35.27
1.443	17.01	35.27
1.444	17.01	35.27
1.444	17.01	35.27
1.444	17.00	35.27
1.444	17.01	35.27
1.444	17.00	35.26
1.444	17.00	35.26
1.444	17.00	35.26
1.444	17.00	35.26
1.444	16.99	35.26
1.445	16.99	35.26
1.445	16.99	35.26
1.445	16.99	35.26
1.445	16.99	35.26
1.445	16.98	35.26
1.445	16.98	35.26
1.446	16.97	35.26
1.446	16.97	35.26
1.446	16.97	35.26
1.447	16.97	35.26
1.447	16.97	35.26
1.447	16.97	35.26
1.447	16.96	35.26
1.447	16.96	35.26
1.447	16.96	35.26
1.448	16.96	35.26
1.448	16.96	35.26
1.448	16.95	35.26
1.448	16.95	35.26
1.448	16.94	35.26
1.449	16.94	35.26
1.449	16.94	35.26
1.449	16.93	35.26
1.449	16.93	35.26
1.450	16.93	35.26
1.450	16.93	35.26
1.450	16.93	35.26
1.450	16.93	35.26
1.450	16.93	35.26
1.450	16.93	35.26
1.450	16.92	35.26
1.450	16.92	35.26
1.451	16.92	35.26
1.451	16.92	35.26
1.451	16.92	35.26
1.451	16.92	35.26
1.451	16.92	35.26
1.451	16.91	35.26
1.451	16.91	35.26
1.451	16.91	35.26
1.451	16.91	35.26
1.451	16.91	35.26
1.452	16.91	35.26
1.452	16.90	35.26
1.452	16.90	35.26
1.453	16.89	35.26
1.453	16.89	35.26
1.453	16.89	35.26
1.453	16.89	35.26
1.453	16.89	35.26
1.453	16.89	35.26
1.454	16.88	35.26
1.454	16.88	35.26
1.454	16.87	35.26
1.454	16.87	35.26
1.454	16.87	35.26
1.454	16.87	35.26
1.455	16.87	35.26
1.455	16.87	35.26
1.455	16.87	35.26
1.455	16.87	35.26
1.455	16.87	35.26
1.456	16.87	35.26
1.456	16.86	35.26
1.456	16.86	35.26
1.456	16.86	35.26
1.456	16.86	35.26
1.456	16.86	35.26
1.456	16.86	35.26
1.457	16.85	35.26
1.457	16.85	35.26
1.457	16.85	35.26
1.457	16.84	35.26
1.457	16.84	35.26
1.457	16.84	35.26
1.457	16.84	35.26
1.458	16.83	35.26
1.458	16.83	35.26
1.458	16.83	35.26
1.458	16.83	35.26
1.458	16.82	35.26
1.459	16.82	35.26
1.459	16.82	35.26
1.459	16.82	35.26
1.459	16.82	35.26
1.459	16.81	35.26
1.459	16.81	35.26
1.459	16.81	35.26
1.459	16.81	35.26
1.460	16.80	35.26
1.459	16.80	35.26
1.459	16.80	35.26
1.459	16.80	35.26
1.459	16.80	35.26
1.460	16.80	35.26
1.459	16.80	35.26
1.460	16.80	35.26
1.460	16.80	35.26
1.460	16.80	35.26
1.460	16.80	35.26
1.460	16.80	35.26
1.460	16.80	35.26
1.460	16.80	35.26
1.460	16.79	35.26
1.460	16.79	35.25
1.460	16.79	35.25
1.460	16.79	35.25
1.460	16.79	35.25
1.460	16.79	35.25
1.460	16.79	35.25
1.461	16.78	35.25
1.461	16.77	35.25
1.462	16.76	35.25
1.463	16.76	35.25
1.464	16.76	35.25
1.465	16.74	35.25
1.465	16.73	35.25
1.466	16.72	35.25
1.467	16.72	35.25
1.467	16.71	35.25
1.468	16.71	35.25
1.469	16.70	35.25
1.469	16.69	35.25
1.469	16.69	35.25
1.469	16.69	35.25
1.469	16.69	35.25
1.469	16.68	35.25
1.470	16.68	35.25
1.470	16.67	35.25
1.470	16.66	35.25
1.470	16.66	35.25
1.470	16.66	35.25
1.470	16.66	35.25
1.470	16.66	35.25
1.470	16.66	35.25
1.470	16.66	35.25
1.470	16.66	35.25
1.470	16.65	35.25
1.470	16.65	35.25
1.471	16.65	35.25
1.471	16.65	35.25
1.471	16.65	35.25
1.471	16.65	35.25
1.471	16.65	35.25
1.471	16.65	35.25
1.471	16.65	35.25
1.471	16.65	35.25
1.471	16.65	35.25
1.471	16.65	35.25
1.471	16.65	35.25
1.471	16.65	35.25
1.471	16.65	35.25
1.471	16.65	35.25
1.471	16.65	35.25
1.471	16.65	35.25
1.471	16.64	35.25
1.472	16.64	35.25
1.472	16.64	35.25
1.472	16.64	35.25
1.473	16.63	35.25
1.473	16.63	35.25
1.473	16.63	35.25
1.473	16.63	35.25
1.473	16.62	35.25
1.473	16.62	35.25
1.473	16.62	35.25
1.473	16.62	35.25
1.474	16.62	35.25
1.474	16.61	35.25
1.474	16.61	35.25
1.474	16.61	35.25
1.475	16.60	35.25
1.475	16.60	35.25
1.475	16.59	35.25
1.476	16.59	35.25
1.476	16.59	35.25
1.476	16.59	35.25
1.476	16.58	35.25
1.476	16.58	35.25
1.477	16.58	35.25
1.477	16.57	35.25
1.477	16.57	35.25
1.477	16.57	35.25
1.477	16.57	35.25
1.478	16.57	35.25
1.478	16.57	35.25
1.478	16.56	35.25
1.478	16.56	35.25
1.478	16.55	35.25
1.478	16.55	35.25
1.479	16.55	35.25
1.479	16.55	35.25
1.479	16.55	35.25
1.480	16.54	35.25
1.480	16.53	35.25
1.480	16.53	35.25
1.481	16.53	35.25
1.481	16.53	35.24
1.481	16.53	35.25
1.481	16.53	35.24
1.481	16.53	35.24
1.481	16.53	35.24
1.481	16.52	35.24
1.482	16.52	35.24
1.482	16.51	35.24
1.483	16.51	35.24
1.484	16.49	35.24
1.485	16.48	35.24
1.486	16.48	35.24
1.487	16.46	35.24
1.487	16.46	35.24
1.487	16.46	35.24
1.488	16.45	35.24
1.488	16.45	35.24
1.488	16.45	35.24
1.488	16.44	35.24
1.489	16.44	35.24
1.489	16.43	35.24
1.490	16.43	35.24
1.491	16.43	35.24
1.491	16.42	35.24
1.491	16.42	35.24
1.492	16.41	35.24
1.492	16.41	35.24
1.493	16.40	35.24
1.493	16.40	35.24
1.493	16.40	35.24
1.493	16.40	35.24
1.494	16.39	35.24
1.494	16.38	35.24
1.494	16.38	35.24
1.495	16.38	35.24
1.495	16.37	35.24
1.495	16.37	35.24
1.496	16.36	35.24
1.496	16.36	35.24
1.496	16.36	35.24
1.496	16.35	35.24
1.496	16.34	35.24
1.497	16.33	35.24
1.497	16.34	35.24
1.497	16.34	35.24
1.497	16.34	35.24
1.497	16.33	35.24
1.497	16.33	35.24
1.497	16.33	35.24
1.497	16.33	35.24
1.497	16.33	35.24
1.498	16.32	35.24
1.498	16.32	35.24
1.498	16.31	35.24
1.498	16.31	35.24
1.498	16.31	35.24
1.498	16.31	35.24
1.498	16.31	35.24
1.498	16.31	35.24
1.499	16.31	35.24
1.499	16.31	35.24
1.499	16.30	35.24
1.499	16.30	35.24
1.500	16.30	35.24
1.500	16.29	35.24
1.501	16.29	35.24
1.501	16.29	35.24
1.501	16.29	35.24
1.501	16.28	35.24
1.501	16.28	35.24
1.502	16.27	35.24
1.503	16.26	35.24
1.503	16.25	35.24
1.503	16.24	35.24
1.504	16.24	35.24
1.504	16.24	35.24
1.504	16.23	35.24
1.504	16.23	35.24
1.505	16.23	35.24
1.505	16.23	35.24
1.505	16.22	35.24
1.505	16.22	35.24
1.505	16.22	35.24
1.506	16.22	35.24
1.506	16.21	35.24
1.507	16.21	35.24
1.507	16.21	35.24
1.507	16.21	35.24
1.508	16.20	35.24
1.508	16.20	35.24
1.508	16.20	35.24
1.508	16.20	35.24
1.508	16.20	35.24
1.508	16.19	35.24
1.508	16.19	35.24
1.508	16.19	35.24
1.509	16.18	35.24
1.509	16.18	35.24
1.509	16.18	35.24
1.509	16.18	35.24
1.509	16.17	35.24
1.510	16.17	35.24
1.510	16.17	35.24
1.510	16.16	35.24
1.511	16.15	35.24
1.511	16.15	35.24
1.511	16.15	35.23
1.512	16.14	35.24
1.512	16.14	35.23
1.512	16.13	35.23
1.513	16.13	35.23
1.513	16.12	35.23
1.513	16.12	35.23
1.513	16.12	35.23
1.514	16.12	35.23
1.514	16.12	35.23
1.514	16.11	35.23
1.515	16.11	35.23
1.515	16.11	35.23
1.515	16.11	35.23
1.515	16.10	35.23
1.516	16.09	35.23
1.516	16.09	35.23
1.516	16.09	35.23
1.516	16.08	35.23
1.517	16.08	35.23
1.517	16.08	35.23
1.518	16.08	35.23
1.518	16.07	35.23
1.519	16.06	35.23
1.519	16.06	35.23
1.520	16.05	35.23
1.520	16.05	35.23
1.521	16.05	35.23
1.521	16.04	35.23
1.521	16.04	35.23
1.521	16.04	35.23
1.521	16.03	35.23
1.522	16.02	35.23
1.522	16.02	35.23
1.523	16.01	35.23
1.524	16.01	35.23
1.525	16.00	35.23
1.526	15.99	35.23
1.526	15.99	35.23
1.527	15.98	35.23
1.527	15.98	35.23
1.527	15.98	35.23
1.527	15.98	35.23
1.528	15.98	35.23
1.528	15.97	35.23
1.529	15.96	35.23
1.529	15.96	35.23
1.529	15.95	35.23
1.529	15.95	35.23
1.530	15.94	35.23
1.530	15.94	35.23
1.530	15.93	35.23
1.531	15.93	35.23
1.531	15.92	35.23
1.531	15.92	35.23
1.531	15.92	35.23
1.532	15.91	35.23
1.532	15.91	35.23
1.532	15.91	35.23
1.532	15.91	35.23
1.533	15.91	35.23
1.533	15.91	35.23
1.533	15.90	35.23
1.533	15.90	35.23
1.533	15.89	35.23
1.534	15.88	35.23
1.534	15.88	35.23
1.534	15.88	35.23
1.534	15.88	35.23
1.534	15.88	35.23
1.534	15.88	35.23
1.534	15.88	35.23
1.535	15.88	35.23
1.535	15.88	35.23
1.535	15.87	35.23
1.535	15.87	35.23
1.536	15.87	35.23
1.536	15.87	35.23
1.536	15.87	35.23
1.536	15.87	35.23
1.536	15.86	35.23
1.536	15.86	35.23
1.536	15.86	35.23
1.536	15.86	35.23
1.537	15.86	35.23
1.537	15.85	35.23
1.537	15.85	35.23
1.537	15.85	35.23
1.537	15.85	35.23
1.537	15.85	35.23
1.537	15.85	35.23
1.537	15.85	35.23
1.538	15.85	35.23
1.538	15.84	35.23
1.539	15.83	35.23
1.539	15.82	35.23
1.540	15.81	35.23
1.540	15.81	35.23
1.541	15.81	35.23
1.541	15.81	35.23
1.541	15.81	35.23
1.541	15.81	35.23
1.541	15.81	35.23
1.542	15.80	35.23
1.542	15.80	35.23
1.542	15.80	35.23
1.542	15.79	35.23
1.543	15.79	35.23
1.543	15.79	35.23
1.543	15.78	35.23
1.543	15.78	35.23
1.543	15.78	35.23
1.544	15.78	35.22
1.544	15.78	35.22
1.544	15.77	35.22
1.544	15.78	35.22
1.544	15.77	35.22
1.544	15.77	35.22
1.544	15.77	35.22
1.545	15.76	35.22
1.545	15.76	35.22
1.545	15.76	35.22
1.546	15.75	35.22
1.547	15.74	35.22
1.547	15.73	35.22
1.548	15.73	35.22
1.549	15.71	35.22
1.550	15.70	35.22
1.550	15.69	35.22
1.551	15.68	35.22
1.551	15.68	35.22
1.552	15.67	35.22
1.552	15.67	35.22
1.552	15.67	35.22
1.553	15.67	35.22
1.553	15.67	35.22
1.553	15.67	35.22
1.553	15.66	35.22
1.553	15.66	35.22
1.553	15.66	35.22
1.553	15.66	35.22
1.553	15.66	35.22
1.553	15.66	35.22
1.553	15.66	35.22
1.554	15.65	35.22
1.554	15.65	35.22
1.554	15.65	35.22
1.554	15.65	35.22
1.555	15.65	35.22
1.555	15.65	35.22
1.555	15.65	35.22
1.555	15.65	35.22
1.555	15.65	35.22
1.555	15.65	35.22
1.555	15.65	35.22
1.555	15.65	35.22
1.555	15.65	35.22
1.555	15.65	35.22
1.555	15.65	35.22
1.555	15.65	35.22
1.555	15.65	35.22
1.556	15.64	35.22
1.556	15.64	35.22
1.556	15.64	35.22
1.556	15.64	35.22
1.556	15.64	35.22
1.556	15.63	35.22
1.557	15.63	35.22
1.557	15.63	35.22
1.557	15.62	35.22
1.557	15.62	35.22
1.558	15.62	35.22
1.558	15.61	35.22
1.558	15.61	35.22
1.558	15.61	35.22
1.559	15.61	35.22
1.559	15.60	35.22
1.559	15.60	35.22
1.560	15.59	35.22
1.562	15.57	35.22
1.563	15.57	35.22
1.563	15.56	35.22
1.563	15.56	35.22
1.564	15.56	35.22
1.564	15.56	35.22
1.564	15.56	35.22
1.564	15.56	35.22
1.564	15.56	35.22
1.564	15.55	35.22
1.565	15.55	35.22
1.566	15.54	35.22
1.567	15.53	35.22
1.567	15.52	35.22
1.567	15.52	35.22
1.568	15.52	35.22
1.568	15.52	35.22
1.568	15.51	35.22
1.569	15.51	35.22
1.569	15.50	35.22
1.570	15.50	35.22
1.570	15.50	35.22
1.570	15.50	35.22
1.571	15.49	35.22
1.571	15.48	35.22
1.571	15.48	35.22
1.571	15.48	35.22
1.572	15.47	35.22
1.572	15.47	35.22
1.572	15.47	35.22
1.572	15.47	35.22
1.573	15.46	35.22
1.573	15.46	35.22
1.574	15.45	35.21
1.574	15.45	35.21
1.574	15.44	35.21
1.575	15.44	35.21
1.575	15.44	35.21
1.575	15.43	35.21
1.576	15.43	35.21
1.576	15.43	35.21
1.577	15.43	35.21
1.577	15.42	35.21
1.577	15.42	35.21
1.577	15.41	35.21
1.577	15.40	35.21
1.578	15.40	35.21
1.578	15.40	35.21
1.578	15.40	35.21
1.578	15.39	35.21
1.579	15.40	35.21
1.579	15.39	35.21
1.579	15.39	35.21
1.579	15.39	35.21
1.579	15.39	35.21
1.579	15.39	35.21
1.579	15.39	35.21
1.579	15.38	35.21
1.580	15.38	35.21
1.580	15.38	35.21
1.580	15.37	35.21
1.580	15.38	35.21
1.580	15.37	35.21
1.580	15.38	35.21
1.580	15.38	35.21
1.580	15.38	35.21
1.580	15.38	35.21
1.580	15.37	35.21
1.580	15.38	35.21
1.581	15.37	35.21
1.581	15.37	35.21
1.581	15.37	35.21
1.581	15.37	35.21
1.581	15.38	35.21
1.581	15.37	35.21
1.581	15.36	35.21
1.582	15.34	35.21
1.584	15.34	35.21
1.584	15.34	35.21
1.585	15.33	35.21
1.585	15.32	35.21
1.586	15.31	35.21
1.586	15.31	35.21
1.586	15.31	35.21
1.587	15.30	35.21
1.587	15.29	35.21
1.588	15.29	35.21
1.588	15.29	35.21
1.589	15.28	35.21
1.589	15.28	35.21
1.589	15.28	35.21
1.589	15.28	35.21
1.589	15.28	35.21
1.589	15.27	35.21
1.590	15.26	35.21
1.590	15.26	35.21
1.591	15.25	35.21
1.591	15.25	35.21
1.591	15.25	35.21
1.592	15.24	35.21
1.592	15.24	35.21
1.593	15.24	35.21
1.593	15.24	35.21
1.593	15.24	35.21
1.594	15.24	35.21
1.594	15.23	35.21
1.594	15.23	35.21
1.595	15.22	35.21
1.595	15.22	35.21
1.595	15.22	35.21
1.596	15.21	35.21
1.596	15.21	35.21
1.597	15.20	35.21
1.597	15.20	35.21
1.597	15.19	35.21
1.597	15.19	35.21
1.598	15.19	35.21
1.598	15.19	35.21
1.598	15.19	35.21
1.598	15.19	35.21
1.599	15.19	35.21
1.599	15.19	35.21
1.599	15.18	35.20
1.599	15.18	35.20
1.599	15.17	35.21
1.600	15.17	35.21
1.600	15.17	35.20
1.600	15.16	35.20
1.600	15.16	35.20
1.601	15.16	35.20
1.601	15.16	35.20
1.601	15.16	35.20
1.601	15.16	35.20
1.601	15.16	35.20
1.601	15.15	35.20
1.601	15.15	35.20
1.601	15.16	35.20
1.602	15.15	35.20
1.602	15.15	35.20
1.602	15.15	35.20
1.602	15.15	35.20
1.602	15.14	35.20
1.603	15.14	35.20
1.603	15.14	35.20
1.603	15.14	35.20
1.604	15.13	35.20
1.604	15.13	35.20
1.604	15.13	35.20
1.604	15.13	35.20
1.604	15.13	35.20
1.604	15.13	35.20
1.604	15.13	35.20
1.604	15.13	35.20
1.604	15.13	35.20
1.604	15.12	35.20
1.604	15.12	35.20
1.605	15.11	35.20
1.606	15.10	35.20
1.607	15.09	35.20
1.608	15.09	35.20
1.608	15.08	35.20
1.608	15.08	35.20
1.609	15.08	35.20
1.609	15.08	35.20
1.609	15.08	35.20
1.609	15.08	35.20
1.609	15.07	35.20
1.610	15.07	35.20
1.610	15.07	35.20
1.610	15.07	35.20
1.610	15.07	35.20
1.611	15.07	35.20
1.611	15.06	35.20
1.611	15.06	35.20
1.612	15.05	35.20
1.612	15.05	35.20
1.612	15.05	35.20
1.612	15.05	35.20
1.612	15.05	35.20
1.612	15.05	35.20
1.612	15.04	35.20
1.613	15.04	35.20
1.613	15.04	35.20
1.613	15.03	35.20
1.613	15.03	35.20
1.614	15.02	35.20
1.614	15.02	35.20
1.614	15.01	35.20
1.614	15.01	35.20
1.615	15.01	35.20
1.615	15.01	35.20
1.615	15.01	35.20
1.616	15.00	35.20
1.616	15.00	35.20
1.617	14.99	35.20
1.617	14.99	35.20
1.617	14.99	35.20
1.618	14.99	35.20
1.618	14.98	35.20
1.619	14.97	35.20
1.619	14.98	35.20
1.619	14.97	35.20
1.619	14.97	35.20
1.619	14.97	35.20
1.619	14.96	35.20
1.620	14.96	35.20
1.620	14.96	35.20
1.620	14.96	35.20
1.621	14.95	35.20
1.622	14.95	35.20
1.622	14.95	35.20
1.623	14.94	35.20
1.623	14.93	35.20
1.624	14.93	35.20
1.624	14.93	35.20
1.624	14.92	35.20
1.624	14.92	35.20
1.624	14.92	35.20
1.625	14.92	35.20
1.625	14.91	35.20
1.625	14.91	35.20
1.625	14.92	35.20
1.625	14.91	35.20
1.625	14.91	35.20
1.625	14.91	35.20
1.625	14.91	35.20
1.625	14.91	35.20
1.626	14.90	35.20
1.627	14.90	35.20
1.627	14.89	35.20
1.627	14.88	35.20
1.627	14.88	35.20
1.627	14.89	35.20
1.628	14.89	35.20
1.627	14.89	35.20
1.628	14.89	35.20
1.628	14.89	35.20
1.628	14.89	35.20
1.628	14.88	35.20
1.629	14.87	35.20
1.629	14.87	35.20
1.630	14.86	35.20
1.631	14.85	35.20
1.631	14.85	35.20
1.632	14.85	35.20
1.633	14.84	35.20
1.633	14.84	35.20
1.634	14.83	35.20
1.634	14.82	35.20
1.635	14.82	35.20
1.635	14.81	35.20
1.635	14.81	35.20
1.635	14.81	35.20
1.635	14.81	35.20
1.636	14.81	35.20
1.636	14.81	35.20
1.636	14.81	35.20
1.637	14.80	35.20
1.637	14.79	35.20
1.638	14.79	35.20
1.638	14.78	35.20
1.638	14.78	35.20
1.639	14.78	35.20
1.639	14.78	35.20
1.639	14.78	35.20
1.639	14.78	35.20
1.639	14.78	35.20
1.639	14.77	35.20
1.639	14.77	35.20
1.640	14.77	35.20
1.640	14.77	35.20
1.640	14.77	35.20
1.640	14.76	35.20
1.640	14.76	35.20
1.640	14.76	35.20
1.641	14.76	35.20
1.641	14.76	35.20
1.641	14.76	35.20
1.641	14.75	35.20
1.642	14.75	35.20
1.642	14.75	35.20
1.642	14.75	35.20
1.642	14.74	35.19
1.643	14.73	35.19
1.643	14.73	35.19
1.644	14.73	35.19
1.644	14.72	35.19
1.645	14.72	35.19
1.645	14.72	35.19
1.645	14.72	35.19
1.645	14.72	35.19
1.645	14.72	35.19
1.645	14.72	35.19
1.646	14.71	35.19
1.646	14.71	35.19
1.646	14.71	35.19
1.646	14.71	35.19
1.646	14.71	35.19
1.647	14.71	35.19
1.647	14.70	35.19
1.647	14.70	35.19
1.648	14.70	35.19
1.648	14.70	35.19
1.648	14.69	35.19
1.648	14.69	35.19
1.648	14.69	35.19
1.649	14.69	35.19
1.649	14.69	35.19
1.649	14.68	35.19
1.649	14.68	35.19
1.649	14.68	35.19
1.649	14.68	35.19
1.649	14.68	35.19
1.649	14.67	35.19
1.649	14.68	35.19
1.649	14.67	35.19
1.649	14.68	35.19
1.649	14.67	35.19
1.649	14.67	35.19
1.649	14.67	35.19
1.650	14.67	35.19
1.650	14.67	35.19
1.650	14.67	35.19
1.650	14.67	35.19
1.649	14.67	35.19
1.650	14.67	35.19
1.650	14.67	35.19
1.650	14.67	35.19
1.650	14.67	35.19
1.650	14.67	35.19
1.650	14.67	35.19
1.651	14.66	35.19
1.651	14.66	35.19
1.651	14.66	35.19
1.652	14.65	35.19
1.652	14.65	35.19
1.653	14.64	35.19
1.653	14.64	35.19
1.653	14.64	35.19
1.654	14.63	35.19
1.655	14.62	35.19
1.656	14.61	35.19
1.657	14.61	35.19
1.657	14.60	35.19
1.658	14.60	35.19
1.658	14.59	35.19
1.659	14.58	35.19
1.660	14.58	35.19
1.661	14.57	35.19
1.662	14.57	35.19
1.662	14.56	35.19
1.663	14.56	35.19
1.663	14.55	35.19
1.663	14.55	35.19
1.663	14.55	35.19
1.664	14.54	35.19
1.664	14.54	35.19
1.664	14.54	35.19
1.664	14.53	35.19
1.665	14.53	35.19
1.666	14.52	35.19
1.666	14.52	35.19
1.666	14.52	35.19
1.667	14.52	35.19
1.667	14.52	35.19
1.667	14.52	35.19
1.667	14.51	35.19
1.667	14.52	35.19
1.667	14.52	35.19
1.667	14.52	35.19
1.667	14.52	35.19
1.667	14.52	35.19
1.667	14.51	35.19
1.668	14.51	35.19
1.668	14.51	35.19
1.669	14.50	35.19
1.670	14.48	35.19
1.670	14.48	35.19
1.671	14.47	35.19
1.671	14.47	35.19
1.671	14.47	35.19
1.672	14.46	35.19
1.673	14.44	35.19
1.673	14.44	35.19
1.673	14.44	35.19
1.673	14.44	35.18
1.673	14.44	35.19
1.673	14.44	35.19
1.673	14.44	35.19
1.673	14.43	35.18
1.674	14.44	35.18
1.674	14.43	35.18
1.675	14.43	35.18
1.675	14.43	35.18
1.676	14.42	35.18
1.676	14.42	35.18
1.676	14.41	35.18
1.677	14.41	35.18
1.678	14.41	35.18
1.678	14.41	35.18
1.678	14.40	35.18
1.679	14.40	35.18
1.679	14.40	35.18
1.679	14.40	35.18
1.679	14.40	35.18
1.679	14.39	35.18
1.679	14.38	35.18
1.679	14.38	35.18
1.679	14.38	35.18
1.680	14.37	35.18
1.680	14.37	35.18
1.681	14.37	35.18
1.681	14.37	35.18
1.681	14.37	35.18
1.681	14.37	35.18
1.682	14.37	35.18
1.682	14.37	35.18
1.682	14.36	35.18
1.682	14.36	35.18
1.682	14.36	35.18
1.682	14.36	35.18
1.682	14.36	35.18
1.682	14.35	35.18
1.683	14.36	35.18
1.683	14.35	35.18
1.683	14.35	35.18
1.683	14.36	35.18
1.683	14.35	35.18
1.683	14.35	35.18
1.683	14.35	35.18
1.683	14.35	35.18
1.683	14.34	35.18
1.684	14.34	35.18
1.684	14.34	35.18
1.685	14.33	35.18
1.685	14.32	35.18
1.686	14.32	35.18
1.686	14.32	35.18
1.687	14.31	35.18
1.687	14.31	35.18
1.687	14.30	35.18
1.688	14.30	35.18
1.689	14.30	35.18
1.689	14.30	35.18
1.689	14.29	35.18
1.689	14.30	35.18
1.690	14.29	35.18
1.690	14.29	35.18
1.691	14.28	35.18
1.691	14.27	35.18
1.692	14.26	35.18
1.692	14.26	35.18
1.693	14.25	35.18
1.693	14.25	35.18
1.694	14.25	35.18
1.694	14.25	35.18
1.695	14.24	35.18
1.696	14.24	35.18
1.696	14.24	35.18
1.696	14.23	35.18
1.696	14.23	35.18
1.696	14.23	35.18
1.697	14.23	35.18
1.697	14.23	35.18
1.697	14.22	35.18
1.698	14.21	35.18
1.698	14.21	35.18
1.699	14.21	35.18
1.698	14.21	35.18
1.698	14.21	35.18
1.698	14.21	35.18
1.698	14.21	35.18
1.699	14.21	35.18
1.699	14.21	35.18
1.699	14.20	35.18
1.699	14.20	35.18
1.700	14.20	35.18
1.700	14.19	35.18
1.700	14.19	35.18
1.700	14.19	35.18
1.700	14.19	35.18
1.701	14.18	35.18
1.701	14.18	35.18
1.702	14.16	35.18
1.703	14.16	35.18
1.704	14.16	35.18
1.704	14.15	35.18
1.705	14.14	35.18
1.705	14.14	35.18
1.705	14.14	35.18
1.705	14.14	35.18
1.706	14.14	35.18
1.706	14.13	35.18
1.706	14.13	35.18
1.706	14.13	35.18
1.706	14.13	35.18
1.707	14.13	35.18
1.707	14.13	35.18
1.708	14.12	35.18
1.708	14.12	35.17
1.708	14.12	35.17
1.709	14.12	35.17
1.709	14.12	35.17
1.709	14.11	35.17
1.709	14.11	35.17
1.710	14.10	35.17
1.710	14.10	35.17
1.711	14.09	35.17
1.712	14.08	35.17
1.713	14.08	35.17
1.713	14.08	35.17
1.713	14.08	35.17
1.713	14.07	35.17
1.714	14.07	35.17
1.714	14.07	35.17
1.714	14.07	35.17
1.714	14.07	35.17
1.714	14.07	35.17
1.714	14.07	35.17
1.714	14.06	35.17
1.714	14.06	35.17
1.714	14.06	35.17
1.715	14.06	35.17
1.715	14.05	35.17
1.715	14.06	35.17
1.715	14.05	35.17
1.716	14.06	35.17
1.716	14.06	35.17
1.716	14.05	35.17
1.716	14.04	35.17
1.717	14.04	35.17
1.717	14.04	35.17
1.717	14.04	35.17
1.717	14.04	35.17
1.717	14.04	35.17
1.717	14.04	35.17
1.718	14.04	35.17
1.718	14.04	35.17
1.718	14.04	35.17
1.718	14.04	35.17
1.718	14.03	35.17
1.718	14.03	35.17
1.718	14.02	35.17
1.719	14.02	35.17
1.719	14.02	35.17
1.719	14.02	35.17
1.719	14.01	35.17
1.719	14.02	35.17
1.719	14.01	35.17
1.720	14.01	35.17
1.720	14.01	35.17
1.720	14.01	35.17
1.720	14.00	35.17
1.720	14.00	35.17
1.720	14.00	35.17
1.721	14.00	35.17
1.721	14.00	35.17
1.721	14.00	35.17
1.721	14.00	35.17
1.721	14.00	35.17
1.721	13.99	35.17
1.721	13.99	35.17
1.722	13.99	35.17
1.722	13.99	35.17
1.722	13.99	35.17
1.723	13.98	35.17
1.723	13.98	35.17
1.723	13.98	35.17
1.723	13.98	35.17
1.724	13.98	35.17
1.724	13.97	35.17
1.724	13.98	35.17
1.724	13.97	35.17
1.725	13.97	35.17
1.725	13.97	35.17
1.725	13.97	35.17
1.725	13.97	35.17
1.725	13.97	35.17
1.725	13.97	35.17
1.725	13.97	35.17
1.725	13.97	35.17
1.726	13.96	35.17
1.726	13.96	35.17
1.727	13.96	35.17
1.727	13.95	35.17
1.728	13.94	35.17
1.728	13.94	35.17
1.729	13.94	35.17
1.730	13.93	35.17
1.730	13.92	35.17
1.731	13.91	35.17
1.731	13.91	35.17
1.732	13.91	35.17
1.732	13.91	35.17
1.732	13.91	35.17
1.732	13.91	35.17
1.733	13.91	35.16
1.733	13.90	35.16
1.733	13.90	35.16
1.733	13.90	35.16
1.734	13.90	35.16
1.734	13.89	35.16
1.734	13.89	35.16
1.735	13.88	35.16
1.735	13.88	35.16
1.735	13.88	35.16
1.736	13.88	35.16
1.736	13.87	35.16
1.736	13.87	35.16
1.736	13.87	35.16
1.737	13.87	35.16
1.737	13.87	35.16
1.737	13.87	35.16
1.737	13.86	35.16
1.738	13.86	35.16
1.738	13.86	35.16
1.738	13.85	35.16
1.738	13.85	35.16
1.738	13.85	35.16
1.739	13.85	35.16
1.739	13.85	35.16
1.739	13.85	35.16
1.740	13.84	35.16
1.740	13.84	35.16
1.740	13.84	35.16
1.741	13.83	35.16
1.741	13.83	35.16
1.741	13.83	35.16
1.741	13.83	35.16
1.742	13.82	35.16
1.742	13.83	35.16
1.742	13.82	35.16
1.743	13.82	35.16
1.743	13.82	35.16
1.743	13.82	35.16
1.743	13.82	35.16
1.743	13.81	35.16
1.744	13.82	35.16
1.744	13.81	35.16
1.744	13.82	35.16
1.745	13.81	35.16
1.745	13.81	35.16
1.746	13.81	35.16
1.746	13.81	35.16
1.746	13.81	35.16
1.746	13.80	35.16
1.747	13.80	35.16
1.747	13.80	35.16
1.747	13.79	35.16
1.747	13.79	35.16
1.747	13.78	35.16
1.748	13.78	35.16
1.748	13.77	35.16
1.749	13.77	35.16
1.749	13.77	35.16
1.749	13.76	35.16
1.749	13.77	35.16
1.749	13.76	35.16
1.749	13.76	35.16
1.750	13.76	35.16
1.750	13.75	35.16
1.750	13.75	35.16
1.751	13.75	35.16
1.751	13.74	35.16
1.751	13.75	35.16
1.751	13.75	35.16
1.751	13.75	35.16
1.751	13.74	35.16
1.752	13.74	35.16
1.752	13.74	35.16
1.752	13.74	35.16
1.752	13.74	35.16
1.752	13.74	35.16
1.752	13.74	35.16
1.752	13.74	35.16
1.752	13.73	35.16
1.753	13.73	35.16
1.753	13.73	35.16
1.753	13.73	35.16
1.753	13.72	35.16
1.753	13.72	35.16
1.753	13.73	35.16
1.753	13.72	35.16
1.753	13.72	35.16
1.754	13.72	35.16
1.754	13.72	35.16
1.755	13.72	35.16
1.755	13.72	35.16
1.755	13.71	35.16
1.755	13.72	35.16
1.755	13.72	35.16
1.756	13.71	35.16
1.756	13.70	35.16
1.756	13.70	35.16
1.757	13.69	35.16
1.758	13.69	35.16
1.758	13.69	35.16
1.758	13.68	35.16
1.758	13.68	35.16
1.759	13.67	35.16
1.759	13.67	35.16
1.760	13.66	35.16
1.760	13.66	35.16
1.761	13.66	35.16
1.761	13.65	35.15
1.761	13.65	35.15
1.761	13.65	35.15
1.761	13.65	35.15
1.762	13.65	35.15
1.762	13.65	35.15
1.762	13.64	35.15
1.763	13.64	35.15
1.763	13.64	35.15
1.764	13.64	35.15
1.764	13.63	35.15
1.765	13.62	35.15
1.765	13.62	35.15
1.765	13.62	35.15
1.766	13.61	35.15
1.766	13.61	35.15
1.766	13.61	35.15
1.766	13.61	35.15
1.767	13.60	35.15
1.767	13.61	35.15
1.767	13.61	35.15
1.768	13.60	35.15
1.768	13.60	35.15
1.768	13.60	35.15
1.768	13.60	35.15
1.768	13.59	35.15
1.769	13.59	35.15
1.769	13.59	35.15
1.769	13.59	35.15
1.769	13.59	35.15
1.770	13.58	35.15
1.770	13.58	35.15
1.770	13.58	35.15
1.771	13.57	35.15
1.771	13.57	35.15
1.771	13.57	35.15
1.771	13.57	35.15
1.771	13.57	35.15
1.771	13.57	35.15
1.771	13.57	35.15
1.771	13.57	35.15
1.771	13.57	35.15
1.771	13.57	35.15
1.772	13.56	35.15
1.772	13.56	35.15
1.772	13.56	35.15
1.772	13.56	35.15
1.772	13.56	35.15
1.772	13.55	35.15
1.772	13.54	35.15
1.773	13.55	35.15
1.773	13.54	35.15
1.774	13.54	35.15
1.774	13.54	35.15
1.774	13.54	35.15
1.775	13.54	35.15
1.775	13.53	35.15
1.775	13.53	35.15
1.775	13.53	35.15
1.775	13.53	35.15
1.775	13.53	35.15
1.775	13.53	35.15
1.775	13.53	35.15
1.775	13.53	35.15
1.775	13.54	35.15
1.775	13.53	35.15
1.775	13.53	35.15
1.775	13.53	35.15
1.775	13.53	35.15
1.775	13.53	35.15
1.775	13.53	35.15
1.775	13.53	35.15
1.775	13.53	35.15
1.775	13.53	35.15
1.775	13.53	35.15
1.775	13.53	35.15
1.776	13.53	35.15
1.779	13.50	35.15
1.781	13.49	35.15
1.782	13.49	35.15
1.782	13.49	35.15
1.782	13.48	35.15
1.783	13.47	35.15
1.783	13.47	35.15
1.784	13.47	35.15
1.784	13.47	35.15
1.784	13.47	35.15
1.785	13.46	35.15
1.785	13.46	35.15
1.786	13.45	35.15
1.786	13.45	35.15
1.787	13.44	35.15
1.787	13.44	35.15
1.788	13.44	35.15
1.789	13.43	35.15
1.789	13.42	35.15
1.789	13.42	35.15
1.790	13.42	35.15
1.790	13.42	35.15
1.791	13.41	35.15
1.791	13.41	35.15
1.791	13.41	35.15
1.792	13.41	35.15
1.792	13.40	35.14
1.793	13.40	35.14
1.793	13.40	35.14
1.794	13.39	35.14
1.794	13.40	35.14
1.794	13.39	35.14
1.794	13.39	35.14
1.795	13.39	35.14
1.795	13.39	35.14
1.795	13.39	35.14
1.796	13.38	35.14
1.796	13.37	35.14
1.796	13.37	35.14
1.796	13.37	35.14
1.797	13.37	35.14
1.797	13.37	35.14
1.797	13.37	35.14
1.797	13.36	35.14
1.797	13.36	35.14
1.797	13.35	35.14
1.798	13.35	35.14
1.799	13.34	35.14
1.800	13.33	35.14
1.801	13.33	35.14
1.802	13.32	35.14
1.804	13.32	35.14
1.804	13.31	35.14
1.804	13.31	35.14
1.805	13.31	35.14
1.805	13.30	35.14
1.806	13.30	35.14
1.806	13.29	35.14
1.806	13.29	35.14
1.807	13.28	35.14
1.808	13.28	35.14
1.809	13.26	35.14
1.811	13.25	35.14
1.814	13.24	35.14
1.814	13.24	35.14
1.814	13.24	35.14
1.814	13.24	35.14
1.814	13.24	35.14
1.815	13.23	35.14
1.816	13.22	35.14
1.816	13.22	35.14
1.816	13.21	35.14
1.816	13.21	35.14
1.816	13.20	35.14
1.817	13.20	35.14
1.817	13.20	35.14
1.817	13.20	35.14
1.817	13.19	35.14
1.818	13.19	35.14
1.818	13.19	35.14
1.818	13.18	35.14
1.819	13.18	35.14
1.819	13.17	35.14
1.820	13.17	35.14
1.820	13.17	35.14
1.821	13.16	35.14
1.822	13.16	35.14
1.823	13.15	35.14
1.824	13.15	35.14
1.825	13.15	35.14
1.825	13.14	35.14
1.825	13.14	35.14
1.825	13.14	35.14
1.826	13.13	35.14
1.826	13.14	35.14
1.826	13.12	35.14
1.827	13.12	35.14
1.827	13.11	35.14
1.827	13.11	35.14
1.828	13.11	35.14
1.828	13.11	35.14
1.829	13.10	35.14
1.830	13.10	35.14
1.831	13.09	35.14
1.831	13.09	35.14
1.832	13.09	35.14
1.832	13.09	35.14
1.832	13.08	35.14
1.832	13.08	35.14
1.832	13.08	35.14
1.833	13.08	35.14
1.833	13.08	35.14
1.833	13.07	35.14
1.833	13.07	35.14
1.834	13.07	35.14
1.834	13.07	35.14
1.834	13.07	35.14
1.834	13.07	35.14
1.834	13.07	35.14
1.835	13.07	35.14
1.835	13.06	35.14
1.835	13.06	35.14
1.835	13.06	35.14
1.835	13.06	35.14
1.835	13.06	35.14
1.835	13.06	35.14
1.836	13.05	35.14
1.836	13.05	35.14
1.836	13.05	35.14
1.836	13.04	35.14
1.837	13.05	35.14
1.837	13.05	35.14
1.837	13.04	35.14
1.837	13.04	35.14
1.838	13.04	35.13
1.838	13.04	35.13
1.838	13.04	35.13
1.838	13.04	35.13
1.838	13.03	35.13
1.839	13.03	35.13
1.839	13.03	35.13
1.839	13.02	35.13
1.839	13.02	35.13
1.840	13.01	35.13
1.840	13.01	35.13
1.840	13.01	35.13
1.841	13.01	35.13
1.841	13.01	35.13
1.841	13.01	35.13
1.841	13.01	35.13
1.841	13.00	35.13
1.841	13.00	35.13
1.841	13.00	35.13
1.841	13.00	35.13
1.841	13.00	35.13
1.841	13.01	35.13
1.841	13.00	35.13
1.841	13.00	35.13
1.841	13.00	35.13
1.842	13.00	35.13
1.842	12.99	35.13
1.843	12.99	35.13
1.844	12.99	35.13
1.844	12.99	35.13
1.844	12.99	35.13
1.844	12.99	35.13
1.844	12.99	35.13
1.845	12.98	35.13
1.845	12.97	35.13
1.846	12.97	35.13
1.846	12.97	35.13
1.847	12.96	35.13
1.847	12.96	35.13
1.848	12.96	35.13
1.848	12.95	35.13
1.848	12.95	35.13
1.849	12.96	35.13
1.849	12.95	35.13
1.850	12.95	35.13
1.850	12.94	35.13
1.850	12.94	35.13
1.851	12.94	35.13
1.851	12.94	35.13
1.852	12.93	35.13
1.852	12.93	35.13
1.852	12.93	35.13
1.852	12.93	35.13
1.852	12.93	35.13
1.852	12.93	35.13
1.852	12.93	35.13
1.852	12.93	35.13
1.852	12.93	35.13
1.852	12.92	35.13
1.853	12.92	35.13
1.853	12.92	35.13
1.853	12.92	35.13
1.854	12.92	35.13
1.854	12.91	35.13
1.854	12.91	35.13
1.855	12.91	35.13
1.855	12.91	35.13
1.855	12.90	35.13
1.856	12.90	35.13
1.856	12.90	35.13
1.856	12.90	35.13
1.857	12.90	35.13
1.857	12.89	35.13
1.857	12.89	35.13
1.857	12.88	35.13
1.858	12.89	35.13
1.858	12.88	35.13
1.858	12.88	35.13
1.858	12.87	35.13
1.859	12.87	35.13
1.859	12.87	35.13
1.859	12.86	35.13
1.860	12.86	35.13
1.860	12.86	35.13
1.861	12.85	35.13
1.861	12.85	35.13
1.861	12.85	35.13
1.861	12.85	35.13
1.862	12.85	35.13
1.862	12.84	35.13
1.862	12.84	35.13
1.863	12.84	35.13
1.863	12.84	35.12
1.864	12.83	35.12
1.864	12.83	35.12
1.864	12.82	35.12
1.865	12.82	35.12
1.865	12.82	35.12
1.866	12.81	35.12
1.866	12.81	35.12
1.866	12.81	35.12
1.866	12.81	35.12
1.866	12.81	35.12
1.867	12.81	35.12
1.867	12.81	35.12
1.867	12.81	35.12
1.867	12.80	35.12
1.867	12.81	35.12
1.868	12.80	35.12
1.869	12.79	35.12
1.869	12.79	35.12
1.869	12.79	35.12
1.869	12.79	35.12
1.870	12.79	35.12
1.870	12.78	35.12
1.871	12.79	35.12
1.872	12.78	35.12
1.872	12.77	35.12
1.872	12.77	35.12
1.873	12.77	35.12
1.873	12.77	35.12
1.874	12.76	35.12
1.875	12.75	35.12
1.875	12.75	35.12
1.876	12.75	35.12
1.876	12.74	35.12
1.877	12.74	35.12
1.877	12.73	35.12
1.877	12.73	35.12
1.878	12.73	35.12
1.878	12.73	35.12
1.878	12.72	35.12
1.878	12.72	35.12
1.879	12.72	35.12
1.879	12.72	35.12
1.879	12.72	35.12
1.880	12.72	35.12
1.880	12.72	35.12
1.880	12.72	35.12
1.880	12.71	35.12
1.880	12.71	35.12
1.881	12.71	35.12
1.881	12.70	35.12
1.881	12.69	35.12
1.881	12.70	35.12
1.881	12.69	35.12
1.881	12.69	35.12
1.882	12.69	35.12
1.882	12.68	35.12
1.883	12.68	35.12
1.883	12.68	35.12
1.884	12.68	35.12
1.884	12.67	35.12
1.884	12.67	35.12
1.885	12.67	35.12
1.885	12.66	35.12
1.885	12.66	35.12
1.885	12.66	35.12
1.886	12.66	35.12
1.886	12.66	35.12
1.886	12.65	35.12
1.886	12.65	35.12
1.886	12.65	35.12
1.887	12.65	35.12
1.887	12.65	35.12
1.887	12.65	35.12
1.887	12.65	35.12
1.888	12.65	35.12
1.888	12.64	35.12
1.888	12.64	35.12
1.888	12.64	35.12
1.888	12.64	35.12
1.888	12.64	35.12
1.888	12.64	35.12
1.889	12.63	35.12
1.889	12.64	35.12
1.889	12.63	35.12
1.889	12.63	35.12
1.890	12.62	35.12
1.890	12.62	35.12
1.890	12.62	35.12
1.891	12.63	35.12
1.891	12.62	35.12
1.891	12.62	35.12
1.891	12.62	35.12
1.891	12.62	35.12
1.892	12.62	35.12
1.892	12.62	35.12
1.892	12.61	35.12
1.892	12.61	35.12
1.893	12.60	35.12
1.893	12.60	35.12
1.894	12.60	35.11
1.894	12.60	35.12
1.894	12.60	35.11
1.894	12.60	35.11
1.894	12.60	35.11
1.894	12.59	35.11
1.894	12.60	35.11
1.894	12.59	35.11
1.895	12.59	35.11
1.895	12.59	35.11
1.896	12.59	35.11
1.896	12.59	35.11
1.896	12.58	35.11
1.897	12.58	35.11
1.897	12.58	35.11
1.897	12.57	35.11
1.898	12.57	35.11
1.898	12.57	35.11
1.899	12.57	35.11
1.899	12.56	35.11
1.899	12.56	35.11
1.900	12.57	35.11
1.900	12.56	35.11
1.901	12.56	35.11
1.901	12.55	35.11
1.902	12.54	35.11
1.903	12.54	35.11
1.903	12.54	35.11
1.903	12.53	35.11
1.904	12.53	35.11
1.904	12.53	35.11
1.904	12.52	35.11
1.904	12.52	35.11
1.905	12.52	35.11
1.905	12.51	35.11
1.905	12.51	35.11
1.906	12.51	35.11
1.907	12.51	35.11
1.907	12.51	35.11
1.907	12.51	35.11
1.908	12.50	35.11
1.909	12.50	35.11
1.909	12.49	35.11
1.909	12.49	35.11
1.910	12.49	35.11
1.910	12.49	35.11
1.911	12.49	35.11
1.912	12.48	35.11
1.912	12.48	35.11
1.912	12.48	35.11
1.913	12.48	35.11
1.913	12.47	35.11
1.914	12.47	35.11
1.914	12.46	35.11
1.915	12.46	35.11
1.915	12.46	35.11
1.915	12.46	35.11
1.915	12.46	35.11
1.916	12.46	35.11
1.916	12.45	35.11
1.916	12.46	35.11
1.916	12.45	35.11
1.916	12.45	35.11
1.917	12.44	35.11
1.917	12.45	35.11
1.918	12.44	35.11
1.918	12.43	35.11
1.919	12.44	35.11
1.919	12.43	35.11
1.919	12.43	35.11
1.920	12.42	35.11
1.920	12.42	35.11
1.921	12.42	35.11
1.921	12.41	35.11
1.922	12.41	35.11
1.922	12.41	35.11
1.922	12.41	35.11
1.922	12.41	35.11
1.923	12.41	35.11
1.923	12.40	35.11
1.924	12.40	35.11
1.924	12.40	35.11
1.924	12.40	35.11
1.925	12.40	35.11
1.925	12.39	35.11
1.926	12.39	35.11
1.926	12.39	35.11
1.927	12.38	35.11
1.928	12.38	35.11
1.928	12.38	35.11
1.929	12.38	35.11
1.929	12.37	35.11
1.929	12.36	35.11
1.930	12.35	35.11
1.931	12.35	35.11
1.931	12.35	35.11
1.931	12.35	35.11
1.932	12.34	35.11
1.932	12.34	35.11
1.933	12.34	35.11
1.933	12.34	35.11
1.933	12.34	35.11
1.934	12.33	35.11
1.935	12.32	35.11
1.935	12.31	35.11
1.935	12.31	35.11
1.936	12.31	35.11
1.936	12.31	35.11
1.937	12.31	35.11
1.937	12.30	35.10
1.937	12.30	35.11
1.938	12.30	35.10
1.938	12.29	35.10
1.939	12.29	35.10
1.939	12.29	35.10
1.939	12.28	35.10
1.940	12.29	35.10
1.940	12.29	35.10
1.940	12.28	35.10
1.940	12.28	35.10
1.940	12.28	35.10
1.941	12.28	35.10
1.941	12.27	35.10
1.941	12.27	35.10
1.942	12.26	35.10
1.942	12.26	35.10
1.943	12.26	35.10
1.943	12.26	35.10
1.944	12.25	35.10
1.945	12.25	35.10
1.945	12.24	35.10
1.946	12.24	35.10
1.946	12.23	35.10
1.946	12.23	35.10
1.947	12.23	35.10
1.947	12.23	35.10
1.948	12.22	35.10
1.948	12.22	35.10
1.949	12.22	35.10
1.949	12.21	35.10
1.949	12.22	35.10
1.950	12.22	35.10
1.950	12.21	35.10
1.950	12.20	35.10
1.951	12.20	35.10
1.951	12.20	35.10
1.951	12.20	35.10
1.952	12.19	35.10
1.953	12.19	35.10
1.953	12.18	35.10
1.954	12.18	35.10
1.954	12.18	35.10
1.955	12.18	35.10
1.955	12.18	35.10
1.956	12.17	35.10
1.957	12.17	35.10
1.958	12.16	35.10
1.958	12.15	35.10
1.959	12.15	35.10
1.959	12.15	35.10
1.960	12.15	35.10
1.960	12.15	35.10
1.961	12.14	35.10
1.961	12.14	35.10
1.961	12.14	35.10
1.962	12.14	35.10
1.962	12.14	35.10
1.962	12.14	35.10
1.962	12.13	35.10
1.963	12.13	35.10
1.963	12.12	35.10
1.964	12.11	35.10
1.965	12.11	35.10
1.965	12.11	35.10
1.966	12.11	35.10
1.966	12.11	35.10
1.966	12.11	35.10
1.967	12.10	35.10
1.967	12.10	35.10
1.967	12.09	35.10
1.967	12.09	35.10
1.968	12.10	35.10
1.968	12.09	35.10
1.969	12.09	35.10
1.969	12.08	35.10
1.969	12.09	35.10
1.970	12.08	35.10
1.971	12.08	35.10
1.971	12.08	35.10
1.972	12.07	35.10
1.973	12.07	35.10
1.973	12.06	35.10
1.973	12.06	35.10
1.974	12.05	35.10
1.974	12.04	35.10
1.975	12.04	35.10
1.975	12.04	35.10
1.975	12.04	35.10
1.975	12.05	35.10
1.975	12.04	35.10
1.976	12.04	35.10
1.976	12.03	35.10
1.977	12.03	35.10
1.977	12.03	35.10
1.978	12.02	35.10
1.978	12.02	35.10
1.979	12.02	35.10
1.979	12.02	35.10
1.980	12.01	35.10
1.981	12.01	35.10
1.981	12.00	35.10
1.982	12.00	35.10
1.982	11.99	35.10
1.983	11.99	35.10
1.983	11.99	35.10
1.984	11.98	35.10
1.984	11.98	35.09
1.984	11.98	35.09
1.985	11.98	35.09
1.985	11.97	35.09
1.985	11.97	35.09
1.985	11.97	35.09
1.986	11.97	35.09
1.986	11.97	35.09
1.986	11.96	35.09
1.986	11.96	35.09
1.986	11.96	35.09
1.987	11.96	35.09
1.987	11.96	35.09
1.988	11.96	35.09
1.988	11.96	35.09
1.989	11.96	35.09
1.989	11.95	35.09
1.990	11.95	35.09
1.990	11.94	35.09
1.991	11.93	35.09
1.992	11.93	35.09
1.993	11.93	35.09
1.994	11.92	35.09
1.994	11.91	35.09
1.995	11.90	35.09
1.995	11.90	35.09
1.996	11.89	35.09
1.996	11.90	35.09
1.997	11.89	35.09
1.997	11.89	35.09
1.997	11.89	35.09
1.997	11.89	35.09
1.998	11.89	35.09
1.998	11.89	35.09
1.998	11.88	35.09
1.998	11.88	35.09
1.999	11.88	35.09
1.999	11.88	35.09
1.999	11.88	35.09
2.000	11.87	35.09
2.000	11.87	35.09
2.001	11.86	35.09
2.001	11.86	35.09
2.002	11.85	35.09
2.002	11.85	35.09
2.003	11.85	35.09
2.003	11.85	35.09
2.004	11.84	35.09
2.006	11.83	35.09
2.006	11.83	35.09
2.007	11.83	35.09
2.008	11.81	35.09
2.009	11.80	35.09
2.010	11.80	35.09
2.010	11.80	35.09
2.011	11.79	35.09
2.012	11.79	35.09
2.012	11.79	35.09
2.013	11.78	35.09
2.014	11.78	35.09
2.014	11.78	35.09
2.015	11.77	35.09
2.015	11.77	35.09
2.016	11.77	35.09
2.016	11.77	35.09
2.017	11.75	35.09
2.017	11.75	35.09
2.017	11.75	35.09
2.018	11.74	35.09
2.019	11.74	35.09
2.019	11.73	35.09
2.020	11.74	35.09
2.020	11.73	35.09
2.021	11.72	35.09
2.021	11.72	35.09
2.021	11.72	35.09
2.022	11.72	35.09
2.022	11.71	35.09
2.023	11.71	35.09
2.023	11.71	35.09
2.024	11.70	35.09
2.024	11.70	35.09
2.024	11.70	35.09
2.025	11.70	35.09
2.025	11.70	35.09
2.025	11.70	35.09
2.026	11.70	35.09
2.026	11.70	35.09
2.026	11.69	35.09
2.026	11.68	35.09
2.027	11.68	35.09
2.027	11.68	35.09
2.027	11.68	35.09
2.028	11.67	35.09
2.028	11.67	35.09
2.028	11.67	35.09
2.028	11.67	35.09
2.029	11.67	35.09
2.029	11.67	35.08
2.029	11.67	35.08
2.029	11.67	35.08
2.029	11.66	35.08
2.030	11.66	35.08
2.030	11.66	35.08
2.030	11.66	35.08
2.031	11.66	35.08
2.031	11.66	35.08
2.031	11.66	35.08
2.031	11.66	35.08
2.031	11.66	35.08
2.032	11.65	35.08
2.032	11.65	35.08
2.033	11.65	35.08
2.033	11.65	35.08
2.033	11.65	35.08
2.033	11.65	35.08
2.033	11.65	35.08
2.033	11.65	35.08
2.034	11.64	35.08
2.034	11.64	35.08
2.036	11.63	35.08
2.038	11.62	35.08
2.039	11.62	35.08
2.039	11.62	35.08
2.039	11.61	35.08
2.041	11.60	35.08
2.042	11.59	35.08
2.043	11.59	35.08
2.044	11.59	35.08
2.044	11.59	35.08
2.044	11.58	35.08
2.045	11.58	35.08
2.046	11.58	35.08
2.047	11.57	35.08
2.048	11.55	35.08
2.049	11.55	35.08
2.049	11.55	35.08
2.049	11.55	35.08
2.050	11.55	35.08
2.050	11.55	35.08
2.051	11.54	35.08
2.051	11.54	35.08
2.053	11.53	35.08
2.053	11.53	35.08
2.054	11.53	35.08
2.054	11.53	35.08
2.054	11.53	35.08
2.055	11.52	35.08
2.056	11.51	35.08
2.056	11.51	35.08
2.056	11.51	35.08
2.056	11.51	35.08
2.057	11.50	35.08
2.057	11.50	35.08
2.057	11.50	35.08
2.058	11.49	35.08
2.058	11.49	35.08
2.059	11.49	35.08
2.060	11.48	35.08
2.060	11.49	35.08
2.060	11.48	35.08
2.061	11.48	35.08
2.062	11.48	35.08
2.063	11.47	35.08
2.064	11.46	35.08
2.064	11.45	35.08
2.065	11.45	35.08
2.065	11.45	35.08
2.066	11.45	35.08
2.067	11.44	35.08
2.068	11.44	35.08
2.069	11.43	35.08
2.070	11.42	35.08
2.071	11.42	35.08
2.072	11.42	35.08
2.073	11.41	35.08
2.074	11.41	35.08
2.074	11.40	35.08
2.075	11.39	35.08
2.076	11.38	35.08
2.077	11.37	35.08
2.078	11.37	35.08
2.079	11.37	35.08
2.079	11.36	35.08
2.080	11.36	35.08
2.080	11.36	35.08
2.081	11.36	35.08
2.081	11.35	35.08
2.082	11.35	35.08
2.082	11.35	35.08
2.083	11.35	35.08
2.083	11.34	35.08
2.084	11.33	35.08
2.084	11.33	35.08
2.084	11.33	35.08
2.085	11.33	35.08
2.085	11.33	35.08
2.085	11.32	35.08
2.086	11.32	35.08
2.086	11.33	35.08
2.087	11.32	35.08
2.087	11.31	35.08
2.088	11.31	35.08
2.089	11.31	35.08
2.089	11.31	35.08
2.090	11.31	35.08
2.090	11.30	35.08
2.090	11.30	35.08
2.090	11.30	35.08
2.091	11.30	35.08
2.091	11.30	35.08
2.091	11.30	35.08
2.092	11.29	35.08
2.092	11.29	35.08
2.093	11.28	35.08
2.093	11.28	35.08
2.094	11.28	35.08
2.094	11.28	35.08
2.094	11.27	35.08
2.095	11.27	35.07
2.095	11.27	35.07
2.095	11.27	35.07
2.095	11.27	35.07
2.096	11.27	35.07
2.096	11.26	35.07
2.096	11.26	35.07
2.097	11.26	35.07
2.097	11.26	35.07
2.098	11.25	35.07
2.098	11.25	35.07
2.098	11.25	35.07
2.099	11.24	35.07
2.099	11.24	35.07
2.099	11.24	35.07
2.099	11.24	35.07
2.099	11.24	35.07
2.100	11.24	35.07
2.100	11.23	35.07
2.100	11.23	35.07
2.100	11.23	35.07
2.100	11.23	35.07
2.101	11.23	35.07
2.101	11.22	35.07
2.101	11.23	35.07
2.101	11.22	35.07
2.102	11.22	35.07
2.102	11.22	35.07
2.103	11.22	35.07
2.103	11.22	35.07
2.103	11.21	35.07
2.104	11.22	35.07
2.104	11.22	35.07
2.105	11.22	35.07
2.105	11.21	35.07
2.106	11.21	35.07
2.106	11.21	35.07
2.106	11.21	35.07
2.107	11.20	35.07
2.107	11.19	35.07
2.108	11.19	35.07
2.108	11.19	35.07
2.109	11.19	35.07
2.109	11.18	35.07
2.110	11.18	35.07
2.110	11.18	35.07
2.110	11.18	35.07
2.111	11.18	35.07
2.111	11.17	35.07
2.112	11.17	35.07
2.112	11.17	35.07
2.113	11.16	35.07
2.113	11.16	35.07
2.114	11.16	35.07
2.115	11.16	35.07
2.116	11.15	35.07
2.117	11.15	35.07
2.117	11.15	35.07
2.117	11.15	35.07
2.117	11.14	35.07
2.117	11.14	35.07
2.117	11.14	35.07
2.117	11.14	35.07
2.117	11.14	35.07
2.117	11.14	35.07
2.117	11.14	35.07
2.117	11.14	35.07
2.118	11.14	35.07
2.118	11.14	35.07
2.119	11.14	35.07
2.119	11.13	35.07
2.119	11.13	35.07
2.119	11.13	35.07
2.119	11.13	35.07
2.119	11.13	35.07
2.119	11.13	35.07
2.119	11.13	35.07
2.120	11.12	35.07
2.120	11.12	35.07
2.121	11.12	35.07
2.121	11.12	35.07
2.122	11.11	35.07
2.122	11.11	35.07
2.123	11.11	35.07
2.123	11.11	35.07
2.124	11.10	35.07
2.125	11.10	35.07
2.125	11.10	35.07
2.125	11.09	35.07
2.125	11.10	35.07
2.125	11.09	35.07
2.126	11.09	35.07
2.127	11.08	35.07
2.127	11.08	35.07
2.128	11.08	35.07
2.128	11.08	35.07
2.129	11.07	35.07
2.129	11.07	35.07
2.130	11.06	35.07
2.131	11.05	35.07
2.132	11.05	35.07
2.133	11.04	35.07
2.134	11.04	35.07
2.134	11.04	35.07
2.135	11.04	35.07
2.135	11.03	35.07
2.135	11.03	35.07
2.135	11.03	35.07
2.136	11.03	35.07
2.136	11.03	35.06
2.137	11.02	35.06
2.137	11.02	35.06
2.137	11.02	35.06
2.137	11.02	35.06
2.137	11.01	35.06
2.138	11.01	35.06
2.138	11.01	35.06
2.139	11.01	35.06
2.140	11.00	35.06
2.141	11.00	35.06
2.142	10.99	35.06
2.143	10.99	35.06
2.144	10.98	35.06
2.144	10.98	35.06
2.145	10.97	35.06
2.146	10.97	35.06
2.147	10.96	35.06
2.147	10.96	35.06
2.148	10.95	35.06
2.148	10.94	35.06
2.149	10.94	35.06
2.150	10.94	35.06
2.151	10.93	35.06
2.151	10.93	35.06
2.152	10.92	35.06
2.152	10.93	35.06
2.153	10.92	35.06
2.154	10.92	35.06
2.154	10.92	35.06
2.154	10.91	35.06
2.154	10.92	35.06
2.154	10.91	35.06
2.154	10.91	35.06
2.155	10.91	35.06
2.156	10.90	35.06
2.158	10.89	35.06
2.159	10.89	35.06
2.160	10.89	35.06
2.161	10.88	35.06
2.161	10.87	35.06
2.162	10.86	35.06
2.162	10.85	35.06
2.163	10.85	35.06
2.163	10.85	35.06
2.164	10.85	35.06
2.164	10.84	35.06
2.164	10.84	35.06
2.164	10.84	35.06
2.165	10.83	35.06
2.165	10.84	35.06
2.166	10.83	35.06
2.166	10.83	35.06
2.167	10.83	35.06
2.168	10.82	35.06
2.168	10.82	35.06
2.169	10.81	35.06
2.169	10.82	35.06
2.170	10.81	35.06
2.170	10.81	35.06
2.171	10.81	35.06
2.171	10.81	35.06
2.172	10.80	35.06
2.173	10.80	35.06
2.173	10.79	35.06
2.174	10.79	35.06
2.174	10.78	35.06
2.174	10.78	35.06
2.175	10.78	35.06
2.175	10.78	35.06
2.176	10.78	35.06
2.176	10.78	35.06
2.177	10.77	35.06
2.177	10.77	35.06
2.177	10.77	35.06
2.178	10.76	35.06
2.178	10.76	35.06
2.178	10.76	35.06
2.179	10.75	35.06
2.179	10.75	35.06
2.180	10.74	35.06
2.180	10.74	35.06
2.181	10.74	35.06
2.181	10.74	35.06
2.181	10.74	35.06
2.181	10.74	35.06
2.181	10.74	35.06
2.182	10.74	35.06
2.182	10.74	35.06
2.182	10.74	35.06
2.182	10.74	35.06
2.182	10.74	35.06
2.183	10.74	35.06
2.183	10.74	35.06
2.184	10.74	35.06
2.184	10.73	35.06
2.185	10.74	35.06
2.185	10.73	35.06
2.186	10.72	35.06
2.186	10.72	35.06
2.187	10.72	35.06
2.187	10.72	35.06
2.188	10.71	35.05
2.188	10.72	35.05
2.189	10.71	35.05
2.189	10.71	35.05
2.190	10.71	35.05
2.191	10.70	35.05
2.191	10.70	35.05
2.191	10.70	35.05
2.191	10.70	35.05
2.191	10.70	35.05
2.192	10.70	35.05
2.193	10.69	35.05
2.193	10.69	35.05
2.194	10.69	35.05
2.195	10.68	35.05
2.196	10.68	35.05
2.197	10.67	35.05
2.198	10.67	35.05
2.198	10.67	35.05
2.199	10.66	35.05
2.200	10.66	35.05
2.200	10.66	35.05
2.201	10.65	35.05
2.202	10.65	35.05
2.202	10.65	35.05
2.202	10.64	35.05
2.203	10.64	35.05
2.203	10.64	35.05
2.203	10.64	35.05
2.202	10.64	35.05
2.202	10.64	35.05
2.202	10.64	35.05
2.203	10.64	35.05
2.203	10.64	35.05
2.204	10.63	35.05
2.205	10.63	35.05
2.206	10.63	35.05
2.208	10.62	35.05
2.209	10.61	35.05
2.209	10.61	35.05
2.209	10.61	35.05
2.209	10.61	35.05
2.209	10.61	35.05
2.209	10.60	35.05
2.209	10.61	35.05
2.210	10.60	35.05
2.210	10.60	35.05
2.210	10.59	35.05
2.210	10.59	35.05
2.211	10.59	35.05
2.211	10.59	35.05
2.212	10.59	35.05
2.213	10.59	35.05
2.213	10.58	35.05
2.214	10.58	35.05
2.214	10.58	35.05
2.215	10.58	35.05
2.215	10.57	35.05
2.215	10.57	35.05
2.215	10.57	35.05
2.216	10.57	35.05
2.216	10.57	35.05
2.217	10.57	35.05
2.217	10.57	35.05
2.217	10.57	35.05
2.218	10.56	35.05
2.219	10.55	35.05
2.219	10.55	35.05
2.219	10.55	35.05
2.220	10.55	35.05
2.220	10.55	35.05
2.221	10.54	35.05
2.221	10.54	35.05
2.222	10.54	35.05
2.222	10.54	35.05
2.222	10.54	35.05
2.223	10.53	35.05
2.223	10.52	35.05
2.224	10.52	35.05
2.224	10.52	35.05
2.224	10.52	35.05
2.224	10.51	35.05
2.225	10.51	35.05
2.225	10.51	35.05
2.226	10.51	35.05
2.227	10.50	35.05
2.228	10.50	35.05
2.228	10.50	35.05
2.229	10.49	35.05
2.230	10.48	35.05
2.231	10.47	35.05
2.232	10.47	35.05
2.233	10.47	35.05
2.235	10.46	35.05
2.235	10.46	35.05
2.236	10.46	35.05
2.236	10.45	35.05
2.236	10.45	35.05
2.237	10.44	35.05
2.238	10.44	35.05
2.238	10.44	35.05
2.239	10.44	35.05
2.240	10.43	35.05
2.243	10.42	35.05
2.245	10.40	35.05
2.248	10.39	35.05
2.249	10.38	35.05
2.251	10.37	35.05
2.253	10.36	35.05
2.254	10.35	35.05
2.254	10.35	35.05
2.256	10.34	35.05
2.257	10.34	35.05
2.258	10.33	35.05
2.259	10.33	35.05
2.260	10.33	35.05
2.260	10.32	35.05
2.261	10.32	35.05
2.261	10.31	35.04
2.262	10.31	35.04
2.263	10.31	35.04
2.263	10.30	35.04
2.264	10.30	35.04
2.264	10.30	35.04
2.265	10.29	35.04
2.265	10.29	35.04
2.266	10.28	35.04
2.266	10.28	35.04
2.267	10.27	35.04
2.267	10.27	35.04
2.268	10.27	35.04
2.269	10.27	35.04
2.269	10.26	35.04
2.270	10.26	35.04
2.271	10.26	35.04
2.271	10.26	35.04
2.272	10.25	35.04
2.273	10.25	35.04
2.273	10.25	35.04
2.274	10.25	35.04
2.274	10.24	35.04
2.275	10.24	35.04
2.276	10.24	35.04
2.276	10.23	35.04
2.277	10.23	35.04
2.277	10.23	35.04
2.278	10.23	35.04
2.278	10.23	35.04
2.278	10.23	35.04
2.279	10.23	35.04
2.279	10.22	35.04
2.280	10.22	35.04
2.280	10.22	35.04
2.281	10.22	35.04
2.282	10.22	35.04
2.282	10.22	35.04
2.283	10.21	35.04
2.283	10.21	35.04
2.284	10.21	35.04
2.285	10.20	35.04
2.285	10.20	35.04
2.285	10.20	35.04
2.286	10.20	35.04
2.287	10.19	35.04
2.288	10.19	35.04
2.289	10.19	35.04
2.289	10.19	35.04
2.290	10.18	35.04
2.290	10.18	35.04
2.291	10.17	35.04
2.291	10.17	35.04
2.292	10.17	35.04
2.293	10.16	35.04
2.294	10.16	35.04
2.295	10.15	35.04
2.296	10.15	35.04
2.297	10.15	35.04
2.298	10.14	35.04
2.299	10.14	35.04
2.300	10.14	35.04
2.301	10.13	35.04
2.302	10.13	35.04
2.303	10.13	35.04
2.304	10.12	35.04
2.305	10.12	35.04
2.305	10.11	35.04
2.306	10.11	35.04
2.306	10.11	35.04
2.306	10.11	35.04
2.307	10.11	35.04
2.307	10.11	35.04
2.308	10.10	35.04
2.309	10.10	35.04
2.309	10.10	35.04
2.309	10.10	35.04
2.310	10.09	35.04
2.310	10.09	35.04
2.311	10.08	35.04
2.312	10.08	35.04
2.312	10.07	35.04
2.313	10.07	35.04
2.313	10.07	35.04
2.314	10.07	35.04
2.314	10.06	35.04
2.314	10.06	35.04
2.315	10.06	35.04
2.315	10.06	35.04
2.316	10.06	35.04
2.316	10.05	35.04
2.316	10.05	35.04
2.316	10.05	35.04
2.316	10.05	35.04
2.316	10.05	35.04
2.316	10.05	35.04
2.316	10.05	35.04
2.316	10.05	35.04
2.316	10.05	35.04
2.317	10.05	35.04
2.317	10.05	35.04
2.317	10.04	35.04
2.317	10.04	35.04
2.317	10.04	35.04
2.317	10.04	35.04
2.317	10.04	35.04
2.318	10.04	35.04
2.318	10.04	35.04
2.319	10.04	35.04
2.320	10.03	35.04
2.321	10.03	35.04
2.321	10.02	35.04
2.322	10.02	35.04
2.322	10.01	35.03
2.323	10.01	35.03
2.324	10.01	35.03
2.324	10.01	35.03
2.325	10.01	35.03
2.325	10.00	35.03
2.326	10.00	35.03
2.326	10.00	35.03
2.326	10.00	35.03
2.327	10.00	35.03
2.327	9.99	35.03
2.328	9.99	35.03
2.328	9.98	35.03
2.329	9.98	35.03
2.329	9.98	35.03
2.329	9.98	35.03
2.329	9.98	35.03
2.330	9.98	35.03
2.330	9.98	35.03
2.330	9.98	35.03
2.331	9.97	35.03
2.331	9.97	35.03
2.331	9.97	35.03
2.332	9.97	35.03
2.332	9.96	35.03
2.332	9.96	35.03
2.333	9.96	35.03
2.334	9.96	35.03
2.334	9.95	35.03
2.335	9.94	35.03
2.336	9.94	35.03
2.337	9.93	35.03
2.337	9.93	35.03
2.338	9.93	35.03
2.338	9.93	35.03
2.339	9.93	35.03
2.339	9.92	35.03
2.339	9.92	35.03
2.339	9.92	35.03
2.340	9.92	35.03
2.341	9.91	35.03
2.342	9.90	35.03
2.342	9.90	35.03
2.343	9.90	35.03
2.344	9.90	35.03
2.344	9.89	35.03
2.345	9.89	35.03
2.345	9.89	35.03
2.345	9.89	35.03
2.346	9.89	35.03
2.347	9.88	35.03
2.347	9.88	35.03
2.348	9.87	35.03
2.349	9.87	35.03
2.351	9.85	35.03
2.352	9.84	35.03
2.353	9.84	35.03
2.353	9.84	35.03
2.354	9.83	35.03
2.355	9.83	35.03
2.356	9.82	35.03
2.357	9.81	35.03
2.358	9.81	35.03
2.359	9.80	35.03
2.359	9.80	35.03
2.359	9.80	35.03
2.359	9.80	35.03
2.360	9.80	35.03
2.360	9.80	35.03
2.360	9.80	35.03
2.360	9.80	35.03
2.361	9.80	35.03
2.361	9.80	35.03
2.361	9.80	35.03
2.361	9.79	35.03
2.361	9.79	35.03
2.361	9.80	35.03
2.361	9.79	35.03
2.361	9.80	35.03
2.361	9.79	35.03
2.361	9.79	35.03
2.361	9.79	35.03
2.361	9.79	35.03
2.361	9.79	35.03
2.361	9.79	35.03
2.361	9.79	35.03
2.361	9.79	35.03
2.361	9.79	35.03
2.361	9.79	35.03
2.361	9.79	35.03
2.361	9.79	35.03
2.361	9.79	35.03
2.361	9.79	35.03
2.361	9.79	35.03
2.361	9.79	35.03
2.361	9.79	35.03
2.361	9.79	35.03
2.361	9.80	35.03
2.361	9.80	35.03
2.361	9.80	35.03
2.361	9.79	35.03
2.361	9.79	35.03
2.361	9.80	35.03
2.361	9.79	35.02
2.361	9.79	35.03
2.361	9.79	35.02
2.361	9.79	35.02
2.361	9.80	35.02
2.361	9.80	35.02
2.361	9.80	35.02
2.361	9.80	35.02
2.361	9.80	35.02
2.361	9.80	35.02
2.361	9.79	35.02
2.361	9.80	35.02
2.361	9.80	35.02
2.361	9.80	35.02
2.361	9.80	35.02
2.361	9.79	35.02
2.361	9.80	35.02
2.361	9.80	35.02
2.362	9.79	35.02
2.364	9.77	35.02
2.366	9.77	35.02
2.367	9.77	35.02
2.367	9.77	35.02
2.367	9.76	35.02
2.368	9.77	35.02
2.368	9.76	35.02
2.368	9.76	35.02
2.369	9.76	35.02
2.371	9.76	35.02
2.373	9.75	35.02
2.376	9.74	35.02
2.379	9.73	35.02
2.382	9.71	35.02
2.385	9.70	35.02
2.387	9.69	35.02
2.389	9.68	35.02
2.390	9.67	35.02
2.391	9.67	35.02
2.392	9.66	35.02
2.393	9.66	35.02
2.393	9.65	35.02
2.393	9.65	35.02
2.395	9.64	35.02
2.397	9.64	35.02
2.399	9.63	35.02
2.400	9.62	35.02
2.401	9.62	35.02
2.402	9.61	35.02
2.402	9.61	35.02
2.403	9.61	35.02
2.404	9.60	35.02
2.405	9.60	35.02
2.406	9.59	35.02
2.406	9.59	35.02
2.407	9.59	35.02
2.407	9.59	35.02
2.408	9.58	35.02
2.408	9.58	35.02
2.409	9.58	35.02
2.409	9.58	35.02
2.409	9.58	35.02
2.410	9.57	35.02
2.410	9.57	35.02
2.411	9.57	35.02
2.411	9.56	35.02
2.412	9.56	35.02
2.412	9.56	35.02
2.413	9.55	35.02
2.413	9.55	35.02
2.414	9.55	35.02
2.414	9.55	35.02
2.414	9.54	35.02
2.414	9.54	35.02
2.415	9.53	35.02
2.416	9.53	35.02
2.416	9.53	35.02
2.417	9.51	35.02
2.418	9.51	35.02
2.418	9.51	35.02
2.419	9.51	35.02
2.419	9.51	35.02
2.419	9.50	35.02
2.420	9.50	35.02
2.420	9.50	35.02
2.421	9.49	35.02
2.421	9.49	35.02
2.421	9.49	35.02
2.422	9.49	35.02
2.421	9.48	35.02
2.421	9.48	35.02
2.421	9.48	35.02
2.421	9.48	35.02
2.421	9.48	35.02
2.421	9.47	35.02
2.421	9.47	35.02
2.421	9.47	35.02
2.421	9.47	35.02
2.422	9.46	35.02
2.422	9.47	35.02
2.422	9.48	35.02
2.423	9.48	35.02
2.424	9.48	35.02
2.424	9.47	35.02
2.425	9.48	35.02
2.425	9.47	35.02
2.426	9.46	35.02
2.427	9.46	35.02
2.428	9.46	35.02
2.428	9.45	35.02
2.429	9.44	35.02
2.429	9.43	35.02
2.429	9.43	35.02
2.430	9.43	35.02
2.430	9.42	35.02
2.431	9.42	35.02
2.431	9.42	35.02
2.432	9.42	35.02
2.432	9.42	35.02
2.433	9.41	35.01
2.433	9.41	35.01
2.434	9.41	35.01
2.435	9.41	35.01
2.435	9.40	35.01
2.436	9.40	35.01
2.437	9.40	35.01
2.438	9.40	35.01
2.438	9.40	35.01
2.439	9.39	35.01
2.441	9.39	35.01
2.441	9.38	35.01
2.442	9.38	35.01
2.443	9.38	35.01
2.443	9.38	35.01
2.443	9.38	35.01
2.443	9.38	35.01
2.444	9.38	35.01
2.444	9.38	35.01
2.445	9.38	35.01
2.446	9.38	35.01
2.448	9.37	35.01
2.448	9.36	35.01
2.449	9.36	35.01
2.450	9.35	35.01
2.451	9.34	35.01
2.452	9.34	35.01
2.452	9.34	35.01
2.453	9.33	35.01
2.453	9.33	35.01
2.453	9.33	35.01
2.453	9.32	35.01
2.453	9.32	35.01
2.454	9.31	35.01
2.454	9.30	35.01
2.455	9.30	35.01
2.455	9.30	35.01
2.455	9.30	35.01
2.455	9.30	35.01
2.455	9.30	35.01
2.455	9.30	35.01
2.455	9.30	35.01
2.454	9.30	35.01
2.455	9.30	35.01
2.455	9.29	35.01
2.455	9.30	35.01
2.455	9.29	35.01
2.456	9.28	35.01
2.457	9.26	35.01
2.459	9.26	35.01
2.459	9.25	35.01
2.460	9.25	35.01
2.462	9.25	35.01
2.463	9.23	35.01
2.464	9.22	35.01
2.465	9.21	35.01
2.466	9.20	35.01
2.466	9.20	35.01
2.467	9.20	35.01
2.466	9.20	35.01
2.466	9.20	35.01
2.466	9.20	35.01
2.466	9.20	35.01
2.466	9.20	35.01
2.466	9.20	35.01
2.466	9.19	35.01
2.467	9.20	35.01
2.467	9.19	35.01
2.468	9.19	35.01
2.469	9.20	35.01
2.470	9.20	35.01
2.471	9.20	35.01
2.472	9.19	35.01
2.473	9.18	35.01
2.473	9.19	35.01
2.473	9.18	35.01
2.474	9.18	35.01
2.474	9.18	35.01
2.475	9.18	35.01
2.475	9.18	35.01
2.476	9.18	35.01
2.476	9.17	35.01
2.476	9.17	35.01
2.476	9.17	35.01
2.476	9.17	35.01
2.476	9.17	35.01
2.476	9.17	35.01
2.476	9.17	35.01
2.476	9.17	35.01
2.476	9.18	35.01
2.476	9.17	35.01
2.476	9.17	35.01
2.476	9.17	35.01
2.477	9.17	35.01
2.478	9.16	35.01
2.479	9.16	35.01
2.480	9.16	35.01
2.481	9.16	35.01
2.483	9.16	35.01
2.485	9.17	35.01
2.487	9.16	35.01
2.488	9.16	35.01
2.488	9.16	35.01
2.489	9.16	35.01
2.490	9.16	35.01
2.491	9.16	35.01
2.491	9.15	35.01
2.492	9.15	35.01
2.493	9.14	35.01
2.494	9.13	35.00
2.496	9.12	35.01
2.497	9.10	35.01
2.498	9.11	35.00
2.498	9.10	35.00
2.498	9.11	35.00
2.499	9.12	35.00
2.499	9.13	35.00
2.499	9.13	35.00
2.501	9.13	35.00
2.502	9.11	35.00
2.503	9.09	35.00
2.504	9.08	35.00
2.504	9.08	35.00
2.504	9.07	35.00
2.504	9.07	35.00
2.504	9.08	35.00
2.504	9.07	35.00
2.504	9.08	35.00
2.505	9.08	35.00
2.505	9.08	35.00
2.507	9.08	35.00
2.507	9.08	35.00
2.507	9.07	35.00
2.508	9.07	35.00
2.509	9.06	35.00
2.511	9.06	35.00
2.512	9.05	35.00
2.512	9.05	35.00
2.513	9.05	35.00
2.513	9.05	35.00
2.513	9.05	35.00
2.513	9.05	35.00
2.514	9.04	35.00
2.515	9.04	35.00
2.515	9.04	35.00
2.517	9.03	35.00
2.518	9.03	35.00
2.520	9.03	35.00
2.520	9.03	35.00
2.520	9.02	35.00
2.521	9.02	35.00
2.521	9.01	35.00
2.521	9.02	35.00
2.521	9.01	35.00
2.521	9.01	35.00
2.522	9.01	35.00
2.522	9.01	35.00
2.522	9.02	35.00
2.522	9.01	35.00
2.522	9.01	35.00
2.523	9.01	35.00
2.523	9.01	35.00
2.523	9.01	35.00
2.524	9.01	35.00
2.524	9.01	35.00
2.525	9.01	35.00
2.525	9.01	35.00
2.525	9.00	35.00
2.526	9.00	35.00
2.526	9.00	35.00
2.526	9.00	35.00
2.527	9.00	35.00
2.527	9.00	35.00
2.528	9.00	35.00
2.528	9.00	35.00
2.528	9.00	35.00
2.529	9.00	35.00
2.529	9.00	35.00
2.529	8.99	35.00
2.530	9.00	35.00
2.530	8.99	35.00
2.531	8.99	35.00
2.531	8.98	35.00
2.532	8.98	35.00
2.532	8.98	35.00
2.532	8.98	35.00
2.532	8.98	35.00
2.532	8.98	35.00
2.532	8.98	35.00
2.533	8.98	35.00
2.533	8.98	35.00
2.533	8.97	35.00
2.534	8.97	35.00
2.534	8.97	35.00
2.534	8.97	35.00
2.535	8.98	35.00
2.535	8.97	35.00
2.536	8.98	35.00
2.537	8.97	35.00
2.538	8.97	35.00
2.538	8.97	35.00
2.539	8.97	35.00
2.539	8.98	35.00
2.539	8.97	35.00
2.539	8.97	35.00
2.540	8.97	35.00
2.540	8.97	35.00
2.540	8.97	35.00
2.540	8.97	35.00
2.540	8.97	35.00
2.540	8.97	35.00
2.540	8.97	35.00
2.540	8.96	35.00
2.540	8.97	35.00
2.540	8.96	35.00
2.540	8.97	35.00
2.540	8.97	35.00
2.540	8.97	34.99
2.541	8.96	35.00
2.541	8.96	34.99
2.542	8.96	34.99
2.542	8.96	34.99
2.543	8.96	34.99
2.543	8.96	34.99
2.544	8.96	34.99
2.544	8.96	34.99
2.544	8.96	34.99
2.545	8.96	34.99
2.546	8.96	34.99
2.546	8.96	34.99
2.548	8.95	34.99
2.549	8.96	34.99
2.549	8.94	34.99
2.551	8.94	34.99
2.552	8.94	34.99
2.553	8.94	34.99
2.554	8.94	34.99
2.555	8.93	34.99
2.556	8.93	34.99
2.556	8.93	34.99
2.557	8.94	34.99
2.557	8.93	34.99
2.558	8.93	34.99
2.558	8.93	34.99
2.558	8.93	34.99
2.559	8.93	34.99
2.559	8.92	34.99
2.560	8.92	34.99
2.561	8.91	34.99
2.562	8.92	34.99
2.562	8.91	34.99
2.562	8.91	34.99
2.563	8.91	34.99
2.564	8.91	34.99
2.565	8.91	34.99
2.566	8.91	34.99
2.567	8.90	34.99
2.568	8.89	34.99
2.569	8.89	34.99
2.569	8.89	34.99
2.570	8.89	34.99
2.570	8.89	34.99
2.571	8.88	34.99
2.571	8.89	34.99
2.571	8.89	34.99
2.572	8.90	34.99
2.572	8.88	34.99
2.573	8.89	34.99
2.574	8.88	34.99
2.574	8.88	34.99
2.575	8.89	34.99
2.575	8.89	34.99
2.576	8.89	34.99
2.577	8.89	34.99
2.577	8.89	34.99
2.578	8.89	34.99
2.578	8.89	34.99
2.578	8.89	34.99
2.579	8.89	34.99
2.579	8.90	34.99
2.580	8.89	34.99
2.581	8.89	34.99
2.582	8.88	34.99
2.584	8.88	34.99
2.586	8.88	34.99
2.587	8.87	34.99
2.587	8.87	34.99
2.588	8.87	34.99
2.588	8.87	34.99
2.588	8.87	34.99
2.589	8.87	34.99
2.589	8.86	34.99
2.590	8.87	34.99
2.591	8.85	34.99
2.592	8.84	34.99
2.592	8.84	34.99
2.592	8.84	34.99
2.592	8.83	34.99
2.592	8.83	34.99
2.592	8.86	34.99
2.593	8.82	34.99
2.593	8.86	34.99
2.594	8.85	34.99
2.596	8.84	34.99
2.598	8.82	34.99
2.600	8.82	34.99
2.602	8.82	34.99
2.605	8.80	34.99
2.607	8.79	34.99
2.608	8.78	34.99
2.609	8.79	34.99
2.610	8.78	34.99
2.611	8.79	34.99
2.611	8.76	34.99
2.612	8.76	34.99
2.613	8.77	34.99
2.614	8.76	34.99
2.615	8.76	34.99
2.618	8.76	34.98
2.620	8.75	34.99
2.621	8.74	34.98
2.621	8.74	34.98
2.621	8.74	34.98
2.621	8.75	34.98
2.623	8.74	34.98
2.624	8.75	34.98
2.625	8.74	34.98
2.626	8.73	34.98
2.627	8.75	34.98
2.629	8.75	34.98
2.631	8.73	34.98
2.632	8.72	34.98
2.633	8.72	34.98
2.633	8.71	34.98
2.634	8.71	34.98
2.634	8.71	34.98
2.635	8.70	34.98
2.636	8.70	34.98
2.636	8.69	34.98
2.636	8.69	34.98
2.637	8.68	34.98
2.637	8.65	34.98
2.638	8.67	34.98
2.639	8.68	34.98
2.639	8.68	34.98
2.640	8.68	34.98
2.641	8.70	34.98
2.642	8.68	34.98
2.643	8.69	34.98
2.643	8.69	34.98
2.643	8.67	34.98
2.643	8.67	34.98
2.644	8.68	34.98
2.645	8.66	34.98
2.645	8.68	34.98
2.645	8.66	34.98
2.646	8.67	34.98
2.646	8.67	34.98
2.646	8.66	34.98
2.647	8.65	34.98
2.647	8.68	34.98
2.648	8.66	34.98
2.648	8.64	34.98
2.649	8.62	34.98
2.649	8.63	34.98
2.650	8.63	34.98
2.651	8.65	34.98
2.651	8.63	34.98
2.651	8.63	34.98
2.652	8.63	34.98
2.652	8.63	34.98
2.652	8.62	34.98
2.653	8.63	34.98
2.653	8.62	34.98
2.654	8.61	34.98
2.655	8.59	34.98
2.655	8.60	34.98
2.656	8.60	34.98
2.656	8.59	34.98
2.657	8.62	34.98
2.658	8.64	34.98
2.659	8.64	34.98
2.659	8.59	34.98
2.660	8.61	34.98
2.661	8.61	34.98
2.661	8.61	34.98
2.663	8.62	34.98
2.663	8.63	34.98
2.664	8.61	34.98
2.666	8.61	34.98
2.666	8.60	34.98
2.667	8.61	34.98
2.667	8.61	34.98
2.668	8.59	34.98
2.670	8.59	34.98
2.672	8.57	34.98
2.673	8.55	34.98
2.674	8.56	34.98
2.675	8.55	34.98
2.676	8.54	34.98
2.676	8.53	34.98
2.677	8.53	34.98
2.678	8.54	34.98
2.679	8.53	34.98
2.680	8.55	34.98
2.681	8.54	34.98
2.682	8.54	34.98
2.683	8.55	34.98
2.683	8.53	34.98
2.684	8.54	34.98
2.684	8.55	34.98
2.685	8.54	34.98
2.685	8.53	34.98
2.686	8.53	34.98
2.686	8.53	34.98
2.687	8.53	34.98
2.687	8.53	34.98
2.688	8.52	34.98
2.690	8.52	34.98
2.690	8.51	34.98
2.691	8.51	34.98
2.692	8.50	34.98
2.692	8.50	34.98
2.693	8.51	34.98
2.694	8.50	34.97
2.695	8.50	34.97
2.696	8.49	34.98
2.697	8.50	34.97
2.697	8.49	34.97
2.698	8.50	34.97
2.699	8.48	34.97
2.701	8.49	34.97
2.703	8.49	34.97
2.706	8.48	34.97
2.706	8.49	34.97
2.706	8.48	34.97
2.707	8.47	34.97
2.708	8.47	34.97
2.708	8.46	34.97
2.709	8.47	34.97
2.711	8.46	34.97
2.712	8.46	34.97
2.713	8.44	34.97
2.714	8.46	34.97
2.714	8.44	34.97
2.715	8.46	34.97
2.716	8.45	34.97
2.718	8.44	34.97
2.719	8.43	34.97
2.720	8.44	34.97
2.721	8.44	34.97
2.721	8.43	34.97
2.721	8.43	34.97
2.722	8.45	34.97
2.724	8.42	34.97
2.726	8.42	34.97
2.727	8.40	34.97
2.727	8.41	34.97
2.728	8.40	34.97
2.728	8.41	34.97
2.729	8.39	34.97
2.730	8.41	34.97
2.732	8.39	34.97
2.732	8.39	34.97
2.732	8.40	34.97
2.732	8.39	34.97
2.733	8.39	34.97
2.734	8.40	34.97
2.735	8.40	34.97
2.736	8.39	34.97
2.738	8.37	34.97
2.738	8.37	34.97
2.739	8.38	34.97
2.740	8.37	34.97
2.742	8.40	34.97
2.743	8.38	34.97
2.744	8.37	34.97
2.745	8.36	34.97
2.747	8.37	34.97
2.747	8.37	34.97
2.748	8.35	34.97
2.750	8.34	34.97
2.752	8.33	34.97
2.754	8.29	34.97
2.755	8.29	34.97
2.756	8.30	34.97
2.757	8.31	34.97
2.757	8.29	34.97
2.758	8.26	34.97
2.759	8.25	34.97
2.760	8.24	34.97
2.761	8.25	34.97
2.761	8.28	34.97
2.762	8.25	34.97
2.763	8.28	34.97
2.763	8.26	34.97
2.763	8.27	34.97
2.762	8.25	34.97
2.762	8.27	34.97
2.762	8.25	34.97
2.762	8.27	34.97
2.763	8.27	34.97
2.764	8.27	34.97
2.765	8.26	34.97
2.767	8.25	34.97
2.769	8.24	34.97
2.771	8.26	34.97
2.774	8.27	34.97
2.776	8.27	34.97
2.779	8.21	34.97
2.780	8.21	34.97
2.782	8.22	34.97
2.783	8.22	34.97
2.784	8.21	34.97
2.785	8.18	34.97
2.787	8.22	34.97
2.789	8.21	34.97
2.790	8.18	34.97
2.790	8.20	34.97
2.791	8.18	34.97
2.794	8.17	34.97
2.796	8.15	34.97
2.799	8.15	34.97
2.802	8.16	34.97
2.805	8.13	34.97
2.807	8.13	34.97
2.808	8.09	34.97
2.809	8.12	34.97
2.810	8.11	34.97
2.810	8.10	34.97
2.810	8.08	34.97
2.810	8.10	34.97
2.811	8.11	34.97
2.815	8.13	34.97
2.819	8.13	34.97
2.820	8.08	34.97
2.820	8.08	34.97
2.820	8.08	34.97
2.821	8.09	34.97
2.822	8.08	34.97
2.823	8.05	34.97
2.825	8.08	34.97
2.827	8.06	34.97
2.829	8.07	34.97
2.830	8.02	34.97
2.831	8.00	34.97
2.832	7.96	34.97
2.833	7.98	34.97
2.835	7.97	34.97
2.836	7.94	34.97
2.836	7.98	34.97
2.836	7.95	34.97
2.836	7.97	34.97
2.838	7.96	34.97
2.840	7.91	34.97
2.841	7.93	34.96
2.841	7.92	34.96
2.842	7.93	34.96
2.842	7.93	34.96
2.842	7.91	34.96
2.842	7.92	34.96
2.843	7.93	34.96
2.844	7.93	34.96
2.845	7.92	34.96
2.845	7.93	34.96
2.845	7.91	34.96
2.845	7.91	34.96
2.846	7.91	34.96
2.848	7.92	34.96
2.850	7.90	34.96
2.852	7.92	34.96
2.853	7.90	34.96
2.853	7.89	34.96
2.854	7.89	34.96
2.855	7.89	34.96
2.855	7.89	34.96
2.856	7.88	34.96
2.858	7.87	34.96
2.859	7.88	34.96
2.860	7.87	34.96
2.861	7.86	34.96
2.861	7.86	34.96
2.862	7.85	34.96
2.861	7.86	34.96
2.861	7.86	34.96
2.861	7.88	34.96
2.861	7.84	34.96
2.861	7.85	34.96
2.861	7.85	34.96
2.861	7.88	34.96
2.861	7.86	34.96
2.861	7.86	34.96
2.861	7.85	34.96
2.862	7.86	34.96
2.863	7.86	34.96
2.864	7.86	34.96
2.865	7.86	34.96
2.866	7.85	34.96
2.869	7.85	34.96
2.870	7.85	34.96
2.870	7.84	34.96
2.871	7.84	34.96
2.871	7.85	34.96
2.873	7.84	34.96
2.873	7.85	34.96
2.874	7.82	34.96
2.876	7.84	34.96
2.878	7.83	34.96
2.880	7.82	34.96
2.882	7.82	34.96
2.883	7.81	34.96
2.883	7.81	34.96
2.884	7.82	34.96
2.885	7.82	34.96
2.886	7.81	34.96
2.887	7.82	34.96
2.888	7.81	34.96
2.889	7.80	34.96
2.890	7.81	34.96
2.892	7.79	34.96
2.893	7.80	34.96
2.894	7.79	34.96
2.895	7.79	34.96
2.895	7.80	34.96
2.896	7.80	34.96
2.897	7.79	34.96
2.897	7.78	34.96
2.899	7.78	34.96
2.899	7.78	34.96
2.900	7.77	34.96
2.901	7.78	34.96
2.902	7.78	34.96
2.902	7.76	34.96
2.902	7.77	34.96
2.902	7.77	34.96
2.903	7.77	34.96
2.903	7.76	34.96
2.903	7.77	34.96
2.903	7.78	34.96
2.903	7.76	34.96
2.904	7.75	34.96
2.904	7.77	34.96
2.905	7.78	34.96
2.905	7.77	34.96
2.905	7.77	34.96
2.905	7.78	34.96
2.905	7.77	34.96
2.905	7.77	34.96
2.905	7.78	34.96
2.905	7.77	34.96
2.905	7.77	34.96
2.905	7.77	34.96
2.905	7.78	34.96
2.906	7.78	34.96
2.908	7.77	34.96
2.910	7.76	34.96
2.911	7.75	34.96
2.913	7.75	34.96
2.914	7.73	34.96
2.915	7.72	34.96
2.916	7.71	34.96
2.918	7.74	34.96
2.918	7.72	34.96
2.921	7.72	34.96
2.923	7.72	34.96
2.925	7.71	34.96
2.926	7.73	34.96
2.928	7.70	34.96
2.931	7.69	34.96
2.934	7.68	34.96
2.937	7.68	34.96
2.937	7.68	34.96
2.938	7.67	34.96
2.938	7.68	34.96
2.941	7.70	34.96
2.943	7.69	34.96
2.945	7.66	34.95
2.947	7.65	34.96
2.949	7.65	34.95
2.950	7.65	34.95
2.950	7.65	34.96
2.951	7.63	34.95
2.951	7.65	34.95
2.952	7.65	34.95
2.953	7.65	34.95
2.954	7.64	34.95
2.956	7.62	34.95
2.957	7.64	34.95
2.958	7.61	34.95
2.959	7.60	34.95
2.960	7.58	34.95
2.960	7.59	34.95
2.961	7.58	34.95
2.962	7.56	34.95
2.963	7.53	34.95
2.965	7.53	34.95
2.966	7.54	34.95
2.968	7.52	34.95
2.970	7.53	34.95
2.972	7.52	34.95
2.973	7.50	34.95
2.974	7.51	34.95
2.976	7.49	34.95
2.976	7.49	34.95
2.977	7.49	34.95
2.978	7.50	34.95
2.979	7.50	34.95
2.980	7.50	34.95
2.981	7.50	34.95
2.982	7.50	34.95
2.984	7.49	34.95
2.985	7.49	34.95
2.987	7.48	34.95
2.988	7.50	34.95
2.989	7.51	34.95
2.990	7.50	34.95
2.992	7.49	34.95
2.993	7.50	34.95
2.994	7.51	34.95
2.994	7.50	34.95
2.995	7.49	34.95
2.996	7.49	34.95
2.997	7.48	34.95
2.998	7.49	34.95
2.999	7.49	34.95
2.999	7.48	34.95
3.000	7.49	34.95
2.999	7.48	34.95
2.999	7.48	34.95
2.999	7.48	34.95
2.999	7.48	34.95
3.000	7.48	34.95
3.001	7.50	34.95
3.002	7.48	34.95
3.003	7.48	34.95
3.004	7.47	34.95
3.006	7.47	34.95
3.011	7.47	34.95
3.014	7.45	34.95
3.015	7.44	34.95
3.015	7.44	34.95
3.017	7.44	34.95
3.020	7.42	34.95
3.022	7.41	34.95
3.023	7.42	34.95
3.026	7.42	34.95
3.027	7.41	34.95
3.028	7.40	34.95
3.029	7.42	34.95
3.029	7.41	34.95
3.030	7.42	34.95
3.031	7.43	34.95
3.032	7.42	34.95
3.033	7.41	34.95
3.034	7.41	34.95
3.035	7.40	34.95
3.036	7.37	34.95
3.037	7.37	34.95
3.038	7.37	34.95
3.040	7.34	34.95
3.041	7.33	34.95
3.041	7.34	34.95
3.042	7.32	34.95
3.043	7.33	34.95
3.045	7.32	34.95
3.047	7.32	34.95
3.049	7.31	34.95
3.050	7.32	34.95
3.052	7.31	34.95
3.052	7.32	34.95
3.053	7.30	34.95
3.053	7.32	34.95
3.054	7.31	34.95
3.054	7.32	34.95
3.055	7.32	34.95
3.055	7.31	34.95
3.056	7.31	34.95
3.057	7.31	34.95
3.058	7.30	34.95
3.058	7.31	34.95
3.058	7.29	34.95
3.058	7.31	34.95
3.058	7.29	34.95
3.058	7.29	34.95
3.058	7.28	34.95
3.058	7.30	34.94
3.060	7.29	34.94
3.062	7.29	34.94
3.063	7.28	34.94
3.064	7.28	34.94
3.065	7.28	34.94
3.066	7.29	34.94
3.068	7.26	34.94
3.069	7.27	34.94
3.070	7.27	34.94
3.072	7.26	34.94
3.073	7.26	34.94
3.074	7.27	34.94
3.074	7.25	34.94
3.075	7.26	34.94
3.076	7.26	34.94
3.078	7.26	34.94
3.079	7.23	34.94
3.080	7.25	34.94
3.081	7.24	34.94
3.082	7.23	34.94
3.083	7.22	34.94
3.084	7.23	34.94
3.085	7.24	34.94
3.087	7.22	34.94
3.088	7.22	34.94
3.089	7.24	34.94
3.089	7.21	34.94
3.091	7.21	34.94
3.093	7.19	34.94
3.096	7.20	34.94
3.098	7.19	34.94
3.100	7.18	34.94
3.101	7.19	34.94
3.103	7.17	34.94
3.105	7.17	34.94
3.107	7.16	34.94
3.109	7.16	34.94
3.110	7.15	34.94
3.113	7.15	34.94
3.115	7.14	34.94
3.117	7.14	34.94
3.118	7.12	34.94
3.119	7.11	34.94
3.120	7.12	34.94
3.120	7.14	34.94
3.120	7.12	34.94
3.121	7.12	34.94
3.123	7.12	34.94
3.124	7.12	34.94
3.126	7.11	34.94
3.128	7.12	34.94
3.129	7.11	34.94
3.131	7.10	34.94
3.132	7.10	34.94
3.133	7.10	34.94
3.135	7.10	34.94
3.137	7.09	34.94
3.138	7.07	34.94
3.140	7.08	34.94
3.141	7.06	34.94
3.142	7.07	34.94
3.143	7.06	34.94
3.145	7.07	34.94
3.146	7.06	34.94
3.147	7.07	34.94
3.148	7.06	34.94
3.148	7.07	34.94
3.149	7.06	34.94
3.149	7.05	34.94
3.150	7.06	34.94
3.151	7.06	34.94
3.151	7.05	34.94
3.153	7.05	34.94
3.154	7.07	34.94
3.157	7.04	34.94
3.159	7.04	34.94
3.161	7.00	34.94
3.163	7.00	34.94
3.165	6.99	34.94
3.167	6.99	34.94
3.168	6.99	34.94
3.170	6.98	34.94
3.171	6.98	34.94
3.173	6.97	34.94
3.175	6.97	34.94
3.176	6.96	34.94
3.178	6.96	34.94
3.179	6.96	34.94
3.180	6.97	34.94
3.180	6.97	34.94
3.182	6.97	34.94
3.183	6.96	34.94
3.184	6.95	34.94
3.184	6.96	34.94
3.185	6.97	34.94
3.186	6.96	34.94
3.186	6.96	34.94
3.186	6.95	34.94
3.187	6.95	34.94
3.189	6.94	34.94
3.191	6.94	34.94
3.192	6.95	34.94
3.194	6.94	34.94
3.196	6.94	34.94
3.197	6.92	34.94
3.198	6.92	34.94
3.199	6.93	34.94
3.200	6.93	34.94
3.201	6.93	34.94
3.202	6.93	34.94
3.204	6.93	34.94
3.206	6.91	34.94
3.208	6.91	34.94
3.210	6.90	34.94
3.213	6.89	34.94
3.215	6.90	34.94
3.217	6.88	34.94
3.219	6.90	34.94
3.222	6.89	34.94
3.225	6.87	34.94
3.227	6.84	34.93
3.229	6.83	34.93
3.231	6.85	34.93
3.232	6.84	34.93
3.232	6.84	34.93
3.232	6.84	34.93
3.232	6.85	34.93
3.232	6.82	34.93
3.231	6.83	34.93
3.231	6.82	34.93
3.232	6.81	34.93
3.234	6.80	34.93
3.237	6.79	34.93
3.239	6.81	34.93
3.242	6.78	34.93
3.244	6.77	34.93
3.246	6.78	34.93
3.248	6.75	34.93
3.250	6.76	34.93
3.251	6.76	34.93
3.254	6.78	34.93
3.256	6.76	34.93
3.257	6.76	34.93
3.258	6.73	34.93
3.259	6.75	34.93
3.261	6.72	34.93
3.263	6.69	34.93
3.265	6.67	34.93
3.267	6.68	34.93
3.268	6.68	34.93
3.270	6.67	34.93
3.272	6.67	34.93
3.276	6.67	34.93
3.280	6.65	34.93
3.283	6.67	34.93
3.283	6.65	34.93
3.285	6.64	34.93
3.287	6.62	34.93
3.290	6.61	34.93
3.294	6.59	34.93
3.298	6.58	34.93
3.301	6.59	34.93
3.304	6.60	34.93
3.306	6.59	34.93
3.310	6.60	34.93
3.314	6.55	34.93
3.317	6.55	34.93
3.319	6.55	34.93
3.321	6.55	34.93
3.322	6.54	34.93
3.324	6.54	34.93
3.325	6.50	34.93
3.327	6.52	34.93
3.327	6.50	34.93
3.329	6.50	34.93
3.330	6.51	34.93
3.332	6.53	34.93
3.334	6.52	34.93
3.336	6.51	34.93
3.338	6.51	34.93
3.339	6.51	34.93
3.340	6.51	34.93
3.342	6.50	34.93
3.343	6.49	34.93
3.344	6.50	34.93
3.345	6.50	34.93
3.347	6.50	34.93
3.348	6.51	34.93
3.350	6.49	34.93
3.351	6.49	34.93
3.351	6.47	34.93
3.352	6.47	34.93
3.354	6.46	34.93
3.357	6.45	34.93
3.360	6.45	34.93
3.363	6.43	34.93
3.366	6.44	34.93
3.368	6.41	34.93
3.370	6.44	34.93
3.371	6.43	34.93
3.372	6.43	34.93
3.373	6.44	34.93
3.375	6.44	34.93
3.377	6.43	34.93
3.378	6.43	34.93
3.380	6.42	34.93
3.381	6.43	34.93
3.383	6.43	34.93
3.384	6.43	34.93
3.385	6.41	34.93
3.387	6.43	34.93
3.389	6.41	34.93
3.391	6.41	34.93
3.393	6.40	34.93
3.395	6.38	34.93
3.398	6.37	34.93
3.400	6.37	34.93
3.403	6.36	34.93
3.406	6.34	34.93
3.409	6.35	34.93
3.411	6.35	34.93
3.412	6.33	34.93
3.413	6.35	34.92
3.415	6.34	34.92
3.418	6.34	34.92
3.422	6.32	34.92
3.426	6.31	34.92
3.428	6.33	34.92
3.430	6.32	34.92
3.432	6.33	34.92
3.434	6.31	34.92
3.435	6.31	34.92
3.436	6.31	34.92
3.437	6.30	34.92
3.439	6.29	34.92
3.439	6.30	34.92
3.439	6.29	34.92
3.438	6.28	34.92
3.438	6.30	34.92
3.439	6.31	34.92
3.441	6.29	34.92
3.444	6.28	34.92
3.447	6.28	34.92
3.450	6.28	34.92
3.452	6.29	34.92
3.454	6.28	34.92
3.456	6.26	34.92
3.457	6.27	34.92
3.459	6.26	34.92
3.461	6.25	34.92
3.464	6.25	34.92
3.466	6.25	34.92
3.469	6.25	34.92
3.471	6.22	34.92
3.472	6.21	34.92
3.473	6.21	34.92
3.474	6.21	34.92
3.477	6.17	34.92
3.479	6.17	34.92
3.481	6.17	34.92
3.483	6.16	34.92
3.485	6.15	34.92
3.488	6.15	34.92
3.491	6.13	34.92
3.493	6.11	34.92
3.494	6.12	34.92
3.495	6.12	34.92
3.497	6.12	34.92
3.499	6.10	34.92
3.501	6.11	34.92
3.503	6.10	34.92
3.504	6.12	34.92
3.506	6.10	34.92
3.509	6.12	34.92
3.512	6.09	34.92
3.514	6.10	34.92
3.516	6.10	34.92
3.518	6.09	34.92
3.520	6.09	34.92
3.522	6.08	34.92
3.524	6.10	34.92
3.525	6.08	34.92
3.527	6.07	34.92
3.528	6.06	34.92
3.529	6.08	34.92
3.531	6.07	34.92
3.533	6.05	34.92
3.536	6.05	34.92
3.537	6.06	34.92
3.539	6.05	34.92
3.540	6.05	34.92
3.541	6.05	34.92
3.542	6.05	34.92
3.543	6.05	34.92
3.544	6.04	34.92
3.545	6.05	34.92
3.547	6.05	34.92
3.548	6.02	34.92
3.549	6.03	34.92
3.550	6.01	34.92
3.552	6.02	34.92
3.553	6.03	34.92
3.554	6.02	34.92
3.555	6.02	34.92
3.557	6.02	34.92
3.558	6.03	34.92
3.559	6.02	34.92
3.559	6.03	34.92
3.560	6.02	34.92
3.562	6.01	34.92
3.564	6.00	34.92
3.566	5.99	34.92
3.569	6.00	34.92
3.569	5.99	34.92
3.569	5.98	34.92
3.569	5.98	34.92
3.569	5.98	34.92
3.569	5.98	34.92
3.569	5.98	34.92
3.569	5.97	34.92
3.569	5.97	34.92
3.569	5.98	34.92
3.569	5.99	34.92
3.569	5.99	34.92
3.569	5.98	34.92
3.569	5.98	34.92
3.569	5.98	34.92
3.569	5.98	34.92
3.569	5.97	34.92
3.569	5.95	34.92
3.569	5.95	34.92
3.569	5.94	34.92
3.569	5.95	34.92
3.569	5.93	34.92
3.569	5.93	34.92
3.569	5.93	34.92
3.569	5.92	34.92
3.569	5.91	34.92
3.569	5.90	34.92
3.569	5.90	34.92
3.569	5.90	34.92
3.569	5.89	34.92
3.569	5.91	34.92
3.569	5.87	34.92
3.569	5.87	34.92
3.569	5.87	34.92
3.569	5.85	34.92
3.569	5.85	34.92
3.569	5.85	34.92
3.569	5.83	34.92
3.569	5.82	34.92
3.569	5.82	34.92
3.569	5.84	34.92
3.569	5.82	34.92
3.569	5.83	34.92
3.569	5.82	34.92
3.569	5.81	34.92
3.569	5.81	34.92
3.569	5.80	34.92
3.569	5.81	34.92
3.569	5.81	34.92
3.569	5.81	34.92
3.569	5.81	34.92
3.569	5.82	34.92
3.569	5.81	34.92
3.569	5.80	34.92
3.569	5.81	34.92
3.569	5.81	34.92
3.569	5.80	34.92
3.569	5.81	34.92
3.569	5.80	34.92
3.569	5.82	34.92
3.569	5.80	34.92
3.569	5.80	34.92
3.569	5.81	34.92
3.569	5.80	34.92
3.569	5.81	34.92
3.569	5.82	34.92
3.569	5.82	34.92
3.569	5.80	34.92
3.569	5.81	34.92
