3.569	5.59	35.21
3.569	5.59	35.21
3.569	5.59	35.21
3.569	5.58	35.21
3.569	5.58	35.21
3.569	5.58	35.21
3.569	5.60	35.21
3.569	5.58	35.21
3.569	5.59	35.21
3.569	5.59	35.21
3.569	5.59	35.21
3.569	5.59	35.21
3.569	5.60	35.21
3.569	5.59	35.21
3.569	5.59	35.21
3.569	5.59	35.21
3.569	5.59	35.21
3.569	5.60	35.21
3.569	5.63	35.21
3.569	5.65	35.21
3.569	5.71	35.21
3.569	5.74	35.21
3.569	5.75	35.21
3.569	5.78	35.21
3.569	5.80	35.21
3.569	5.81	35.21
3.569	5.79	35.21
3.569	5.80	35.21
3.569	5.81	35.21
3.569	5.82	35.21
3.569	5.84	35.21
3.569	5.85	35.21
3.569	5.84	35.21
3.569	5.83	35.21
3.569	5.84	35.21
3.569	5.86	35.21
3.569	5.89	35.21
3.569	5.87	35.21
3.569	5.88	35.21
3.569	5.89	35.21
3.569	5.88	35.21
3.569	5.90	35.21
3.569	5.89	35.21
3.569	5.90	35.21
3.569	5.91	35.21
3.569	5.93	35.21
3.569	5.93	35.21
3.569	5.92	35.21
3.569	5.92	35.21
3.569	5.93	35.21
3.569	5.94	35.21
3.569	5.96	35.21
3.569	5.95	35.21
3.569	5.96	35.21
3.566	5.99	35.21
3.554	5.99	35.21
3.547	6.02	35.21
3.544	6.03	35.21
3.541	6.04	35.21
3.535	6.04	35.21
3.530	6.03	35.21
3.528	6.04	35.21
3.525	6.08	35.21
3.521	6.08	35.21
3.516	6.07	35.21
3.512	6.08	35.21
3.508	6.09	35.21
3.505	6.09	35.21
3.501	6.11	35.21
3.499	6.11	35.21
3.495	6.11	35.21
3.490	6.13	35.21
3.484	6.12	35.21
3.479	6.12	35.21
3.475	6.13	35.21
3.471	6.17	35.21
3.464	6.18	35.21
3.456	6.21	35.21
3.447	6.24	35.21
3.443	6.25	35.21
3.441	6.23	35.21
3.438	6.29	35.21
3.435	6.27	35.21
3.430	6.27	35.21
3.426	6.28	35.21
3.423	6.27	35.21
3.419	6.30	35.21
3.416	6.31	35.21
3.413	6.30	35.21
3.411	6.31	35.21
3.409	6.32	35.21
3.408	6.32	35.21
3.406	6.32	35.21
3.403	6.32	35.21
3.400	6.32	35.21
3.398	6.32	35.20
3.396	6.34	35.20
3.393	6.35	35.20
3.391	6.35	35.20
3.388	6.33	35.20
3.385	6.36	35.20
3.382	6.36	35.20
3.379	6.38	35.20
3.377	6.38	35.20
3.374	6.39	35.20
3.371	6.41	35.20
3.368	6.38	35.20
3.364	6.38	35.20
3.361	6.39	35.20
3.358	6.40	35.20
3.355	6.41	35.20
3.352	6.41	35.20
3.347	6.44	35.20
3.340	6.44	35.20
3.334	6.46	35.20
3.329	6.47	35.20
3.327	6.50	35.20
3.326	6.50	35.20
3.326	6.51	35.20
3.325	6.51	35.20
3.323	6.49	35.20
3.321	6.50	35.20
3.320	6.51	35.20
3.319	6.51	35.20
3.315	6.53	35.20
3.309	6.54	35.20
3.306	6.55	35.20
3.305	6.54	35.20
3.304	6.54	35.20
3.303	6.55	35.20
3.301	6.57	35.20
3.298	6.58	35.20
3.295	6.58	35.20
3.293	6.58	35.20
3.291	6.61	35.20
3.290	6.62	35.20
3.287	6.60	35.20
3.284	6.60	35.20
3.281	6.62	35.20
3.279	6.60	35.20
3.276	6.61	35.20
3.272	6.63	35.20
3.268	6.63	35.20
3.267	6.65	35.20
3.265	6.65	35.20
3.262	6.67	35.20
3.258	6.67	35.20
3.253	6.69	35.20
3.250	6.72	35.20
3.247	6.72	35.20
3.244	6.75	35.20
3.240	6.74	35.20
3.236	6.75	35.20
3.233	6.74	35.20
3.230	6.74	35.20
3.227	6.78	35.20
3.224	6.80	35.20
3.221	6.79	35.20
3.220	6.81	35.20
3.218	6.80	35.20
3.217	6.81	35.20
3.215	6.81	35.19
3.214	6.82	35.19
3.212	6.82	35.19
3.210	6.82	35.19
3.209	6.83	35.19
3.207	6.84	35.19
3.206	6.85	35.19
3.204	6.85	35.19
3.201	6.85	35.19
3.198	6.89	35.19
3.196	6.88	35.19
3.193	6.89	35.19
3.190	6.90	35.19
3.187	6.90	35.19
3.186	6.92	35.19
3.184	6.93	35.19
3.183	6.94	35.19
3.181	6.93	35.19
3.180	6.92	35.19
3.178	6.94	35.19
3.177	6.94	35.19
3.176	6.92	35.19
3.174	6.93	35.19
3.173	6.93	35.19
3.171	6.95	35.19
3.168	6.95	35.19
3.167	6.94	35.19
3.165	6.95	35.19
3.162	6.97	35.19
3.157	6.96	35.19
3.154	6.97	35.19
3.153	6.97	35.19
3.152	6.97	35.19
3.150	6.98	35.19
3.149	6.99	35.19
3.148	6.99	35.19
3.145	7.00	35.19
3.143	7.04	35.19
3.140	7.02	35.19
3.137	7.04	35.19
3.135	7.04	35.19
3.133	7.04	35.19
3.133	7.06	35.19
3.133	7.05	35.19
3.133	7.05	35.18
3.133	7.07	35.18
3.131	7.07	35.18
3.129	7.09	35.18
3.126	7.07	35.18
3.124	7.08	35.18
3.122	7.07	35.18
3.121	7.09	35.18
3.119	7.08	35.18
3.119	7.09	35.18
3.117	7.07	35.18
3.115	7.11	35.18
3.113	7.10	35.18
3.111	7.10	35.18
3.108	7.10	35.18
3.106	7.12	35.18
3.103	7.11	35.18
3.102	7.12	35.18
3.101	7.12	35.18
3.099	7.12	35.18
3.097	7.13	35.18
3.095	7.15	35.18
3.091	7.16	35.18
3.088	7.16	35.18
3.086	7.18	35.18
3.083	7.20	35.18
3.077	7.21	35.18
3.073	7.23	35.18
3.071	7.20	35.18
3.070	7.22	35.18
3.067	7.24	35.18
3.064	7.26	35.18
3.062	7.26	35.18
3.061	7.25	35.18
3.059	7.25	35.18
3.058	7.25	35.18
3.057	7.27	35.18
3.056	7.28	35.18
3.054	7.27	35.18
3.052	7.26	35.18
3.052	7.27	35.18
3.051	7.29	35.18
3.050	7.28	35.18
3.048	7.29	35.18
3.046	7.28	35.18
3.045	7.30	35.18
3.043	7.29	35.18
3.040	7.30	35.18
3.039	7.30	35.18
3.038	7.29	35.18
3.037	7.29	35.18
3.035	7.30	35.18
3.033	7.31	35.18
3.031	7.29	35.18
3.030	7.31	35.18
3.029	7.31	35.18
3.028	7.32	35.18
3.027	7.31	35.18
3.026	7.32	35.18
3.025	7.32	35.18
3.023	7.34	35.18
3.022	7.34	35.18
3.020	7.33	35.17
3.019	7.33	35.17
3.017	7.35	35.17
3.016	7.36	35.17
3.014	7.37	35.17
3.013	7.37	35.17
3.012	7.35	35.17
3.011	7.35	35.17
3.009	7.38	35.17
3.008	7.41	35.17
3.006	7.41	35.17
3.004	7.43	35.17
3.002	7.43	35.17
3.001	7.45	35.17
2.999	7.46	35.17
2.999	7.45	35.17
2.998	7.46	35.17
2.998	7.45	35.17
2.996	7.46	35.17
2.993	7.46	35.17
2.988	7.47	35.17
2.984	7.47	35.17
2.983	7.47	35.17
2.982	7.47	35.17
2.981	7.49	35.17
2.978	7.48	35.17
2.977	7.48	35.17
2.976	7.48	35.17
2.975	7.48	35.17
2.974	7.50	35.17
2.973	7.49	35.17
2.972	7.50	35.17
2.970	7.52	35.17
2.969	7.51	35.17
2.968	7.49	35.17
2.966	7.49	35.17
2.965	7.50	35.17
2.963	7.50	35.17
2.961	7.50	35.17
2.959	7.51	35.17
2.957	7.51	35.17
2.956	7.51	35.17
2.955	7.51	35.17
2.954	7.53	35.17
2.954	7.54	35.17
2.953	7.54	35.17
2.953	7.54	35.17
2.952	7.55	35.17
2.951	7.55	35.17
2.950	7.56	35.17
2.949	7.56	35.17
2.947	7.57	35.17
2.946	7.56	35.17
2.944	7.57	35.17
2.943	7.56	35.17
2.942	7.57	35.17
2.940	7.56	35.17
2.940	7.57	35.17
2.939	7.59	35.17
2.938	7.59	35.17
2.937	7.60	35.17
2.935	7.62	35.17
2.934	7.62	35.17
2.933	7.64	35.17
2.930	7.65	35.17
2.929	7.65	35.16
2.928	7.66	35.16
2.926	7.67	35.16
2.923	7.68	35.16
2.920	7.67	35.16
2.918	7.65	35.16
2.917	7.68	35.16
2.917	7.68	35.16
2.917	7.69	35.16
2.916	7.68	35.16
2.915	7.68	35.16
2.914	7.68	35.16
2.913	7.70	35.16
2.911	7.70	35.16
2.909	7.70	35.16
2.907	7.70	35.16
2.906	7.72	35.16
2.904	7.71	35.16
2.903	7.72	35.16
2.901	7.73	35.16
2.899	7.75	35.16
2.897	7.76	35.16
2.896	7.76	35.16
2.895	7.75	35.16
2.894	7.78	35.16
2.893	7.76	35.16
2.893	7.77	35.16
2.892	7.76	35.16
2.891	7.77	35.16
2.890	7.77	35.16
2.888	7.77	35.16
2.887	7.78	35.16
2.886	7.77	35.16
2.885	7.77	35.16
2.883	7.77	35.16
2.883	7.77	35.16
2.882	7.77	35.16
2.880	7.79	35.16
2.879	7.79	35.16
2.878	7.79	35.16
2.877	7.78	35.16
2.877	7.79	35.16
2.876	7.80	35.16
2.875	7.79	35.16
2.874	7.79	35.16
2.874	7.79	35.16
2.872	7.78	35.16
2.870	7.82	35.16
2.869	7.80	35.16
2.868	7.81	35.16
2.867	7.80	35.16
2.867	7.82	35.16
2.866	7.81	35.16
2.865	7.83	35.16
2.864	7.82	35.16
2.863	7.82	35.16
2.862	7.83	35.16
2.860	7.82	35.16
2.859	7.83	35.16
2.859	7.81	35.16
2.858	7.83	35.16
2.857	7.83	35.16
2.856	7.84	35.16
2.855	7.84	35.16
2.853	7.84	35.16
2.852	7.85	35.16
2.849	7.85	35.16
2.847	7.85	35.16
2.845	7.86	35.16
2.842	7.86	35.16
2.839	7.87	35.16
2.837	7.86	35.16
2.836	7.87	35.16
2.835	7.88	35.16
2.834	7.88	35.16
2.832	7.89	35.16
2.832	7.88	35.16
2.830	7.89	35.15
2.830	7.90	35.15
2.829	7.89	35.15
2.829	7.90	35.15
2.828	7.93	35.15
2.827	7.92	35.15
2.825	7.96	35.15
2.825	7.95	35.15
2.825	7.91	35.15
2.825	7.93	35.15
2.825	7.94	35.15
2.825	7.95	35.15
2.824	7.96	35.15
2.822	7.98	35.15
2.819	7.96	35.15
2.816	7.96	35.15
2.814	7.99	35.15
2.811	8.02	35.15
2.809	7.99	35.15
2.806	8.01	35.15
2.804	8.04	35.15
2.802	8.06	35.15
2.801	8.06	35.15
2.800	8.06	35.15
2.799	8.08	35.15
2.798	8.07	35.15
2.797	8.09	35.15
2.797	8.08	35.15
2.797	8.08	35.15
2.797	8.08	35.15
2.795	8.09	35.15
2.793	8.09	35.15
2.792	8.10	35.15
2.791	8.11	35.15
2.791	8.11	35.15
2.790	8.12	35.15
2.790	8.10	35.15
2.789	8.12	35.15
2.785	8.15	35.15
2.780	8.14	35.15
2.779	8.15	35.15
2.779	8.15	35.15
2.779	8.13	35.15
2.778	8.15	35.15
2.776	8.16	35.15
2.775	8.16	35.15
2.775	8.14	35.15
2.775	8.14	35.15
2.774	8.13	35.15
2.772	8.17	35.15
2.768	8.17	35.15
2.765	8.18	35.15
2.764	8.20	35.15
2.763	8.21	35.15
2.762	8.19	35.15
2.761	8.20	35.15
2.760	8.22	35.15
2.759	8.23	35.15
2.757	8.21	35.15
2.756	8.24	35.15
2.754	8.24	35.15
2.752	8.25	35.15
2.751	8.26	35.15
2.749	8.29	35.15
2.748	8.28	35.15
2.747	8.28	35.15
2.746	8.28	35.15
2.745	8.28	35.15
2.745	8.30	35.14
2.744	8.30	35.14
2.743	8.30	35.14
2.742	8.30	35.14
2.741	8.30	35.14
2.740	8.30	35.14
2.739	8.32	35.14
2.737	8.30	35.14
2.737	8.32	35.14
2.736	8.29	35.14
2.736	8.30	35.14
2.735	8.32	35.14
2.734	8.32	35.14
2.733	8.33	35.14
2.732	8.34	35.14
2.730	8.36	35.14
2.729	8.35	35.14
2.728	8.36	35.14
2.727	8.35	35.14
2.726	8.38	35.14
2.724	8.36	35.14
2.723	8.37	35.14
2.722	8.36	35.14
2.722	8.35	35.14
2.721	8.36	35.14
2.720	8.38	35.14
2.719	8.38	35.14
2.719	8.38	35.14
2.718	8.40	35.14
2.717	8.40	35.14
2.716	8.40	35.14
2.715	8.41	35.14
2.714	8.41	35.14
2.713	8.43	35.14
2.711	8.44	35.14
2.708	8.45	35.14
2.707	8.44	35.14
2.706	8.45	35.14
2.705	8.44	35.14
2.704	8.44	35.14
2.703	8.44	35.14
2.703	8.46	35.14
2.701	8.46	35.14
2.699	8.47	35.14
2.697	8.46	35.14
2.694	8.45	35.14
2.693	8.48	35.14
2.691	8.48	35.14
2.690	8.47	35.14
2.689	8.48	35.14
2.688	8.48	35.14
2.687	8.49	35.14
2.685	8.47	35.14
2.684	8.48	35.14
2.684	8.48	35.14
2.682	8.49	35.14
2.681	8.49	35.14
2.679	8.49	35.14
2.678	8.51	35.14
2.677	8.51	35.14
2.676	8.50	35.14
2.675	8.50	35.14
2.674	8.51	35.14
2.673	8.49	35.14
2.672	8.51	35.14
2.672	8.52	35.14
2.671	8.53	35.14
2.669	8.52	35.14
2.668	8.55	35.14
2.667	8.56	35.14
2.666	8.54	35.14
2.664	8.55	35.14
2.664	8.55	35.14
2.663	8.56	35.14
2.661	8.55	35.14
2.661	8.56	35.14
2.660	8.55	35.14
2.658	8.55	35.14
2.656	8.56	35.14
2.655	8.56	35.14
2.654	8.56	35.14
2.652	8.57	35.14
2.651	8.56	35.14
2.649	8.57	35.14
2.647	8.58	35.14
2.645	8.59	35.13
2.643	8.59	35.13
2.641	8.59	35.13
2.640	8.59	35.13
2.639	8.60	35.13
2.638	8.60	35.13
2.637	8.62	35.13
2.636	8.65	35.13
2.634	8.64	35.13
2.633	8.65	35.13
2.631	8.65	35.13
2.630	8.67	35.13
2.629	8.67	35.13
2.628	8.68	35.13
2.627	8.68	35.13
2.627	8.67	35.13
2.626	8.67	35.13
2.625	8.67	35.13
2.624	8.68	35.13
2.623	8.69	35.13
2.622	8.70	35.13
2.622	8.69	35.13
2.621	8.71	35.13
2.619	8.71	35.13
2.619	8.71	35.13
2.617	8.72	35.13
2.616	8.73	35.13
2.616	8.70	35.13
2.614	8.73	35.13
2.614	8.72	35.13
2.613	8.72	35.13
2.612	8.73	35.13
2.611	8.72	35.13
2.610	8.73	35.13
2.609	8.72	35.13
2.608	8.76	35.13
2.606	8.75	35.13
2.605	8.75	35.13
2.603	8.75	35.13
2.602	8.75	35.13
2.601	8.76	35.13
2.600	8.76	35.13
2.599	8.77	35.13
2.598	8.78	35.13
2.598	8.75	35.13
2.598	8.77	35.13
2.597	8.77	35.13
2.597	8.77	35.13
2.596	8.77	35.13
2.595	8.77	35.13
2.595	8.78	35.13
2.594	8.80	35.13
2.593	8.80	35.13
2.592	8.80	35.13
2.591	8.81	35.13
2.590	8.81	35.13
2.589	8.82	35.13
2.588	8.81	35.13
2.587	8.81	35.13
2.586	8.81	35.13
2.585	8.82	35.13
2.584	8.83	35.13
2.582	8.82	35.13
2.581	8.83	35.13
2.581	8.83	35.13
2.580	8.83	35.13
2.579	8.83	35.13
2.578	8.84	35.13
2.578	8.86	35.13
2.577	8.86	35.12
2.577	8.86	35.13
2.576	8.87	35.13
2.576	8.86	35.12
2.576	8.86	35.12
2.576	8.87	35.12
2.575	8.86	35.12
2.575	8.87	35.12
2.575	8.87	35.12
2.574	8.86	35.12
2.574	8.87	35.12
2.573	8.87	35.12
2.572	8.86	35.12
2.571	8.87	35.12
2.570	8.87	35.12
2.569	8.88	35.12
2.568	8.89	35.12
2.568	8.89	35.12
2.567	8.89	35.12
2.566	8.89	35.12
2.565	8.88	35.12
2.564	8.89	35.12
2.563	8.89	35.12
2.562	8.88	35.12
2.561	8.88	35.12
2.561	8.89	35.12
2.561	8.89	35.12
2.560	8.88	35.12
2.559	8.89	35.12
2.557	8.89	35.12
2.556	8.89	35.12
2.555	8.90	35.12
2.554	8.90	35.12
2.553	8.89	35.12
2.552	8.90	35.12
2.551	8.90	35.12
2.550	8.91	35.12
2.549	8.91	35.12
2.549	8.92	35.12
2.548	8.92	35.12
2.546	8.91	35.12
2.545	8.92	35.12
2.544	8.92	35.12
2.543	8.94	35.12
2.542	8.93	35.12
2.542	8.93	35.12
2.542	8.93	35.12
2.541	8.94	35.12
2.540	8.94	35.12
2.540	8.94	35.12
2.538	8.94	35.12
2.537	8.94	35.12
2.537	8.95	35.12
2.536	8.94	35.12
2.535	8.94	35.12
2.535	8.95	35.12
2.535	8.95	35.12
2.534	8.96	35.12
2.533	8.96	35.12
2.533	8.96	35.12
2.532	8.97	35.12
2.532	8.99	35.12
2.531	8.99	35.12
2.530	8.98	35.12
2.530	8.99	35.12
2.529	8.99	35.12
2.529	8.99	35.12
2.528	8.99	35.12
2.527	9.00	35.12
2.526	9.01	35.12
2.524	9.01	35.12
2.523	9.02	35.12
2.521	9.04	35.12
2.520	9.04	35.12
2.519	9.04	35.12
2.518	9.04	35.12
2.517	9.04	35.12
2.517	9.05	35.12
2.516	9.05	35.12
2.515	9.05	35.12
2.515	9.04	35.12
2.514	9.05	35.12
2.513	9.05	35.12
2.512	9.04	35.12
2.512	9.04	35.12
2.511	9.05	35.12
2.511	9.05	35.12
2.510	9.05	35.11
2.509	9.05	35.11
2.508	9.04	35.11
2.507	9.05	35.11
2.506	9.06	35.11
2.505	9.06	35.11
2.505	9.05	35.11
2.504	9.04	35.11
2.503	9.05	35.11
2.502	9.06	35.11
2.501	9.06	35.11
2.501	9.05	35.11
2.500	9.06	35.11
2.500	9.05	35.11
2.499	9.05	35.11
2.499	9.05	35.11
2.499	9.06	35.11
2.498	9.05	35.11
2.498	9.06	35.11
2.498	9.06	35.11
2.498	9.06	35.11
2.497	9.05	35.11
2.496	9.05	35.11
2.496	9.06	35.11
2.495	9.06	35.11
2.494	9.06	35.11
2.493	9.07	35.11
2.492	9.07	35.11
2.491	9.06	35.11
2.491	9.06	35.11
2.490	9.06	35.11
2.490	9.07	35.11
2.489	9.08	35.11
2.489	9.07	35.11
2.488	9.07	35.11
2.488	9.07	35.11
2.487	9.07	35.11
2.485	9.08	35.11
2.484	9.07	35.11
2.484	9.10	35.11
2.482	9.10	35.11
2.481	9.12	35.11
2.480	9.13	35.11
2.479	9.12	35.11
2.478	9.12	35.11
2.477	9.12	35.11
2.477	9.12	35.11
2.477	9.12	35.11
2.476	9.13	35.11
2.476	9.12	35.11
2.475	9.13	35.11
2.475	9.14	35.11
2.474	9.14	35.11
2.474	9.14	35.11
2.472	9.14	35.11
2.471	9.14	35.11
2.471	9.15	35.11
2.470	9.15	35.11
2.470	9.15	35.11
2.469	9.15	35.11
2.469	9.15	35.11
2.468	9.15	35.11
2.467	9.16	35.11
2.466	9.17	35.11
2.465	9.17	35.11
2.464	9.18	35.11
2.464	9.18	35.11
2.464	9.18	35.11
2.463	9.18	35.11
2.463	9.18	35.11
2.463	9.19	35.11
2.462	9.19	35.11
2.461	9.19	35.11
2.461	9.19	35.11
2.460	9.19	35.11
2.460	9.20	35.11
2.459	9.20	35.11
2.459	9.21	35.10
2.458	9.22	35.10
2.458	9.24	35.10
2.457	9.24	35.10
2.456	9.24	35.10
2.456	9.25	35.10
2.455	9.28	35.10
2.454	9.30	35.10
2.454	9.31	35.10
2.453	9.31	35.10
2.453	9.31	35.10
2.452	9.32	35.10
2.452	9.33	35.10
2.452	9.33	35.10
2.451	9.33	35.10
2.450	9.33	35.10
2.450	9.34	35.10
2.449	9.34	35.10
2.448	9.35	35.10
2.447	9.35	35.10
2.447	9.35	35.10
2.446	9.35	35.10
2.446	9.35	35.10
2.445	9.35	35.10
2.445	9.35	35.10
2.444	9.36	35.10
2.443	9.36	35.10
2.443	9.37	35.10
2.442	9.37	35.10
2.441	9.36	35.10
2.441	9.37	35.10
2.440	9.37	35.10
2.440	9.37	35.10
2.439	9.36	35.10
2.438	9.37	35.10
2.438	9.37	35.10
2.437	9.37	35.10
2.437	9.37	35.10
2.436	9.38	35.10
2.436	9.38	35.10
2.435	9.38	35.10
2.435	9.39	35.10
2.434	9.39	35.10
2.433	9.39	35.10
2.433	9.39	35.10
2.432	9.40	35.10
2.432	9.40	35.10
2.431	9.40	35.10
2.430	9.40	35.10
2.430	9.40	35.10
2.429	9.41	35.10
2.429	9.41	35.10
2.428	9.40	35.10
2.428	9.41	35.10
2.427	9.41	35.10
2.426	9.42	35.10
2.425	9.43	35.10
2.424	9.44	35.10
2.422	9.43	35.10
2.422	9.44	35.10
2.421	9.44	35.10
2.421	9.44	35.10
2.420	9.44	35.10
2.419	9.45	35.10
2.418	9.45	35.10
2.416	9.45	35.09
2.415	9.46	35.09
2.413	9.47	35.09
2.412	9.47	35.09
2.412	9.48	35.09
2.411	9.49	35.09
2.411	9.49	35.09
2.410	9.49	35.09
2.410	9.50	35.09
2.409	9.50	35.09
2.408	9.50	35.09
2.408	9.50	35.09
2.407	9.51	35.09
2.406	9.52	35.09
2.405	9.53	35.09
2.404	9.53	35.09
2.404	9.54	35.09
2.403	9.55	35.09
2.402	9.56	35.09
2.401	9.56	35.09
2.401	9.56	35.09
2.400	9.56	35.09
2.399	9.56	35.09
2.398	9.56	35.09
2.397	9.57	35.09
2.396	9.57	35.09
2.395	9.58	35.09
2.395	9.59	35.09
2.394	9.59	35.09
2.394	9.59	35.09
2.393	9.59	35.09
2.393	9.60	35.09
2.393	9.60	35.09
2.392	9.60	35.09
2.391	9.60	35.09
2.391	9.61	35.09
2.390	9.61	35.09
2.390	9.61	35.09
2.389	9.62	35.09
2.389	9.62	35.09
2.389	9.62	35.09
2.388	9.63	35.09
2.388	9.63	35.09
2.387	9.63	35.09
2.387	9.63	35.09
2.387	9.63	35.09
2.387	9.63	35.09
2.387	9.63	35.09
2.386	9.63	35.09
2.386	9.63	35.09
2.386	9.64	35.09
2.386	9.64	35.09
2.385	9.64	35.09
2.385	9.64	35.09
2.384	9.64	35.09
2.384	9.65	35.09
2.384	9.65	35.09
2.383	9.65	35.09
2.382	9.65	35.09
2.381	9.66	35.09
2.380	9.66	35.09
2.379	9.67	35.09
2.379	9.67	35.09
2.379	9.67	35.09
2.379	9.67	35.08
2.378	9.67	35.09
2.378	9.68	35.08
2.377	9.68	35.08
2.377	9.68	35.08
2.377	9.68	35.08
2.377	9.68	35.08
2.377	9.68	35.08
2.377	9.68	35.08
2.377	9.68	35.08
2.377	9.68	35.08
2.377	9.68	35.08
2.377	9.68	35.08
2.377	9.68	35.08
2.377	9.68	35.08
2.378	9.68	35.08
2.377	9.68	35.08
2.377	9.68	35.08
2.377	9.68	35.08
2.377	9.68	35.08
2.377	9.68	35.08
2.376	9.68	35.08
2.376	9.68	35.08
2.375	9.69	35.08
2.375	9.69	35.08
2.374	9.70	35.08
2.373	9.70	35.08
2.372	9.70	35.08
2.372	9.71	35.08
2.372	9.71	35.08
2.371	9.71	35.08
2.371	9.71	35.08
2.370	9.72	35.08
2.370	9.73	35.08
2.369	9.73	35.08
2.368	9.73	35.08
2.367	9.73	35.08
2.366	9.73	35.08
2.366	9.74	35.08
2.366	9.74	35.08
2.365	9.74	35.08
2.365	9.74	35.08
2.363	9.75	35.08
2.361	9.76	35.08
2.360	9.76	35.08
2.360	9.76	35.08
2.360	9.76	35.08
2.359	9.76	35.08
2.359	9.76	35.08
2.359	9.77	35.08
2.358	9.77	35.08
2.356	9.78	35.08
2.355	9.79	35.08
2.354	9.79	35.08
2.353	9.79	35.08
2.353	9.79	35.08
2.352	9.80	35.08
2.352	9.80	35.08
2.350	9.80	35.08
2.349	9.81	35.08
2.347	9.81	35.08
2.346	9.82	35.08
2.345	9.83	35.08
2.345	9.84	35.08
2.344	9.84	35.08
2.344	9.84	35.08
2.343	9.84	35.08
2.343	9.85	35.07
2.342	9.85	35.07
2.341	9.86	35.07
2.339	9.87	35.07
2.338	9.88	35.07
2.337	9.88	35.07
2.336	9.89	35.07
2.334	9.90	35.07
2.333	9.90	35.07
2.333	9.90	35.07
2.332	9.91	35.07
2.332	9.91	35.07
2.331	9.92	35.07
2.330	9.92	35.07
2.330	9.92	35.07
2.329	9.93	35.07
2.329	9.93	35.07
2.329	9.93	35.07
2.328	9.93	35.07
2.328	9.93	35.07
2.327	9.94	35.07
2.327	9.93	35.07
2.327	9.94	35.07
2.327	9.93	35.07
2.327	9.94	35.07
2.327	9.94	35.07
2.327	9.94	35.07
2.326	9.95	35.07
2.326	9.95	35.07
2.326	9.95	35.07
2.326	9.95	35.07
2.325	9.95	35.07
2.325	9.95	35.07
2.324	9.96	35.07
2.324	9.96	35.07
2.324	9.96	35.07
2.324	9.96	35.07
2.324	9.97	35.07
2.323	9.97	35.07
2.322	9.97	35.07
2.322	9.98	35.07
2.322	9.98	35.07
2.321	9.98	35.07
2.321	9.98	35.07
2.321	9.98	35.07
2.321	9.98	35.07
2.320	9.99	35.07
2.320	9.99	35.07
2.319	9.99	35.07
2.318	9.99	35.07
2.318	10.00	35.07
2.318	10.00	35.07
2.317	10.00	35.07
2.317	10.00	35.07
2.317	10.00	35.07
2.317	10.00	35.07
2.317	10.00	35.07
2.316	10.00	35.07
2.316	10.01	35.07
2.315	10.01	35.07
2.313	10.02	35.07
2.313	10.02	35.07
2.313	10.02	35.07
2.313	10.02	35.07
2.313	10.02	35.07
2.313	10.02	35.07
2.313	10.02	35.07
2.312	10.02	35.07
2.312	10.02	35.07
2.312	10.02	35.07
2.312	10.03	35.07
2.311	10.04	35.07
2.310	10.04	35.07
2.309	10.05	35.07
2.308	10.05	35.07
2.307	10.06	35.07
2.307	10.06	35.07
2.306	10.06	35.07
2.305	10.06	35.07
2.304	10.07	35.07
2.304	10.06	35.07
2.303	10.07	35.07
2.303	10.07	35.07
2.303	10.07	35.07
2.302	10.07	35.06
2.302	10.07	35.06
2.301	10.08	35.07
2.300	10.09	35.06
2.300	10.09	35.06
2.299	10.09	35.06
2.299	10.09	35.06
2.299	10.09	35.06
2.298	10.09	35.06
2.298	10.10	35.06
2.297	10.10	35.06
2.297	10.10	35.06
2.297	10.10	35.06
2.297	10.10	35.06
2.296	10.10	35.06
2.295	10.11	35.06
2.295	10.11	35.06
2.295	10.11	35.06
2.294	10.12	35.06
2.292	10.12	35.06
2.291	10.13	35.06
2.291	10.13	35.06
2.290	10.13	35.06
2.290	10.13	35.06
2.290	10.14	35.06
2.289	10.14	35.06
2.289	10.14	35.06
2.289	10.14	35.06
2.289	10.14	35.06
2.289	10.14	35.06
2.288	10.14	35.06
2.288	10.15	35.06
2.287	10.14	35.06
2.287	10.15	35.06
2.287	10.15	35.06
2.287	10.15	35.06
2.287	10.15	35.06
2.286	10.15	35.06
2.285	10.15	35.06
2.285	10.15	35.06
2.285	10.15	35.06
2.284	10.15	35.06
2.284	10.16	35.06
2.284	10.16	35.06
2.284	10.16	35.06
2.284	10.16	35.06
2.283	10.16	35.06
2.282	10.17	35.06
2.282	10.17	35.06
2.282	10.17	35.06
2.281	10.17	35.06
2.281	10.18	35.06
2.280	10.18	35.06
2.280	10.18	35.06
2.280	10.19	35.06
2.279	10.19	35.06
2.279	10.19	35.06
2.279	10.19	35.06
2.279	10.19	35.06
2.278	10.19	35.06
2.278	10.20	35.06
2.277	10.20	35.06
2.276	10.20	35.06
2.276	10.20	35.06
2.276	10.20	35.06
2.276	10.20	35.06
2.275	10.21	35.06
2.274	10.21	35.06
2.274	10.21	35.06
2.274	10.21	35.06
2.273	10.22	35.06
2.272	10.22	35.06
2.271	10.22	35.06
2.270	10.23	35.06
2.270	10.23	35.06
2.269	10.23	35.06
2.268	10.24	35.06
2.267	10.24	35.06
2.266	10.24	35.06
2.266	10.24	35.06
2.265	10.25	35.06
2.264	10.25	35.06
2.263	10.26	35.06
2.262	10.26	35.06
2.261	10.27	35.06
2.259	10.27	35.06
2.258	10.27	35.06
2.258	10.28	35.06
2.257	10.28	35.06
2.256	10.29	35.06
2.255	10.29	35.06
2.253	10.30	35.06
2.252	10.30	35.06
2.251	10.31	35.05
2.250	10.32	35.05
2.249	10.33	35.05
2.248	10.34	35.05
2.248	10.34	35.05
2.247	10.34	35.05
2.246	10.35	35.05
2.245	10.35	35.05
2.245	10.35	35.05
2.245	10.35	35.05
2.244	10.35	35.05
2.244	10.35	35.05
2.244	10.35	35.05
2.244	10.36	35.05
2.244	10.36	35.05
2.243	10.36	35.05
2.243	10.36	35.05
2.243	10.36	35.05
2.243	10.37	35.05
2.242	10.39	35.05
2.240	10.39	35.05
2.238	10.40	35.05
2.237	10.41	35.05
2.234	10.44	35.05
2.232	10.44	35.05
2.229	10.44	35.05
2.226	10.45	35.05
2.224	10.47	35.05
2.222	10.48	35.05
2.222	10.49	35.05
2.221	10.49	35.05
2.220	10.49	35.05
2.220	10.49	35.05
2.219	10.50	35.05
2.217	10.51	35.05
2.216	10.51	35.05
2.216	10.52	35.05
2.215	10.51	35.05
2.215	10.52	35.05
2.214	10.52	35.05
2.213	10.53	35.05
2.212	10.54	35.05
2.211	10.54	35.05
2.211	10.54	35.05
2.211	10.55	35.05
2.211	10.55	35.05
2.210	10.55	35.05
2.209	10.56	35.05
2.206	10.57	35.05
2.204	10.58	35.05
2.203	10.59	35.05
2.201	10.60	35.05
2.200	10.59	35.05
2.201	10.59	35.05
2.201	10.60	35.05
2.201	10.60	35.05
2.200	10.61	35.05
2.199	10.62	35.05
2.196	10.62	35.05
2.194	10.63	35.05
2.193	10.63	35.05
2.193	10.63	35.05
2.193	10.64	35.05
2.192	10.64	35.05
2.190	10.65	35.05
2.188	10.66	35.05
2.188	10.66	35.05
2.188	10.66	35.05
2.188	10.67	35.05
2.188	10.67	35.05
2.188	10.67	35.05
2.187	10.67	35.05
2.187	10.68	35.05
2.185	10.68	35.05
2.182	10.70	35.05
2.181	10.70	35.05
2.180	10.71	35.05
2.179	10.71	35.05
2.179	10.71	35.05
2.179	10.71	35.05
2.179	10.71	35.05
2.179	10.72	35.05
2.178	10.72	35.04
2.178	10.72	35.04
2.177	10.72	35.04
2.176	10.73	35.04
2.176	10.74	35.04
2.174	10.74	35.04
2.173	10.75	35.04
2.172	10.75	35.04
2.171	10.76	35.04
2.170	10.76	35.04
2.169	10.77	35.04
2.168	10.77	35.04
2.167	10.77	35.04
2.166	10.78	35.04
2.165	10.79	35.04
2.164	10.79	35.04
2.163	10.80	35.04
2.162	10.81	35.04
2.161	10.82	35.04
2.161	10.82	35.04
2.160	10.83	35.04
2.159	10.83	35.04
2.157	10.84	35.04
2.156	10.85	35.04
2.154	10.85	35.04
2.153	10.87	35.04
2.152	10.87	35.04
2.151	10.88	35.04
2.150	10.88	35.04
2.149	10.90	35.04
2.147	10.91	35.04
2.145	10.92	35.04
2.144	10.92	35.04
2.142	10.93	35.04
2.141	10.93	35.04
2.141	10.94	35.04
2.140	10.94	35.04
2.140	10.94	35.04
2.140	10.94	35.04
2.140	10.94	35.04
2.140	10.95	35.04
2.139	10.96	35.04
2.139	10.97	35.04
2.139	10.97	35.04
2.138	10.97	35.04
2.138	10.98	35.04
2.137	10.98	35.04
2.137	10.98	35.04
2.136	10.99	35.04
2.136	10.99	35.04
2.134	10.99	35.04
2.134	10.99	35.04
2.133	11.00	35.04
2.132	11.00	35.04
2.131	11.00	35.04
2.131	11.01	35.04
2.131	11.01	35.04
2.130	11.01	35.04
2.129	11.02	35.04
2.128	11.03	35.04
2.127	11.03	35.04
2.126	11.04	35.04
2.126	11.04	35.04
2.125	11.04	35.04
2.125	11.05	35.04
2.124	11.05	35.04
2.124	11.05	35.04
2.124	11.05	35.04
2.123	11.05	35.04
2.122	11.06	35.04
2.122	11.06	35.04
2.122	11.07	35.04
2.121	11.06	35.04
2.121	11.07	35.04
2.121	11.06	35.04
2.121	11.07	35.04
2.121	11.06	35.04
2.121	11.07	35.04
2.120	11.07	35.04
2.120	11.07	35.04
2.119	11.08	35.04
2.119	11.08	35.04
2.118	11.09	35.04
2.117	11.09	35.04
2.116	11.10	35.03
2.114	11.12	35.03
2.112	11.12	35.03
2.111	11.13	35.03
2.111	11.13	35.03
2.111	11.13	35.03
2.111	11.13	35.03
2.111	11.14	35.03
2.110	11.14	35.03
2.109	11.15	35.03
2.109	11.15	35.03
2.109	11.15	35.03
2.108	11.15	35.03
2.108	11.15	35.03
2.107	11.15	35.03
2.107	11.16	35.03
2.107	11.16	35.03
2.107	11.16	35.03
2.107	11.15	35.03
2.106	11.16	35.03
2.106	11.16	35.03
2.105	11.17	35.03
2.105	11.17	35.03
2.105	11.17	35.03
2.104	11.18	35.03
2.103	11.18	35.03
2.103	11.19	35.03
2.102	11.18	35.03
2.102	11.18	35.03
2.102	11.19	35.03
2.101	11.19	35.03
2.100	11.20	35.03
2.099	11.20	35.03
2.098	11.21	35.03
2.096	11.22	35.03
2.094	11.23	35.03
2.093	11.24	35.03
2.091	11.24	35.03
2.090	11.25	35.03
2.089	11.26	35.03
2.088	11.26	35.03
2.087	11.27	35.03
2.086	11.28	35.03
2.086	11.28	35.03
2.085	11.28	35.03
2.084	11.29	35.03
2.083	11.30	35.03
2.082	11.30	35.03
2.082	11.31	35.03
2.081	11.31	35.03
2.080	11.32	35.03
2.079	11.33	35.03
2.078	11.33	35.03
2.077	11.33	35.03
2.076	11.34	35.03
2.075	11.34	35.03
2.075	11.35	35.03
2.074	11.35	35.03
2.074	11.36	35.03
2.074	11.36	35.03
2.073	11.36	35.03
2.073	11.37	35.03
2.073	11.37	35.03
2.072	11.37	35.03
2.071	11.38	35.03
2.070	11.38	35.03
2.068	11.40	35.03
2.066	11.40	35.03
2.065	11.41	35.03
2.065	11.41	35.03
2.064	11.41	35.03
2.064	11.42	35.03
2.064	11.42	35.03
2.064	11.41	35.03
2.063	11.42	35.03
2.062	11.43	35.03
2.061	11.44	35.03
2.060	11.44	35.03
2.059	11.45	35.03
2.059	11.45	35.03
2.058	11.45	35.03
2.057	11.45	35.03
2.056	11.46	35.03
2.055	11.47	35.03
2.055	11.47	35.03
2.054	11.48	35.03
2.053	11.48	35.03
2.053	11.48	35.03
2.053	11.48	35.03
2.052	11.48	35.02
2.052	11.49	35.02
2.051	11.49	35.02
2.051	11.49	35.02
2.051	11.50	35.02
2.050	11.50	35.02
2.050	11.50	35.02
2.050	11.51	35.02
2.050	11.51	35.02
2.049	11.51	35.02
2.049	11.51	35.02
2.049	11.51	35.02
2.049	11.51	35.02
2.049	11.51	35.02
2.048	11.52	35.02
2.048	11.52	35.02
2.048	11.52	35.02
2.048	11.52	35.02
2.048	11.52	35.02
2.047	11.53	35.02
2.047	11.52	35.02
2.046	11.53	35.02
2.046	11.53	35.02
2.045	11.54	35.02
2.045	11.54	35.02
2.045	11.54	35.02
2.044	11.55	35.02
2.043	11.55	35.02
2.042	11.55	35.02
2.042	11.55	35.02
2.042	11.55	35.02
2.041	11.55	35.02
2.041	11.55	35.02
2.041	11.56	35.02
2.040	11.57	35.02
2.039	11.58	35.02
2.038	11.58	35.02
2.037	11.58	35.02
2.037	11.59	35.02
2.037	11.59	35.02
2.037	11.59	35.02
2.036	11.59	35.02
2.036	11.59	35.02
2.036	11.60	35.02
2.035	11.60	35.02
2.034	11.61	35.02
2.033	11.61	35.02
2.032	11.61	35.02
2.032	11.61	35.02
2.032	11.61	35.02
2.032	11.61	35.02
2.032	11.61	35.02
2.032	11.61	35.02
2.031	11.62	35.02
2.030	11.62	35.02
2.029	11.63	35.02
2.027	11.64	35.02
2.027	11.64	35.02
2.026	11.65	35.02
2.026	11.65	35.02
2.025	11.66	35.02
2.025	11.66	35.02
2.024	11.66	35.02
2.023	11.66	35.02
2.023	11.67	35.02
2.022	11.67	35.02
2.022	11.68	35.02
2.021	11.68	35.02
2.021	11.68	35.02
2.021	11.68	35.02
2.020	11.69	35.02
2.020	11.69	35.02
2.019	11.69	35.02
2.018	11.70	35.02
2.017	11.70	35.02
2.017	11.71	35.02
2.016	11.71	35.02
2.015	11.72	35.02
2.014	11.72	35.02
2.013	11.72	35.02
2.013	11.72	35.02
2.013	11.73	35.02
2.013	11.73	35.02
2.012	11.73	35.02
2.012	11.74	35.02
2.012	11.74	35.02
2.012	11.75	35.01
2.012	11.75	35.01
2.011	11.75	35.01
2.011	11.75	35.01
2.011	11.75	35.01
2.010	11.75	35.01
2.010	11.77	35.01
2.009	11.77	35.01
2.008	11.77	35.01
2.008	11.78	35.01
2.007	11.78	35.01
2.007	11.78	35.01
2.006	11.79	35.01
2.006	11.79	35.01
2.006	11.79	35.01
2.005	11.80	35.01
2.004	11.80	35.01
2.004	11.81	35.01
2.003	11.81	35.01
2.003	11.81	35.01
2.002	11.82	35.01
2.001	11.82	35.01
2.000	11.83	35.01
1.999	11.84	35.01
1.998	11.84	35.01
1.997	11.85	35.01
1.997	11.85	35.01
1.997	11.86	35.01
1.996	11.86	35.01
1.996	11.85	35.01
1.996	11.85	35.01
1.996	11.85	35.01
1.996	11.85	35.01
1.996	11.86	35.01
1.996	11.86	35.01
1.995	11.86	35.01
1.995	11.86	35.01
1.995	11.86	35.01
1.994	11.87	35.01
1.993	11.87	35.01
1.993	11.87	35.01
1.993	11.88	35.01
1.993	11.88	35.01
1.992	11.88	35.01
1.992	11.89	35.01
1.991	11.89	35.01
1.991	11.89	35.01
1.991	11.89	35.01
1.990	11.90	35.01
1.990	11.89	35.01
1.990	11.90	35.01
1.990	11.90	35.01
1.990	11.90	35.01
1.989	11.90	35.01
1.988	11.90	35.01
1.988	11.91	35.01
1.988	11.92	35.01
1.987	11.92	35.01
1.987	11.92	35.01
1.986	11.93	35.01
1.986	11.92	35.01
1.986	11.93	35.01
1.986	11.93	35.01
1.986	11.93	35.01
1.986	11.94	35.01
1.986	11.94	35.01
1.985	11.94	35.01
1.985	11.94	35.01
1.985	11.94	35.01
1.985	11.94	35.01
1.985	11.94	35.01
1.984	11.94	35.01
1.984	11.94	35.01
1.984	11.94	35.01
1.984	11.94	35.01
1.984	11.94	35.01
1.984	11.95	35.01
1.983	11.95	35.01
1.983	11.95	35.01
1.983	11.95	35.01
1.983	11.95	35.01
1.983	11.95	35.00
1.983	11.95	35.01
1.983	11.95	35.00
1.983	11.95	35.00
1.983	11.95	35.00
1.983	11.95	35.00
1.983	11.95	35.00
1.983	11.96	35.00
1.983	11.96	35.00
1.982	11.96	35.00
1.982	11.96	35.00
1.981	11.96	35.00
1.981	11.97	35.00
1.980	11.97	35.00
1.980	11.98	35.00
1.979	11.98	35.00
1.979	11.99	35.00
1.978	11.98	35.00
1.978	11.99	35.00
1.978	11.99	35.00
1.978	11.98	35.00
1.978	11.99	35.00
1.978	11.99	35.00
1.977	11.99	35.00
1.977	11.99	35.00
1.976	12.00	35.00
1.976	11.99	35.00
1.976	11.99	35.00
1.975	12.00	35.00
1.975	12.01	35.00
1.975	12.01	35.00
1.975	12.01	35.00
1.974	12.02	35.00
1.974	12.02	35.00
1.974	12.02	35.00
1.974	12.02	35.00
1.974	12.02	35.00
1.974	12.02	35.00
1.973	12.02	35.00
1.972	12.03	35.00
1.972	12.03	35.00
1.971	12.03	35.00
1.971	12.03	35.00
1.971	12.03	35.00
1.971	12.03	35.00
1.971	12.03	35.00
1.970	12.03	35.00
1.969	12.04	35.00
1.969	12.04	35.00
1.969	12.04	35.00
1.968	12.05	35.00
1.968	12.06	35.00
1.968	12.06	35.00
1.968	12.06	35.00
1.968	12.06	35.00
1.968	12.06	35.00
1.967	12.07	35.00
1.966	12.07	35.00
1.966	12.07	35.00
1.966	12.07	35.00
1.965	12.07	35.00
1.965	12.08	35.00
1.965	12.08	35.00
1.964	12.08	35.00
1.964	12.08	35.00
1.964	12.09	35.00
1.963	12.08	35.00
1.963	12.09	35.00
1.963	12.09	35.00
1.962	12.09	35.00
1.962	12.10	35.00
1.961	12.09	35.00
1.961	12.09	35.00
1.961	12.10	35.00
1.961	12.11	35.00
1.960	12.11	35.00
1.960	12.12	35.00
1.959	12.11	35.00
1.959	12.12	35.00
1.958	12.13	35.00
1.958	12.13	35.00
1.958	12.13	35.00
1.957	12.13	35.00
1.957	12.14	35.00
1.957	12.14	35.00
1.956	12.14	35.00
1.956	12.14	35.00
1.956	12.14	35.00
1.955	12.15	35.00
1.954	12.15	35.00
1.954	12.15	35.00
1.954	12.15	35.00
1.953	12.15	34.99
1.953	12.16	34.99
1.953	12.16	34.99
1.953	12.16	34.99
1.953	12.16	34.99
1.952	12.16	34.99
1.952	12.17	34.99
1.952	12.17	34.99
1.952	12.17	34.99
1.951	12.17	34.99
1.951	12.17	34.99
1.950	12.17	34.99
1.950	12.18	34.99
1.950	12.18	34.99
1.949	12.18	34.99
1.949	12.18	34.99
1.948	12.18	34.99
1.948	12.18	34.99
1.948	12.19	34.99
1.947	12.20	34.99
1.947	12.20	34.99
1.946	12.20	34.99
1.946	12.20	34.99
1.946	12.20	34.99
1.946	12.20	34.99
1.945	12.21	34.99
1.945	12.21	34.99
1.945	12.21	34.99
1.945	12.22	34.99
1.944	12.22	34.99
1.944	12.22	34.99
1.943	12.22	34.99
1.943	12.23	34.99
1.943	12.22	34.99
1.942	12.23	34.99
1.942	12.23	34.99
1.942	12.23	34.99
1.941	12.23	34.99
1.941	12.24	34.99
1.941	12.24	34.99
1.941	12.24	34.99
1.941	12.24	34.99
1.941	12.24	34.99
1.940	12.25	34.99
1.940	12.25	34.99
1.940	12.25	34.99
1.939	12.25	34.99
1.939	12.25	34.99
1.938	12.26	34.99
1.937	12.26	34.99
1.936	12.27	34.99
1.936	12.28	34.99
1.935	12.27	34.99
1.935	12.29	34.99
1.934	12.29	34.99
1.934	12.29	34.99
1.934	12.30	34.99
1.933	12.30	34.99
1.933	12.30	34.99
1.933	12.30	34.99
1.932	12.30	34.99
1.932	12.30	34.99
1.932	12.31	34.99
1.932	12.31	34.99
1.931	12.31	34.99
1.931	12.32	34.99
1.930	12.32	34.99
1.930	12.33	34.99
1.929	12.33	34.99
1.930	12.33	34.99
1.929	12.33	34.99
1.929	12.33	34.99
1.929	12.33	34.99
1.929	12.33	34.99
1.929	12.34	34.99
1.929	12.33	34.99
1.929	12.33	34.99
1.929	12.33	34.99
1.928	12.33	34.99
1.928	12.34	34.99
1.927	12.34	34.99
1.927	12.34	34.99
1.926	12.34	34.99
1.926	12.35	34.99
1.926	12.35	34.99
1.925	12.35	34.99
1.925	12.35	34.99
1.925	12.35	34.99
1.924	12.36	34.98
1.924	12.36	34.98
1.924	12.36	34.98
1.924	12.36	34.98
1.923	12.37	34.98
1.923	12.37	34.98
1.922	12.38	34.98
1.922	12.38	34.98
1.922	12.38	34.98
1.921	12.38	34.98
1.921	12.39	34.98
1.921	12.40	34.98
1.920	12.40	34.98
1.920	12.40	34.98
1.920	12.40	34.98
1.919	12.40	34.98
1.919	12.40	34.98
1.919	12.41	34.98
1.919	12.41	34.98
1.918	12.41	34.98
1.918	12.41	34.98
1.918	12.42	34.98
1.917	12.42	34.98
1.917	12.42	34.98
1.917	12.42	34.98
1.917	12.42	34.98
1.916	12.42	34.98
1.916	12.43	34.98
1.916	12.42	34.98
1.916	12.43	34.98
1.916	12.43	34.98
1.915	12.43	34.98
1.915	12.43	34.98
1.915	12.43	34.98
1.915	12.44	34.98
1.914	12.44	34.98
1.914	12.44	34.98
1.914	12.44	34.98
1.913	12.44	34.98
1.913	12.45	34.98
1.912	12.45	34.98
1.912	12.45	34.98
1.911	12.46	34.98
1.911	12.46	34.98
1.911	12.46	34.98
1.911	12.46	34.98
1.910	12.46	34.98
1.910	12.47	34.98
1.910	12.47	34.98
1.909	12.47	34.98
1.909	12.47	34.98
1.909	12.47	34.98
1.908	12.48	34.98
1.908	12.48	34.98
1.907	12.48	34.98
1.907	12.48	34.98
1.907	12.48	34.98
1.906	12.48	34.98
1.906	12.48	34.98
1.906	12.48	34.98
1.906	12.48	34.98
1.906	12.48	34.98
1.906	12.48	34.98
1.906	12.49	34.98
1.905	12.49	34.98
1.905	12.49	34.98
1.904	12.50	34.98
1.904	12.50	34.98
1.903	12.51	34.98
1.903	12.51	34.98
1.902	12.51	34.98
1.902	12.51	34.98
1.901	12.51	34.98
1.901	12.51	34.98
1.901	12.51	34.98
1.901	12.51	34.98
1.901	12.51	34.98
1.901	12.51	34.98
1.901	12.51	34.98
1.901	12.51	34.98
1.901	12.52	34.98
1.901	12.52	34.98
1.901	12.52	34.98
1.901	12.51	34.98
1.901	12.52	34.98
1.900	12.52	34.98
1.900	12.52	34.98
1.900	12.52	34.98
1.899	12.52	34.98
1.898	12.53	34.98
1.898	12.55	34.98
1.897	12.55	34.98
1.897	12.56	34.98
1.896	12.56	34.98
1.896	12.56	34.97
1.896	12.57	34.97
1.895	12.57	34.97
1.895	12.57	34.97
1.894	12.57	34.97
1.894	12.57	34.97
1.894	12.58	34.97
1.894	12.57	34.97
1.893	12.57	34.97
1.893	12.57	34.97
1.893	12.57	34.97
1.893	12.58	34.97
1.892	12.58	34.97
1.892	12.58	34.97
1.892	12.58	34.97
1.892	12.59	34.97
1.892	12.58	34.97
1.892	12.59	34.97
1.892	12.59	34.97
1.891	12.59	34.97
1.891	12.60	34.97
1.891	12.59	34.97
1.890	12.60	34.97
1.890	12.59	34.97
1.890	12.60	34.97
1.890	12.61	34.97
1.889	12.61	34.97
1.889	12.61	34.97
1.889	12.62	34.97
1.888	12.62	34.97
1.888	12.62	34.97
1.888	12.62	34.97
1.888	12.62	34.97
1.888	12.62	34.97
1.887	12.62	34.97
1.887	12.63	34.97
1.887	12.63	34.97
1.886	12.63	34.97
1.886	12.63	34.97
1.885	12.63	34.97
1.884	12.64	34.97
1.884	12.64	34.97
1.883	12.65	34.97
1.883	12.66	34.97
1.882	12.66	34.97
1.882	12.66	34.97
1.881	12.66	34.97
1.881	12.66	34.97
1.881	12.66	34.97
1.881	12.67	34.97
1.881	12.66	34.97
1.881	12.67	34.97
1.880	12.66	34.97
1.880	12.67	34.97
1.880	12.67	34.97
1.879	12.68	34.97
1.879	12.68	34.97
1.879	12.69	34.97
1.878	12.70	34.97
1.878	12.70	34.97
1.877	12.71	34.97
1.877	12.71	34.97
1.876	12.71	34.97
1.876	12.71	34.97
1.875	12.71	34.97
1.875	12.71	34.97
1.875	12.72	34.97
1.874	12.72	34.97
1.874	12.72	34.97
1.874	12.73	34.97
1.874	12.73	34.97
1.874	12.72	34.97
1.873	12.73	34.97
1.872	12.74	34.97
1.872	12.74	34.97
1.872	12.74	34.97
1.871	12.74	34.96
1.871	12.74	34.97
1.870	12.75	34.96
1.870	12.76	34.96
1.869	12.77	34.96
1.869	12.77	34.96
1.868	12.77	34.96
1.868	12.78	34.96
1.867	12.78	34.96
1.867	12.79	34.96
1.867	12.79	34.96
1.867	12.79	34.96
1.866	12.79	34.96
1.866	12.79	34.96
1.865	12.80	34.96
1.864	12.81	34.96
1.863	12.81	34.96
1.863	12.81	34.96
1.863	12.81	34.96
1.862	12.82	34.96
1.862	12.82	34.96
1.861	12.82	34.96
1.861	12.82	34.96
1.861	12.83	34.96
1.860	12.83	34.96
1.860	12.83	34.96
1.860	12.84	34.96
1.859	12.84	34.96
1.859	12.84	34.96
1.859	12.85	34.96
1.858	12.85	34.96
1.858	12.85	34.96
1.858	12.84	34.96
1.858	12.85	34.96
1.857	12.85	34.96
1.857	12.85	34.96
1.857	12.86	34.96
1.857	12.86	34.96
1.856	12.86	34.96
1.856	12.87	34.96
1.856	12.87	34.96
1.856	12.87	34.96
1.855	12.88	34.96
1.855	12.88	34.96
1.855	12.88	34.96
1.855	12.88	34.96
1.855	12.88	34.96
1.854	12.88	34.96
1.854	12.88	34.96
1.854	12.88	34.96
1.854	12.88	34.96
1.853	12.89	34.96
1.853	12.89	34.96
1.853	12.89	34.96
1.853	12.90	34.96
1.852	12.90	34.96
1.852	12.90	34.96
1.851	12.91	34.96
1.851	12.91	34.96
1.851	12.91	34.96
1.851	12.91	34.96
1.851	12.91	34.96
1.850	12.91	34.96
1.850	12.91	34.96
1.850	12.91	34.96
1.850	12.92	34.96
1.849	12.92	34.96
1.849	12.92	34.96
1.849	12.92	34.96
1.849	12.92	34.96
1.849	12.93	34.96
1.848	12.93	34.96
1.848	12.94	34.96
1.848	12.95	34.96
1.848	12.94	34.96
1.848	12.95	34.96
1.847	12.94	34.96
1.847	12.94	34.96
1.847	12.95	34.96
1.847	12.95	34.96
1.846	12.95	34.96
1.846	12.94	34.96
1.846	12.96	34.95
1.846	12.95	34.96
1.846	12.95	34.95
1.845	12.95	34.95
1.845	12.95	34.95
1.845	12.95	34.95
1.844	12.95	34.95
1.844	12.95	34.95
1.844	12.96	34.95
1.844	12.96	34.95
1.844	12.96	34.95
1.844	12.96	34.95
1.844	12.95	34.95
1.844	12.96	34.95
1.844	12.96	34.95
1.844	12.96	34.95
1.844	12.97	34.95
1.844	12.96	34.95
1.843	12.97	34.95
1.843	12.96	34.95
1.843	12.96	34.95
1.843	12.97	34.95
1.843	12.97	34.95
1.842	12.97	34.95
1.842	12.97	34.95
1.842	12.97	34.95
1.842	12.97	34.95
1.842	12.97	34.95
1.842	12.97	34.95
1.842	12.97	34.95
1.842	12.98	34.95
1.842	12.99	34.95
1.841	12.99	34.95
1.841	12.99	34.95
1.841	12.99	34.95
1.841	12.99	34.95
1.840	12.99	34.95
1.840	12.99	34.95
1.840	12.99	34.95
1.840	13.00	34.95
1.840	12.99	34.95
1.839	13.00	34.95
1.839	13.00	34.95
1.839	13.00	34.95
1.838	13.00	34.95
1.838	13.00	34.95
1.838	13.00	34.95
1.838	13.00	34.95
1.838	13.01	34.95
1.838	13.01	34.95
1.838	13.01	34.95
1.837	13.01	34.95
1.837	13.01	34.95
1.837	13.02	34.95
1.836	13.02	34.95
1.836	13.02	34.95
1.836	13.02	34.95
1.836	13.02	34.95
1.836	13.02	34.95
1.836	13.02	34.95
1.836	13.03	34.95
1.835	13.03	34.95
1.835	13.03	34.95
1.835	13.03	34.95
1.835	13.04	34.95
1.834	13.04	34.95
1.834	13.04	34.95
1.833	13.04	34.95
1.833	13.05	34.95
1.833	13.05	34.95
1.832	13.06	34.95
1.832	13.06	34.95
1.832	13.06	34.95
1.832	13.06	34.95
1.832	13.06	34.95
1.831	13.06	34.95
1.832	13.06	34.94
1.832	13.06	34.94
1.831	13.06	34.94
1.831	13.07	34.94
1.831	13.07	34.94
1.830	13.07	34.94
1.830	13.07	34.94
1.829	13.07	34.94
1.829	13.07	34.94
1.829	13.08	34.94
1.829	13.08	34.94
1.829	13.07	34.94
1.829	13.08	34.94
1.828	13.08	34.94
1.828	13.08	34.94
1.827	13.09	34.94
1.827	13.09	34.94
1.826	13.10	34.94
1.826	13.09	34.94
1.826	13.09	34.94
1.826	13.11	34.94
1.825	13.10	34.94
1.825	13.10	34.94
1.825	13.10	34.94
1.825	13.11	34.94
1.825	13.11	34.94
1.825	13.11	34.94
1.825	13.11	34.94
1.825	13.12	34.94
1.825	13.11	34.94
1.825	13.11	34.94
1.825	13.11	34.94
1.825	13.11	34.94
1.825	13.11	34.94
1.824	13.12	34.94
1.824	13.13	34.94
1.824	13.13	34.94
1.824	13.14	34.94
1.824	13.13	34.94
1.823	13.13	34.94
1.823	13.14	34.94
1.823	13.14	34.94
1.823	13.14	34.94
1.823	13.14	34.94
1.822	13.15	34.94
1.822	13.14	34.94
1.822	13.15	34.94
1.822	13.14	34.94
1.822	13.14	34.94
1.822	13.14	34.94
1.822	13.14	34.94
1.822	13.15	34.94
1.822	13.14	34.94
1.822	13.15	34.94
1.822	13.14	34.94
1.822	13.14	34.94
1.822	13.14	34.94
1.822	13.15	34.94
1.822	13.15	34.94
1.822	13.15	34.94
1.821	13.15	34.94
1.821	13.15	34.94
1.821	13.16	34.94
1.820	13.15	34.94
1.820	13.16	34.94
1.819	13.16	34.94
1.819	13.16	34.94
1.819	13.16	34.94
1.818	13.16	34.94
1.818	13.16	34.94
1.817	13.17	34.94
1.817	13.17	34.94
1.816	13.17	34.94
1.816	13.18	34.94
1.815	13.19	34.94
1.814	13.18	34.94
1.814	13.19	34.94
1.813	13.19	34.94
1.813	13.20	34.94
1.812	13.21	34.94
1.812	13.20	34.94
1.811	13.22	34.93
1.810	13.23	34.93
1.810	13.23	34.93
1.809	13.24	34.93
1.808	13.25	34.93
1.806	13.26	34.93
1.805	13.26	34.93
1.805	13.28	34.93
1.804	13.28	34.93
1.804	13.28	34.93
1.803	13.29	34.93
1.802	13.30	34.93
1.802	13.29	34.93
1.801	13.30	34.93
1.801	13.31	34.93
1.800	13.31	34.93
1.800	13.31	34.93
1.799	13.32	34.93
1.799	13.32	34.93
1.798	13.33	34.93
1.798	13.33	34.93
1.797	13.33	34.93
1.797	13.34	34.93
1.797	13.34	34.93
1.796	13.35	34.93
1.795	13.35	34.93
1.795	13.34	34.93
1.795	13.35	34.93
1.795	13.34	34.93
1.794	13.35	34.93
1.794	13.35	34.93
1.794	13.36	34.93
1.793	13.37	34.93
1.792	13.37	34.93
1.792	13.38	34.93
1.792	13.38	34.93
1.791	13.38	34.93
1.791	13.39	34.93
1.791	13.39	34.93
1.791	13.39	34.93
1.791	13.39	34.93
1.790	13.40	34.93
1.790	13.40	34.93
1.790	13.40	34.93
1.790	13.40	34.93
1.789	13.40	34.93
1.789	13.40	34.93
1.789	13.40	34.93
1.788	13.41	34.93
1.788	13.41	34.93
1.787	13.41	34.93
1.787	13.42	34.93
1.786	13.42	34.93
1.786	13.42	34.93
1.786	13.43	34.93
1.785	13.42	34.93
1.785	13.43	34.93
1.785	13.43	34.93
1.784	13.43	34.93
1.784	13.44	34.93
1.784	13.44	34.93
1.783	13.44	34.93
1.783	13.44	34.93
1.783	13.44	34.93
1.782	13.45	34.93
1.782	13.45	34.93
1.781	13.45	34.93
1.781	13.46	34.93
1.781	13.46	34.93
1.781	13.46	34.93
1.781	13.46	34.93
1.781	13.46	34.93
1.781	13.46	34.93
1.781	13.47	34.93
1.780	13.47	34.93
1.780	13.47	34.93
1.780	13.47	34.92
1.779	13.48	34.92
1.779	13.48	34.92
1.778	13.49	34.92
1.777	13.49	34.92
1.777	13.50	34.92
1.776	13.50	34.92
1.776	13.50	34.92
1.776	13.51	34.92
1.776	13.51	34.92
1.775	13.51	34.92
1.775	13.51	34.92
1.775	13.51	34.92
1.774	13.51	34.92
1.774	13.51	34.92
1.774	13.51	34.92
1.774	13.51	34.92
1.774	13.51	34.92
1.774	13.51	34.92
1.774	13.51	34.92
1.774	13.51	34.92
1.774	13.51	34.92
1.774	13.51	34.92
1.773	13.52	34.92
1.773	13.52	34.92
1.773	13.52	34.92
1.773	13.52	34.92
1.773	13.52	34.92
1.773	13.52	34.92
1.773	13.52	34.92
1.773	13.52	34.92
1.773	13.53	34.92
1.772	13.53	34.92
1.771	13.54	34.92
1.771	13.54	34.92
1.771	13.55	34.92
1.770	13.55	34.92
1.770	13.55	34.92
1.770	13.56	34.92
1.769	13.56	34.92
1.768	13.57	34.92
1.768	13.57	34.92
1.768	13.57	34.92
1.768	13.57	34.92
1.768	13.57	34.92
1.768	13.57	34.92
1.768	13.57	34.92
1.768	13.57	34.92
1.768	13.57	34.92
1.768	13.57	34.92
1.768	13.58	34.92
1.768	13.58	34.92
1.767	13.58	34.92
1.767	13.59	34.92
1.766	13.59	34.92
1.766	13.59	34.92
1.766	13.59	34.92
1.765	13.59	34.92
1.765	13.60	34.92
1.765	13.60	34.92
1.764	13.60	34.92
1.764	13.61	34.92
1.763	13.62	34.92
1.762	13.62	34.92
1.761	13.63	34.92
1.760	13.64	34.92
1.760	13.64	34.92
1.760	13.64	34.92
1.760	13.64	34.92
1.760	13.64	34.92
1.760	13.64	34.92
1.760	13.65	34.92
1.760	13.65	34.92
1.759	13.65	34.92
1.758	13.65	34.92
1.758	13.66	34.92
1.757	13.66	34.92
1.756	13.66	34.92
1.756	13.67	34.92
1.755	13.68	34.92
1.755	13.69	34.92
1.755	13.69	34.92
1.755	13.69	34.92
1.754	13.69	34.92
1.754	13.70	34.92
1.754	13.70	34.92
1.753	13.71	34.92
1.752	13.71	34.92
1.752	13.71	34.92
1.751	13.72	34.92
1.751	13.73	34.92
1.750	13.72	34.92
1.750	13.73	34.92
1.750	13.73	34.92
1.750	13.73	34.92
1.749	13.74	34.92
1.749	13.74	34.92
1.748	13.73	34.92
1.748	13.74	34.92
1.748	13.74	34.92
1.748	13.74	34.92
1.748	13.74	34.92
1.747	13.75	34.92
1.747	13.76	34.92
1.747	13.76	34.92
1.747	13.76	34.92
1.747	13.76	34.92
1.747	13.76	34.92
1.746	13.76	34.92
1.746	13.77	34.92
1.745	13.77	34.92
1.745	13.77	34.92
1.745	13.77	34.92
1.744	13.78	34.92
1.744	13.79	34.92
1.743	13.80	34.92
1.743	13.80	34.92
1.743	13.79	34.92
1.743	13.80	34.92
1.743	13.81	34.92
1.742	13.81	34.92
1.742	13.81	34.92
1.741	13.81	34.92
1.741	13.81	34.92
1.741	13.81	34.92
1.741	13.81	34.92
1.741	13.81	34.92
1.741	13.81	34.92
1.740	13.81	34.92
1.740	13.82	34.91
1.740	13.82	34.91
1.739	13.82	34.91
1.740	13.82	34.91
1.739	13.81	34.91
1.739	13.82	34.91
1.739	13.82	34.91
1.739	13.83	34.91
1.738	13.83	34.91
1.738	13.84	34.91
1.737	13.84	34.91
1.737	13.84	34.91
1.737	13.84	34.91
1.737	13.85	34.91
1.736	13.84	34.91
1.736	13.84	34.91
1.736	13.85	34.91
1.735	13.85	34.91
1.735	13.85	34.91
1.735	13.85	34.91
1.735	13.85	34.91
1.735	13.86	34.91
1.735	13.86	34.91
1.735	13.85	34.91
1.734	13.86	34.91
1.734	13.86	34.91
1.734	13.86	34.91
1.734	13.86	34.91
1.733	13.86	34.91
1.733	13.86	34.91
1.733	13.86	34.91
1.733	13.88	34.91
1.732	13.89	34.91
1.730	13.90	34.91
1.728	13.91	34.91
1.726	13.92	34.91
1.725	13.93	34.91
1.725	13.94	34.91
1.725	13.94	34.91
1.725	13.94	34.91
1.724	13.94	34.91
1.724	13.95	34.91
1.724	13.95	34.91
1.724	13.95	34.91
1.724	13.95	34.91
1.724	13.95	34.91
1.724	13.96	34.91
1.724	13.95	34.91
1.724	13.96	34.91
1.724	13.95	34.91
1.724	13.95	34.91
1.724	13.95	34.91
1.724	13.96	34.91
1.724	13.96	34.91
1.724	13.96	34.91
1.724	13.96	34.91
1.724	13.96	34.91
1.720	13.98	34.91
1.718	13.98	34.91
1.718	13.98	34.91
1.718	13.99	34.91
1.717	13.99	34.91
1.717	13.99	34.91
1.717	14.00	34.91
1.717	14.01	34.91
1.716	14.01	34.91
1.716	14.03	34.91
1.715	14.03	34.91
1.715	14.04	34.91
1.714	14.03	34.91
1.714	14.04	34.91
1.713	14.04	34.91
1.713	14.05	34.91
1.713	14.05	34.91
1.712	14.05	34.91
1.712	14.06	34.91
1.711	14.06	34.91
1.711	14.06	34.91
1.710	14.07	34.91
1.710	14.07	34.91
1.710	14.08	34.91
1.709	14.08	34.91
1.709	14.08	34.91
1.709	14.09	34.91
1.708	14.09	34.91
1.708	14.09	34.91
1.707	14.10	34.91
1.707	14.11	34.91
1.706	14.11	34.91
1.706	14.12	34.91
1.705	14.12	34.91
1.705	14.12	34.91
1.704	14.13	34.91
1.703	14.13	34.91
1.702	14.13	34.91
1.700	14.15	34.90
1.698	14.18	34.90
1.697	14.19	34.90
1.697	14.19	34.90
1.696	14.19	34.90
1.696	14.20	34.90
1.696	14.20	34.90
1.695	14.21	34.90
1.695	14.21	34.90
1.695	14.21	34.90
1.695	14.21	34.90
1.695	14.22	34.90
1.694	14.23	34.90
1.694	14.23	34.90
1.694	14.23	34.90
1.694	14.23	34.90
1.694	14.23	34.90
1.693	14.24	34.90
1.693	14.24	34.90
1.693	14.24	34.90
1.693	14.24	34.90
1.693	14.25	34.90
1.693	14.25	34.90
1.692	14.27	34.90
1.692	14.27	34.90
1.691	14.27	34.90
1.691	14.28	34.90
1.691	14.28	34.90
1.690	14.28	34.90
1.690	14.28	34.90
1.690	14.28	34.90
1.690	14.28	34.90
1.689	14.29	34.90
1.689	14.29	34.90
1.689	14.29	34.90
1.689	14.29	34.90
1.688	14.29	34.90
1.688	14.29	34.90
1.687	14.30	34.90
1.687	14.30	34.90
1.687	14.30	34.90
1.687	14.30	34.90
1.686	14.30	34.90
1.686	14.30	34.90
1.686	14.30	34.90
1.685	14.30	34.90
1.685	14.30	34.90
1.685	14.31	34.90
1.684	14.31	34.90
1.684	14.32	34.90
1.683	14.32	34.90
1.683	14.32	34.90
1.683	14.32	34.90
1.683	14.33	34.90
1.682	14.33	34.90
1.682	14.34	34.90
1.681	14.34	34.90
1.681	14.35	34.90
1.680	14.34	34.90
1.680	14.35	34.90
1.679	14.36	34.90
1.678	14.37	34.90
1.678	14.37	34.90
1.677	14.37	34.90
1.676	14.38	34.90
1.676	14.38	34.90
1.675	14.40	34.90
1.675	14.39	34.90
1.675	14.40	34.90
1.674	14.40	34.90
1.674	14.41	34.90
1.673	14.41	34.90
1.673	14.42	34.90
1.672	14.41	34.90
1.672	14.42	34.90
1.672	14.42	34.90
1.672	14.42	34.90
1.672	14.42	34.90
1.672	14.43	34.90
1.672	14.43	34.90
1.671	14.43	34.90
1.671	14.43	34.90
1.671	14.43	34.90
1.671	14.43	34.90
1.671	14.43	34.90
1.671	14.43	34.90
1.671	14.43	34.90
1.671	14.43	34.90
1.671	14.43	34.90
1.670	14.44	34.90
1.670	14.44	34.90
1.671	14.44	34.90
1.671	14.44	34.90
1.671	14.44	34.90
1.671	14.44	34.90
1.671	14.44	34.90
1.671	14.43	34.90
1.671	14.43	34.90
1.671	14.44	34.90
1.671	14.43	34.90
1.671	14.44	34.90
1.671	14.44	34.90
1.671	14.43	34.90
1.671	14.44	34.90
1.671	14.44	34.90
1.671	14.44	34.90
1.671	14.43	34.90
1.671	14.44	34.89
1.671	14.44	34.90
1.671	14.44	34.89
1.671	14.44	34.89
1.671	14.44	34.89
1.671	14.44	34.89
1.671	14.44	34.89
1.671	14.44	34.89
1.671	14.44	34.89
1.671	14.44	34.89
1.671	14.44	34.89
1.671	14.44	34.89
1.671	14.44	34.89
1.671	14.44	34.89
1.671	14.44	34.89
1.671	14.44	34.89
1.671	14.44	34.89
1.671	14.44	34.89
1.671	14.44	34.89
1.671	14.44	34.89
1.671	14.45	34.89
1.671	14.45	34.89
1.671	14.44	34.89
1.671	14.44	34.89
1.671	14.44	34.89
1.671	14.44	34.89
1.671	14.45	34.89
1.671	14.44	34.89
1.670	14.44	34.89
1.671	14.45	34.89
1.671	14.45	34.89
1.671	14.45	34.89
1.671	14.45	34.89
1.670	14.45	34.89
1.670	14.45	34.89
1.671	14.44	34.89
1.671	14.45	34.89
1.670	14.45	34.89
1.670	14.45	34.89
1.670	14.45	34.89
1.671	14.45	34.89
1.671	14.45	34.89
1.670	14.45	34.89
1.670	14.45	34.89
1.670	14.45	34.89
1.671	14.45	34.89
1.670	14.45	34.89
1.670	14.45	34.89
1.670	14.45	34.89
1.671	14.45	34.89
1.670	14.45	34.89
1.670	14.45	34.89
1.670	14.45	34.89
1.670	14.45	34.89
1.670	14.45	34.89
1.670	14.46	34.89
1.670	14.45	34.89
1.670	14.46	34.89
1.670	14.46	34.89
1.670	14.46	34.89
1.670	14.46	34.89
1.670	14.46	34.89
1.670	14.46	34.89
1.670	14.46	34.89
1.670	14.46	34.89
1.670	14.46	34.89
1.670	14.46	34.89
1.670	14.46	34.89
1.670	14.46	34.89
1.670	14.47	34.89
1.670	14.47	34.89
1.670	14.47	34.89
1.670	14.47	34.89
1.670	14.47	34.89
1.670	14.47	34.89
1.670	14.47	34.89
1.670	14.46	34.89
1.670	14.47	34.89
1.670	14.47	34.89
1.670	14.47	34.89
1.670	14.47	34.89
1.670	14.47	34.89
1.670	14.47	34.89
1.670	14.47	34.88
1.670	14.48	34.88
1.670	14.48	34.88
1.670	14.48	34.88
1.671	14.48	34.88
1.671	14.48	34.88
1.670	14.48	34.88
1.670	14.48	34.88
1.670	14.48	34.88
1.671	14.48	34.88
1.670	14.48	34.88
1.670	14.48	34.88
1.670	14.48	34.88
1.671	14.48	34.88
1.671	14.48	34.88
1.670	14.48	34.88
1.670	14.48	34.88
1.670	14.48	34.88
1.670	14.48	34.88
1.670	14.48	34.88
1.670	14.48	34.88
1.670	14.48	34.88
1.670	14.48	34.88
1.670	14.48	34.88
1.670	14.48	34.88
1.670	14.48	34.88
1.670	14.48	34.88
1.670	14.48	34.88
1.670	14.48	34.88
1.670	14.48	34.88
1.670	14.48	34.88
1.670	14.48	34.88
1.670	14.49	34.88
1.670	14.49	34.88
1.670	14.49	34.88
1.670	14.48	34.88
1.670	14.49	34.88
1.670	14.48	34.88
1.670	14.49	34.88
1.670	14.49	34.88
1.670	14.50	34.88
1.670	14.50	34.88
1.670	14.50	34.88
1.670	14.50	34.88
1.670	14.50	34.88
1.670	14.50	34.88
1.670	14.50	34.88
1.670	14.50	34.88
1.670	14.50	34.88
1.670	14.51	34.88
1.670	14.50	34.88
1.670	14.51	34.88
1.670	14.51	34.88
1.670	14.51	34.88
1.670	14.51	34.88
1.670	14.51	34.88
1.670	14.51	34.88
1.670	14.51	34.88
1.670	14.50	34.88
1.670	14.50	34.88
1.670	14.50	34.88
1.670	14.50	34.88
1.670	14.50	34.88
1.670	14.48	34.88
1.670	14.48	34.88
1.670	14.48	34.88
1.670	14.48	34.88
1.670	14.48	34.88
1.670	14.48	34.88
1.670	14.48	34.88
1.670	14.48	34.88
1.670	14.48	34.88
1.670	14.47	34.88
1.670	14.47	34.88
1.670	14.47	34.88
1.670	14.47	34.88
1.669	14.47	34.88
1.669	14.47	34.88
1.669	14.47	34.88
1.669	14.47	34.88
1.669	14.47	34.88
1.669	14.47	34.88
1.669	14.47	34.88
1.669	14.47	34.88
1.669	14.47	34.88
1.669	14.47	34.88
1.669	14.47	34.88
1.669	14.47	34.88
1.669	14.47	34.88
1.669	14.47	34.88
1.669	14.47	34.88
1.669	14.47	34.88
1.669	14.47	34.88
1.669	14.47	34.88
1.669	14.47	34.88
1.669	14.47	34.88
1.669	14.47	34.88
1.669	14.47	34.88
1.669	14.47	34.88
1.669	14.47	34.88
1.669	14.47	34.88
1.669	14.47	34.88
1.669	14.47	34.88
1.669	14.47	34.88
1.669	14.47	34.88
1.669	14.47	34.88
1.669	14.47	34.88
1.669	14.47	34.87
1.669	14.47	34.87
1.669	14.47	34.87
1.669	14.47	34.87
1.669	14.47	34.87
1.669	14.47	34.87
1.669	14.47	34.87
1.669	14.47	34.87
1.669	14.47	34.87
1.669	14.47	34.87
1.669	14.47	34.87
1.669	14.47	34.87
1.669	14.47	34.87
1.669	14.47	34.87
1.669	14.47	34.87
1.669	14.47	34.87
1.669	14.47	34.87
1.670	14.46	34.87
1.670	14.46	34.87
1.670	14.46	34.87
1.669	14.46	34.87
1.669	14.46	34.87
1.670	14.47	34.87
1.670	14.46	34.87
1.669	14.46	34.87
1.669	14.46	34.87
1.669	14.46	34.87
1.670	14.47	34.87
1.670	14.47	34.87
1.670	14.47	34.87
1.670	14.47	34.87
1.670	14.47	34.87
1.670	14.47	34.87
1.670	14.47	34.87
1.669	14.47	34.87
1.670	14.47	34.87
1.670	14.47	34.87
1.670	14.47	34.87
1.670	14.47	34.87
1.669	14.47	34.87
1.669	14.47	34.87
1.670	14.47	34.87
1.670	14.47	34.87
1.670	14.47	34.87
1.669	14.47	34.87
1.670	14.47	34.87
1.670	14.47	34.87
1.670	14.47	34.87
1.669	14.47	34.87
1.669	14.47	34.87
1.670	14.47	34.87
1.670	14.47	34.87
1.670	14.47	34.87
1.669	14.47	34.87
1.669	14.47	34.87
1.670	14.47	34.87
1.670	14.47	34.87
1.670	14.47	34.87
1.669	14.47	34.87
1.670	14.47	34.87
1.670	14.47	34.87
1.670	14.47	34.87
1.669	14.47	34.87
1.669	14.47	34.87
1.670	14.47	34.87
1.670	14.47	34.87
1.670	14.47	34.87
1.669	14.47	34.87
1.669	14.46	34.87
1.670	14.46	34.87
1.670	14.47	34.87
1.670	14.46	34.87
1.669	14.46	34.87
1.670	14.46	34.87
1.670	14.46	34.87
1.670	14.46	34.87
1.669	14.46	34.87
1.669	14.47	34.87
1.669	14.47	34.87
1.669	14.47	34.87
1.669	14.46	34.87
1.669	14.47	34.87
1.669	14.47	34.87
1.669	14.47	34.87
1.669	14.47	34.87
1.669	14.47	34.87
1.668	14.47	34.87
1.668	14.48	34.87
1.668	14.48	34.87
1.668	14.48	34.87
1.667	14.48	34.87
1.667	14.48	34.87
1.666	14.48	34.87
1.666	14.49	34.87
1.666	14.49	34.87
1.666	14.52	34.87
1.665	14.52	34.87
1.665	14.52	34.87
1.665	14.52	34.87
1.665	14.53	34.87
1.665	14.52	34.87
1.665	14.52	34.87
1.665	14.53	34.87
1.665	14.53	34.87
1.665	14.53	34.87
1.665	14.53	34.87
1.665	14.53	34.86
1.665	14.53	34.86
1.664	14.53	34.86
1.664	14.54	34.86
1.663	14.54	34.86
1.663	14.55	34.86
1.663	14.55	34.86
1.663	14.55	34.86
1.662	14.55	34.86
1.662	14.56	34.86
1.662	14.56	34.86
1.661	14.57	34.86
1.660	14.58	34.86
1.659	14.58	34.86
1.659	14.58	34.86
1.659	14.58	34.86
1.659	14.58	34.86
1.659	14.58	34.86
1.659	14.59	34.86
1.659	14.59	34.86
1.659	14.60	34.86
1.659	14.59	34.86
1.659	14.60	34.86
1.659	14.60	34.86
1.658	14.60	34.86
1.658	14.60	34.86
1.658	14.60	34.86
1.657	14.61	34.86
1.657	14.61	34.86
1.656	14.62	34.86
1.656	14.62	34.86
1.655	14.62	34.86
1.655	14.62	34.86
1.655	14.62	34.86
1.654	14.64	34.86
1.654	14.64	34.86
1.653	14.65	34.86
1.653	14.65	34.86
1.653	14.65	34.86
1.652	14.66	34.86
1.652	14.66	34.86
1.652	14.66	34.86
1.651	14.66	34.86
1.651	14.67	34.86
1.651	14.67	34.86
1.651	14.67	34.86
1.650	14.67	34.86
1.650	14.67	34.86
1.650	14.68	34.86
1.649	14.69	34.86
1.649	14.69	34.86
1.649	14.69	34.86
1.648	14.69	34.86
1.648	14.70	34.86
1.648	14.70	34.86
1.647	14.71	34.86
1.647	14.70	34.86
1.647	14.71	34.86
1.647	14.71	34.86
1.646	14.71	34.86
1.646	14.71	34.86
1.645	14.71	34.86
1.645	14.72	34.86
1.644	14.71	34.86
1.644	14.72	34.86
1.640	14.75	34.86
1.613	14.99	34.86
1.591	15.16	34.86
1.585	15.20	34.86
1.586	15.22	34.86
1.587	15.22	34.86
1.588	15.22	34.86
1.588	15.22	34.86
1.589	15.22	34.86
1.589	15.22	34.86
1.590	15.22	34.86
1.590	15.21	34.86
1.591	15.22	34.86
1.591	15.22	34.86
1.591	15.22	34.86
1.592	15.22	34.86
1.592	15.22	34.86
1.592	15.22	34.86
1.592	15.22	34.86
1.592	15.22	34.86
1.593	15.22	34.86
1.593	15.22	34.86
1.593	15.22	34.86
1.593	15.22	34.86
1.593	15.22	34.86
1.593	15.22	34.86
1.593	15.22	34.86
1.593	15.22	34.86
1.593	15.22	34.86
1.593	15.22	34.86
1.593	15.22	34.86
1.593	15.22	34.86
1.593	15.22	34.86
1.593	15.22	34.86
1.593	15.22	34.86
1.593	15.22	34.85
1.593	15.22	34.85
1.593	15.22	34.85
1.593	15.22	34.85
1.593	15.22	34.85
1.593	15.22	34.85
1.593	15.22	34.85
1.593	15.22	34.85
1.593	15.22	34.85
1.593	15.22	34.85
1.593	15.22	34.85
1.593	15.22	34.85
1.593	15.22	34.85
1.594	15.22	34.85
1.593	15.22	34.85
1.593	15.22	34.85
1.593	15.22	34.85
1.594	15.21	34.85
1.594	15.21	34.85
1.593	15.21	34.85
1.593	15.21	34.85
1.593	15.21	34.85
1.594	15.21	34.85
1.594	15.21	34.85
1.593	15.21	34.85
1.593	15.21	34.85
1.594	15.21	34.85
1.594	15.21	34.85
1.594	15.21	34.85
1.593	15.21	34.85
1.594	15.21	34.85
1.594	15.21	34.85
1.594	15.21	34.85
1.594	15.21	34.85
1.594	15.21	34.85
1.594	15.21	34.85
1.594	15.21	34.85
1.594	15.21	34.85
1.594	15.21	34.85
1.594	15.21	34.85
1.594	15.21	34.85
1.594	15.21	34.85
1.594	15.21	34.85
1.594	15.21	34.85
1.594	15.21	34.85
1.594	15.21	34.85
1.594	15.21	34.85
1.594	15.22	34.85
1.594	15.22	34.85
1.594	15.22	34.85
1.594	15.23	34.85
1.594	15.23	34.85
1.594	15.23	34.85
1.594	15.22	34.85
1.594	15.23	34.85
1.594	15.22	34.85
1.594	15.23	34.85
1.594	15.23	34.85
1.594	15.23	34.85
1.594	15.23	34.85
1.594	15.23	34.85
1.594	15.23	34.85
1.594	15.23	34.85
1.594	15.23	34.85
1.594	15.23	34.85
1.594	15.23	34.85
1.594	15.23	34.85
1.594	15.23	34.85
1.594	15.23	34.85
1.594	15.23	34.85
1.594	15.23	34.85
1.594	15.23	34.85
1.594	15.23	34.85
1.594	15.23	34.85
1.594	15.23	34.85
1.594	15.23	34.85
1.594	15.24	34.85
1.594	15.24	34.85
1.594	15.24	34.85
1.594	15.24	34.85
1.594	15.23	34.85
1.594	15.23	34.85
1.594	15.24	34.85
1.594	15.23	34.85
1.594	15.24	34.85
1.594	15.24	34.85
1.594	15.23	34.85
1.594	15.23	34.85
1.594	15.23	34.85
1.594	15.24	34.85
1.594	15.24	34.85
1.594	15.24	34.85
1.594	15.24	34.84
1.594	15.23	34.84
1.593	15.23	34.84
1.593	15.23	34.84
1.593	15.23	34.84
1.593	15.23	34.84
1.593	15.23	34.84
1.593	15.23	34.84
1.593	15.23	34.84
1.593	15.23	34.84
1.593	15.23	34.84
1.593	15.23	34.84
1.593	15.23	34.84
1.593	15.23	34.84
1.593	15.23	34.84
1.593	15.23	34.84
1.593	15.23	34.84
1.593	15.23	34.84
1.593	15.23	34.84
1.593	15.23	34.84
1.593	15.24	34.84
1.593	15.23	34.84
1.593	15.23	34.84
1.593	15.23	34.84
1.593	15.23	34.84
1.593	15.24	34.84
1.593	15.23	34.84
1.593	15.23	34.84
1.593	15.24	34.84
1.592	15.24	34.84
1.592	15.24	34.84
1.592	15.24	34.84
1.592	15.24	34.84
1.592	15.24	34.84
1.591	15.24	34.84
1.590	15.24	34.84
1.590	15.24	34.84
1.590	15.25	34.84
1.589	15.25	34.84
1.588	15.26	34.84
1.588	15.26	34.84
1.587	15.27	34.84
1.586	15.28	34.84
1.586	15.28	34.84
1.586	15.29	34.84
1.586	15.29	34.84
1.586	15.28	34.84
1.586	15.29	34.84
1.585	15.29	34.84
1.585	15.30	34.84
1.585	15.31	34.84
1.584	15.31	34.84
1.583	15.31	34.84
1.583	15.32	34.84
1.582	15.33	34.84
1.582	15.34	34.84
1.582	15.33	34.84
1.582	15.33	34.84
1.582	15.34	34.84
1.581	15.34	34.84
1.581	15.34	34.84
1.580	15.36	34.84
1.579	15.38	34.84
1.578	15.38	34.84
1.575	15.43	34.84
1.552	15.63	34.84
1.538	15.75	34.84
1.535	15.77	34.84
1.535	15.79	34.84
1.536	15.79	34.84
1.536	15.80	34.84
1.537	15.80	34.84
1.537	15.80	34.84
1.537	15.80	34.84
1.538	15.80	34.84
1.538	15.81	34.84
1.538	15.81	34.84
1.538	15.81	34.84
1.538	15.81	34.84
1.539	15.81	34.84
1.539	15.81	34.84
1.539	15.81	34.84
1.539	15.81	34.84
1.539	15.81	34.84
1.539	15.81	34.84
1.539	15.81	34.84
1.539	15.81	34.84
1.539	15.81	34.84
1.539	15.81	34.84
1.539	15.81	34.84
1.539	15.81	34.84
1.539	15.81	34.84
1.539	15.81	34.84
1.539	15.81	34.84
1.539	15.81	34.84
1.539	15.81	34.84
1.539	15.81	34.83
1.539	15.81	34.84
1.539	15.81	34.83
1.540	15.81	34.83
1.539	15.81	34.83
1.539	15.81	34.83
1.540	15.81	34.83
1.540	15.81	34.83
1.540	15.81	34.83
1.539	15.81	34.83
1.540	15.81	34.83
1.540	15.81	34.83
1.540	15.81	34.83
1.540	15.81	34.83
1.540	15.81	34.83
1.540	15.81	34.83
1.540	15.81	34.83
1.540	15.81	34.83
1.540	15.81	34.83
1.540	15.81	34.83
1.540	15.81	34.83
1.540	15.81	34.83
1.540	15.81	34.83
1.540	15.81	34.83
1.540	15.81	34.83
1.540	15.80	34.83
1.540	15.80	34.83
1.540	15.80	34.83
1.540	15.80	34.83
1.540	15.80	34.83
1.540	15.80	34.83
1.541	15.80	34.83
1.540	15.80	34.83
1.540	15.80	34.83
1.541	15.80	34.83
1.541	15.80	34.83
1.541	15.80	34.83
1.541	15.80	34.83
1.541	15.80	34.83
1.541	15.80	34.83
1.541	15.80	34.83
1.541	15.80	34.83
1.541	15.80	34.83
1.541	15.80	34.83
1.541	15.80	34.83
1.541	15.80	34.83
1.541	15.80	34.83
1.541	15.80	34.83
1.541	15.80	34.83
1.541	15.80	34.83
1.541	15.80	34.83
1.541	15.80	34.83
1.541	15.80	34.83
1.541	15.80	34.83
1.541	15.80	34.83
1.541	15.80	34.83
1.541	15.80	34.83
1.541	15.80	34.83
1.541	15.80	34.83
1.541	15.80	34.83
1.541	15.80	34.83
1.541	15.80	34.83
1.541	15.79	34.83
1.541	15.80	34.83
1.541	15.79	34.83
1.540	15.80	34.83
1.540	15.80	34.83
1.540	15.80	34.83
1.540	15.81	34.83
1.540	15.81	34.83
1.540	15.81	34.83
1.539	15.81	34.83
1.539	15.80	34.83
1.539	15.81	34.83
1.539	15.81	34.83
1.539	15.81	34.83
1.538	15.81	34.83
1.538	15.81	34.83
1.538	15.82	34.83
1.537	15.82	34.83
1.536	15.83	34.83
1.536	15.83	34.83
1.536	15.84	34.83
1.535	15.85	34.83
1.535	15.86	34.83
1.535	15.86	34.83
1.535	15.86	34.83
1.535	15.86	34.83
1.535	15.86	34.83
1.534	15.86	34.83
1.534	15.86	34.83
1.534	15.86	34.82
1.534	15.87	34.83
1.533	15.87	34.82
1.532	15.89	34.82
1.532	15.91	34.82
1.532	15.91	34.82
1.531	15.91	34.82
1.531	15.92	34.82
1.530	15.93	34.82
1.530	15.94	34.82
1.530	15.94	34.82
1.529	15.94	34.82
1.529	15.94	34.82
1.529	15.94	34.82
1.529	15.95	34.82
1.528	15.95	34.82
1.528	15.95	34.82
1.527	15.97	34.82
1.527	15.97	34.82
1.527	15.97	34.82
1.526	15.98	34.82
1.525	16.00	34.82
1.525	16.00	34.82
1.524	16.00	34.82
1.524	16.00	34.82
1.524	16.01	34.82
1.523	16.02	34.82
1.523	16.02	34.82
1.522	16.02	34.82
1.522	16.03	34.82
1.522	16.04	34.82
1.521	16.04	34.82
1.521	16.04	34.82
1.521	16.05	34.82
1.520	16.05	34.82
1.520	16.05	34.82
1.520	16.05	34.82
1.520	16.06	34.82
1.519	16.06	34.82
1.519	16.06	34.82
1.518	16.06	34.82
1.518	16.07	34.82
1.518	16.07	34.82
1.517	16.07	34.82
1.517	16.08	34.82
1.516	16.08	34.82
1.516	16.08	34.82
1.516	16.08	34.82
1.516	16.09	34.82
1.515	16.09	34.82
1.515	16.09	34.82
1.515	16.10	34.82
1.514	16.10	34.82
1.514	16.10	34.82
1.514	16.11	34.82
1.513	16.11	34.82
1.513	16.11	34.82
1.512	16.11	34.82
1.512	16.12	34.82
1.512	16.12	34.82
1.511	16.12	34.82
1.511	16.12	34.82
1.511	16.13	34.82
1.511	16.13	34.82
1.510	16.14	34.82
1.510	16.14	34.82
1.510	16.14	34.82
1.509	16.14	34.82
1.509	16.15	34.82
1.509	16.16	34.82
1.508	16.16	34.82
1.508	16.16	34.82
1.508	16.17	34.82
1.508	16.17	34.82
1.507	16.17	34.82
1.507	16.18	34.82
1.506	16.19	34.82
1.506	16.19	34.82
1.506	16.20	34.82
1.505	16.20	34.82
1.504	16.21	34.82
1.504	16.21	34.82
1.503	16.21	34.82
1.503	16.21	34.82
1.503	16.22	34.82
1.503	16.22	34.82
1.502	16.23	34.82
1.502	16.23	34.82
1.502	16.24	34.82
1.501	16.25	34.82
1.501	16.25	34.82
1.501	16.25	34.82
1.501	16.25	34.82
1.501	16.26	34.82
1.501	16.26	34.82
1.500	16.26	34.82
1.500	16.26	34.82
1.500	16.27	34.82
1.500	16.28	34.81
1.500	16.28	34.81
1.500	16.28	34.81
1.499	16.28	34.81
1.499	16.29	34.81
1.499	16.29	34.81
1.499	16.29	34.81
1.498	16.29	34.81
1.498	16.30	34.81
1.498	16.30	34.81
1.498	16.30	34.81
1.498	16.31	34.81
1.498	16.31	34.81
1.497	16.31	34.81
1.497	16.31	34.81
1.497	16.31	34.81
1.497	16.31	34.81
1.497	16.31	34.81
1.497	16.31	34.81
1.497	16.31	34.81
1.496	16.32	34.81
1.496	16.32	34.81
1.496	16.33	34.81
1.496	16.33	34.81
1.496	16.34	34.81
1.496	16.34	34.81
1.495	16.34	34.81
1.495	16.35	34.81
1.495	16.35	34.81
1.495	16.35	34.81
1.495	16.36	34.81
1.495	16.36	34.81
1.495	16.36	34.81
1.495	16.37	34.81
1.494	16.37	34.81
1.494	16.37	34.81
1.494	16.38	34.81
1.493	16.38	34.81
1.493	16.38	34.81
1.493	16.38	34.81
1.493	16.39	34.81
1.493	16.39	34.81
1.492	16.38	34.81
1.492	16.39	34.81
1.492	16.39	34.81
1.491	16.40	34.81
1.491	16.40	34.81
1.491	16.41	34.81
1.491	16.41	34.81
1.491	16.41	34.81
1.490	16.42	34.81
1.490	16.42	34.81
1.490	16.43	34.81
1.490	16.43	34.81
1.490	16.43	34.81
1.490	16.43	34.81
1.490	16.43	34.81
1.489	16.44	34.81
1.489	16.44	34.81
1.489	16.44	34.81
1.488	16.45	34.81
1.488	16.45	34.81
1.488	16.45	34.81
1.488	16.45	34.81
1.487	16.46	34.81
1.487	16.47	34.81
1.487	16.47	34.81
1.486	16.47	34.81
1.486	16.49	34.81
1.485	16.49	34.81
1.485	16.49	34.81
1.485	16.49	34.81
1.485	16.49	34.81
1.485	16.49	34.81
1.485	16.50	34.81
1.484	16.50	34.81
1.484	16.50	34.81
1.484	16.50	34.81
1.484	16.50	34.81
1.483	16.51	34.81
1.483	16.51	34.81
1.483	16.51	34.81
1.482	16.52	34.81
1.482	16.52	34.81
1.482	16.52	34.81
1.482	16.52	34.81
1.481	16.52	34.81
1.481	16.52	34.81
1.481	16.52	34.81
1.481	16.53	34.81
1.481	16.53	34.81
1.481	16.53	34.81
1.480	16.53	34.81
1.480	16.54	34.80
1.480	16.54	34.80
1.480	16.54	34.80
1.479	16.54	34.80
1.479	16.55	34.80
1.478	16.55	34.80
1.478	16.56	34.80
1.478	16.56	34.80
1.478	16.56	34.80
1.478	16.56	34.80
1.477	16.56	34.80
1.477	16.57	34.80
1.477	16.57	34.80
1.477	16.57	34.80
1.477	16.57	34.80
1.476	16.57	34.80
1.476	16.58	34.80
1.476	16.58	34.80
1.476	16.58	34.80
1.475	16.58	34.80
1.475	16.58	34.80
1.475	16.59	34.80
1.475	16.59	34.80
1.474	16.59	34.80
1.474	16.59	34.80
1.474	16.60	34.80
1.474	16.60	34.80
1.474	16.60	34.80
1.473	16.61	34.80
1.473	16.61	34.80
1.473	16.61	34.80
1.472	16.62	34.80
1.472	16.62	34.80
1.472	16.62	34.80
1.472	16.63	34.80
1.471	16.63	34.80
1.470	16.64	34.80
1.470	16.64	34.80
1.470	16.64	34.80
1.470	16.64	34.80
1.470	16.64	34.80
1.469	16.65	34.80
1.469	16.65	34.80
1.469	16.65	34.80
1.469	16.66	34.80
1.468	16.66	34.80
1.468	16.66	34.80
1.468	16.67	34.80
1.468	16.68	34.80
1.467	16.68	34.80
1.467	16.68	34.80
1.467	16.69	34.80
1.467	16.69	34.80
1.467	16.69	34.80
1.466	16.70	34.80
1.466	16.70	34.80
1.466	16.71	34.80
1.466	16.71	34.80
1.465	16.71	34.80
1.465	16.72	34.80
1.465	16.72	34.80
1.465	16.72	34.80
1.465	16.72	34.80
1.465	16.72	34.80
1.465	16.72	34.80
1.465	16.72	34.80
1.465	16.72	34.80
1.464	16.73	34.80
1.464	16.73	34.80
1.464	16.73	34.80
1.464	16.73	34.80
1.464	16.73	34.80
1.463	16.74	34.80
1.463	16.74	34.80
1.463	16.75	34.80
1.463	16.75	34.80
1.462	16.75	34.80
1.462	16.75	34.80
1.462	16.76	34.80
1.462	16.76	34.80
1.462	16.76	34.80
1.462	16.76	34.80
1.461	16.76	34.80
1.461	16.76	34.80
1.461	16.77	34.80
1.461	16.77	34.80
1.461	16.77	34.80
1.461	16.77	34.80
1.461	16.77	34.80
1.461	16.77	34.80
1.461	16.77	34.80
1.461	16.77	34.80
1.461	16.77	34.80
1.461	16.77	34.80
1.461	16.77	34.80
1.461	16.77	34.80
1.460	16.77	34.80
1.460	16.77	34.80
1.460	16.78	34.80
1.459	16.78	34.80
1.459	16.79	34.80
1.459	16.80	34.80
1.459	16.81	34.80
1.459	16.81	34.80
1.458	16.81	34.80
1.458	16.82	34.80
1.458	16.83	34.80
1.458	16.82	34.80
1.458	16.83	34.80
1.458	16.83	34.80
1.458	16.83	34.80
1.457	16.83	34.80
1.457	16.83	34.79
1.457	16.83	34.79
1.457	16.83	34.79
1.457	16.83	34.79
1.457	16.83	34.79
1.457	16.83	34.79
1.457	16.83	34.79
1.457	16.84	34.79
1.456	16.84	34.79
1.456	16.84	34.79
1.456	16.85	34.79
1.455	16.85	34.79
1.455	16.85	34.79
1.455	16.86	34.79
1.455	16.86	34.79
1.455	16.86	34.79
1.454	16.86	34.79
1.454	16.87	34.79
1.454	16.87	34.79
1.454	16.87	34.79
1.454	16.88	34.79
1.453	16.88	34.79
1.453	16.88	34.79
1.453	16.89	34.79
1.453	16.89	34.79
1.453	16.89	34.79
1.453	16.89	34.79
1.452	16.90	34.79
1.452	16.90	34.79
1.452	16.91	34.79
1.451	16.91	34.79
1.451	16.91	34.79
1.451	16.91	34.79
1.451	16.92	34.79
1.450	16.93	34.79
1.450	16.93	34.79
1.450	16.93	34.79
1.449	16.94	34.79
1.449	16.94	34.79
1.449	16.94	34.79
1.449	16.95	34.79
1.448	16.95	34.79
1.448	16.96	34.79
1.447	16.97	34.79
1.447	16.97	34.79
1.446	16.97	34.79
1.446	16.97	34.79
1.446	16.98	34.79
1.446	16.99	34.79
1.446	16.99	34.79
1.445	16.99	34.79
1.445	16.99	34.79
1.445	17.00	34.79
1.444	17.00	34.79
1.444	17.00	34.79
1.444	17.01	34.79
1.444	17.01	34.79
1.444	17.01	34.79
1.444	17.01	34.79
1.444	17.01	34.79
1.444	17.01	34.79
1.444	17.01	34.79
1.444	17.01	34.79
1.443	17.01	34.79
1.443	17.01	34.79
1.443	17.01	34.79
1.443	17.02	34.79
1.443	17.02	34.79
1.442	17.02	34.79
1.442	17.02	34.79
1.442	17.02	34.79
1.442	17.02	34.79
1.442	17.02	34.79
1.442	17.02	34.79
1.441	17.02	34.79
1.441	17.03	34.79
1.441	17.03	34.79
1.441	17.03	34.79
1.441	17.03	34.79
1.441	17.03	34.79
1.441	17.03	34.79
1.441	17.03	34.79
1.441	17.03	34.79
1.440	17.03	34.79
1.440	17.03	34.79
1.440	17.03	34.79
1.440	17.04	34.79
1.440	17.04	34.79
1.440	17.04	34.79
1.440	17.05	34.79
1.439	17.05	34.79
1.439	17.05	34.79
1.439	17.05	34.79
1.439	17.05	34.79
1.439	17.05	34.79
1.438	17.05	34.79
1.438	17.05	34.79
1.438	17.05	34.79
1.438	17.06	34.79
1.438	17.06	34.79
1.438	17.06	34.79
1.437	17.06	34.79
1.437	17.06	34.79
1.437	17.07	34.79
1.436	17.07	34.79
1.436	17.08	34.78
1.436	17.08	34.78
1.436	17.08	34.78
1.435	17.09	34.78
1.435	17.09	34.78
1.435	17.09	34.78
1.435	17.09	34.78
1.435	17.09	34.78
1.435	17.09	34.78
1.434	17.10	34.78
1.434	17.10	34.78
1.434	17.11	34.78
1.433	17.11	34.78
1.433	17.11	34.78
1.433	17.12	34.78
1.432	17.12	34.78
1.432	17.13	34.78
1.432	17.13	34.78
1.431	17.14	34.78
1.431	17.14	34.78
1.431	17.15	34.78
1.430	17.15	34.78
1.430	17.16	34.78
1.430	17.16	34.78
1.429	17.16	34.78
1.429	17.17	34.78
1.429	17.17	34.78
1.429	17.18	34.78
1.428	17.18	34.78
1.428	17.19	34.78
1.428	17.19	34.78
1.428	17.19	34.78
1.427	17.20	34.78
1.427	17.20	34.78
1.427	17.20	34.78
1.427	17.20	34.78
1.427	17.21	34.78
1.427	17.21	34.78
1.426	17.21	34.78
1.426	17.21	34.78
1.426	17.22	34.78
1.426	17.22	34.78
1.426	17.22	34.78
1.426	17.22	34.78
1.426	17.22	34.78
1.426	17.22	34.78
1.426	17.22	34.78
1.426	17.22	34.78
1.426	17.23	34.78
1.426	17.22	34.78
1.426	17.22	34.78
1.426	17.23	34.78
1.426	17.23	34.78
1.426	17.23	34.78
1.426	17.23	34.78
1.426	17.23	34.78
1.426	17.23	34.78
1.426	17.23	34.78
1.426	17.23	34.78
1.426	17.23	34.78
1.426	17.23	34.78
1.425	17.23	34.78
1.425	17.23	34.78
1.425	17.24	34.78
1.425	17.24	34.78
1.425	17.25	34.78
1.425	17.25	34.78
1.425	17.25	34.78
1.425	17.25	34.78
1.424	17.25	34.78
1.424	17.25	34.78
1.424	17.26	34.78
1.424	17.26	34.78
1.424	17.26	34.78
1.424	17.26	34.78
1.423	17.27	34.78
1.423	17.27	34.78
1.423	17.27	34.78
1.423	17.27	34.78
1.423	17.27	34.78
1.423	17.27	34.78
1.423	17.27	34.78
1.423	17.28	34.78
1.422	17.28	34.78
1.422	17.29	34.78
1.422	17.29	34.78
1.422	17.29	34.78
1.422	17.29	34.78
1.421	17.29	34.78
1.421	17.29	34.78
1.421	17.29	34.78
1.421	17.29	34.78
1.421	17.29	34.78
1.421	17.30	34.78
1.421	17.30	34.78
1.421	17.30	34.78
1.421	17.30	34.78
1.420	17.30	34.78
1.420	17.31	34.78
1.420	17.32	34.78
1.419	17.33	34.78
1.419	17.33	34.78
1.419	17.33	34.78
1.418	17.34	34.77
1.418	17.34	34.77
1.418	17.35	34.78
1.418	17.35	34.77
1.417	17.35	34.77
1.417	17.35	34.77
1.417	17.35	34.77
1.417	17.36	34.77
1.417	17.36	34.77
1.416	17.37	34.77
1.416	17.38	34.77
1.416	17.38	34.77
1.415	17.38	34.77
1.415	17.39	34.77
1.415	17.40	34.77
1.415	17.40	34.77
1.414	17.40	34.77
1.414	17.41	34.77
1.414	17.41	34.77
1.413	17.41	34.77
1.413	17.41	34.77
1.413	17.42	34.77
1.413	17.42	34.77
1.412	17.42	34.77
1.412	17.43	34.77
1.412	17.43	34.77
1.412	17.43	34.77
1.412	17.43	34.77
1.411	17.44	34.77
1.411	17.44	34.77
1.410	17.45	34.77
1.410	17.45	34.77
1.409	17.46	34.77
1.409	17.46	34.77
1.409	17.46	34.77
1.409	17.46	34.77
1.408	17.46	34.77
1.408	17.46	34.77
1.408	17.46	34.77
1.408	17.46	34.77
1.408	17.46	34.77
1.408	17.47	34.77
1.407	17.47	34.77
1.407	17.47	34.77
1.407	17.47	34.77
1.407	17.47	34.77
1.407	17.47	34.77
1.407	17.47	34.77
1.407	17.47	34.77
1.407	17.47	34.77
1.407	17.48	34.77
1.407	17.48	34.77
1.407	17.48	34.77
1.407	17.48	34.77
1.407	17.48	34.77
1.407	17.48	34.77
1.406	17.48	34.77
1.406	17.48	34.77
1.406	17.48	34.77
1.406	17.49	34.77
1.406	17.49	34.77
1.406	17.49	34.77
1.406	17.49	34.77
1.406	17.50	34.77
1.405	17.50	34.77
1.405	17.50	34.77
1.405	17.51	34.77
1.405	17.51	34.77
1.405	17.51	34.77
1.405	17.51	34.77
1.405	17.51	34.77
1.404	17.51	34.77
1.404	17.51	34.77
1.404	17.51	34.77
1.404	17.51	34.77
1.404	17.51	34.77
1.403	17.51	34.77
1.403	17.51	34.77
1.403	17.51	34.77
1.403	17.51	34.77
1.403	17.51	34.77
1.403	17.52	34.77
1.403	17.52	34.77
1.403	17.52	34.77
1.403	17.52	34.77
1.402	17.52	34.77
1.402	17.52	34.77
1.402	17.53	34.77
1.402	17.53	34.77
1.402	17.53	34.77
1.402	17.53	34.77
1.402	17.53	34.77
1.401	17.54	34.77
1.401	17.54	34.77
1.400	17.55	34.77
1.400	17.55	34.77
1.400	17.55	34.77
1.400	17.55	34.77
1.399	17.56	34.77
1.399	17.56	34.77
1.399	17.56	34.77
1.399	17.57	34.77
1.398	17.57	34.76
1.398	17.58	34.76
1.397	17.58	34.76
1.397	17.59	34.76
1.397	17.60	34.76
1.396	17.60	34.76
1.396	17.61	34.76
1.396	17.61	34.76
1.396	17.61	34.76
1.396	17.62	34.76
1.395	17.63	34.76
1.395	17.63	34.76
1.395	17.64	34.76
1.395	17.64	34.76
1.394	17.65	34.76
1.394	17.66	34.76
1.394	17.67	34.76
1.394	17.69	34.76
1.393	17.70	34.76
1.393	17.72	34.76
1.393	17.72	34.76
1.392	17.73	34.76
1.392	17.74	34.76
1.392	17.75	34.76
1.392	17.75	34.76
1.391	17.76	34.76
1.391	17.77	34.76
1.391	17.77	34.76
1.391	17.77	34.76
1.391	17.77	34.76
1.390	17.77	34.76
1.390	17.77	34.76
1.390	17.78	34.76
1.390	17.78	34.76
1.389	17.77	34.76
1.389	17.76	34.76
1.389	17.76	34.76
1.388	17.76	34.76
1.388	17.76	34.76
1.388	17.77	34.76
1.388	17.77	34.76
1.387	17.77	34.76
1.387	17.77	34.76
1.386	17.78	34.76
1.386	17.79	34.76
1.386	17.79	34.76
1.386	17.79	34.76
1.385	17.80	34.76
1.384	17.80	34.76
1.384	17.79	34.76
1.384	17.79	34.76
1.384	17.79	34.76
1.383	17.80	34.76
1.383	17.80	34.76
1.383	17.80	34.76
1.383	17.80	34.76
1.383	17.80	34.76
1.382	17.80	34.76
1.382	17.81	34.76
1.382	17.81	34.76
1.382	17.80	34.76
1.382	17.80	34.76
1.381	17.80	34.76
1.381	17.81	34.76
1.381	17.81	34.76
1.381	17.83	34.76
1.380	17.85	34.76
1.380	17.84	34.76
1.380	17.83	34.76
1.380	17.83	34.76
1.380	17.81	34.76
1.380	17.83	34.76
1.380	17.86	34.76
1.380	17.87	34.76
1.379	17.87	34.76
1.379	17.87	34.76
1.379	17.88	34.76
1.378	17.88	34.76
1.378	17.88	34.76
1.378	17.87	34.76
1.378	17.86	34.76
1.378	17.85	34.76
1.378	17.85	34.76
1.377	17.85	34.76
1.377	17.88	34.76
1.377	17.90	34.76
1.376	17.91	34.76
1.376	17.94	34.76
1.376	17.96	34.75
1.375	17.95	34.75
1.375	17.95	34.75
1.375	17.96	34.75
1.375	17.96	34.75
1.374	17.97	34.75
1.374	17.97	34.75
1.374	17.97	34.75
1.373	17.97	34.75
1.373	17.97	34.75
1.373	17.97	34.75
1.373	17.98	34.75
1.373	17.99	34.75
1.373	17.99	34.75
1.373	17.99	34.75
1.372	17.98	34.75
1.372	17.98	34.75
1.372	17.98	34.75
1.372	17.99	34.75
1.372	18.00	34.75
1.371	18.00	34.75
1.371	18.00	34.75
1.371	18.00	34.75
1.371	18.01	34.75
1.371	18.01	34.75
1.371	18.00	34.75
1.371	18.00	34.75
1.371	18.00	34.75
1.371	18.01	34.75
1.370	18.01	34.75
1.370	18.02	34.75
1.369	18.03	34.75
1.369	18.03	34.75
1.369	18.04	34.75
1.369	18.04	34.75
1.368	18.05	34.75
1.368	18.05	34.75
1.368	18.05	34.75
1.367	18.05	34.75
1.367	18.05	34.75
1.367	18.06	34.75
1.367	18.06	34.75
1.367	18.07	34.75
1.367	18.07	34.75
1.366	18.08	34.75
1.366	18.08	34.75
1.366	18.08	34.75
1.366	18.08	34.75
1.366	18.09	34.75
1.365	18.09	34.75
1.365	18.09	34.75
1.365	18.09	34.75
1.365	18.10	34.75
1.365	18.10	34.75
1.365	18.10	34.75
1.364	18.10	34.75
1.364	18.10	34.75
1.364	18.10	34.75
1.364	18.11	34.75
1.364	18.11	34.75
1.364	18.12	34.75
1.364	18.12	34.75
1.363	18.12	34.75
1.363	18.11	34.75
1.363	18.11	34.75
1.363	18.11	34.75
1.362	18.12	34.75
1.362	18.12	34.75
1.362	18.12	34.75
1.362	18.13	34.75
1.362	18.13	34.75
1.362	18.14	34.75
1.361	18.14	34.75
1.361	18.15	34.75
1.361	18.15	34.75
1.361	18.15	34.75
1.361	18.14	34.75
1.360	18.14	34.75
1.360	18.14	34.75
1.360	18.15	34.75
1.360	18.15	34.75
1.360	18.16	34.75
1.360	18.16	34.75
1.359	18.16	34.75
1.359	18.16	34.75
1.359	18.16	34.75
1.359	18.16	34.75
1.359	18.16	34.75
1.359	18.17	34.75
1.359	18.18	34.75
1.358	18.18	34.75
1.358	18.18	34.75
1.358	18.18	34.75
1.358	18.19	34.75
1.358	18.18	34.75
1.358	18.19	34.75
1.357	18.19	34.75
1.357	18.19	34.75
1.357	18.20	34.75
1.357	18.20	34.75
1.357	18.20	34.75
1.357	18.20	34.75
1.357	18.21	34.75
1.356	18.21	34.75
1.356	18.21	34.75
1.356	18.22	34.75
1.356	18.22	34.75
1.356	18.23	34.75
1.356	18.23	34.75
1.356	18.23	34.75
1.356	18.23	34.75
1.356	18.23	34.75
1.356	18.23	34.75
1.355	18.23	34.75
1.355	18.23	34.75
1.355	18.23	34.75
1.355	18.23	34.75
1.355	18.23	34.75
1.355	18.23	34.74
1.354	18.23	34.74
1.354	18.23	34.74
1.354	18.23	34.74
1.354	18.24	34.74
1.353	18.23	34.74
1.353	18.24	34.74
1.353	18.25	34.74
1.353	18.25	34.74
1.352	18.24	34.74
1.352	18.24	34.74
1.352	18.26	34.74
1.352	18.26	34.74
1.351	18.26	34.74
1.351	18.26	34.74
1.351	18.26	34.74
1.351	18.26	34.74
1.351	18.26	34.74
1.351	18.26	34.74
1.350	18.26	34.74
1.350	18.26	34.74
1.350	18.26	34.74
1.350	18.26	34.74
1.350	18.27	34.74
1.350	18.27	34.74
1.349	18.27	34.74
1.348	18.28	34.74
1.348	18.29	34.74
1.347	18.30	34.74
1.347	18.30	34.74
1.347	18.31	34.74
1.347	18.33	34.74
1.346	18.35	34.74
1.346	18.35	34.74
1.346	18.34	34.74
1.346	18.33	34.74
1.346	18.34	34.74
1.346	18.34	34.74
1.345	18.33	34.74
1.345	18.33	34.74
1.345	18.33	34.74
1.345	18.34	34.74
1.345	18.34	34.74
1.345	18.34	34.74
1.345	18.33	34.74
1.344	18.34	34.74
1.344	18.35	34.74
1.344	18.34	34.74
1.344	18.35	34.74
1.344	18.36	34.74
1.344	18.38	34.74
1.343	18.38	34.74
1.343	18.38	34.74
1.343	18.38	34.74
1.343	18.38	34.74
1.343	18.38	34.74
1.342	18.38	34.74
1.342	18.38	34.74
1.342	18.38	34.74
1.342	18.38	34.74
1.342	18.38	34.74
1.342	18.40	34.74
1.341	18.40	34.74
1.341	18.40	34.74
1.341	18.41	34.74
1.341	18.40	34.74
1.341	18.41	34.74
1.341	18.43	34.74
1.340	18.43	34.74
1.340	18.43	34.74
1.340	18.44	34.74
1.340	18.44	34.74
1.340	18.43	34.74
1.340	18.43	34.74
1.339	18.43	34.74
1.339	18.43	34.74
1.339	18.43	34.74
1.339	18.44	34.74
1.339	18.45	34.74
1.338	18.45	34.74
1.338	18.45	34.74
1.338	18.45	34.74
1.338	18.46	34.74
1.338	18.46	34.74
1.337	18.47	34.74
1.337	18.46	34.74
1.337	18.47	34.74
1.336	18.47	34.74
1.336	18.47	34.74
1.336	18.48	34.74
1.335	18.48	34.74
1.335	18.49	34.74
1.335	18.49	34.74
1.335	18.49	34.74
1.335	18.50	34.74
1.335	18.50	34.74
1.334	18.50	34.74
1.334	18.50	34.74
1.334	18.50	34.74
1.334	18.50	34.74
1.333	18.51	34.74
1.333	18.51	34.74
1.333	18.51	34.74
1.333	18.50	34.74
1.333	18.51	34.74
1.333	18.51	34.74
1.333	18.52	34.73
1.333	18.51	34.73
1.332	18.51	34.73
1.332	18.52	34.73
1.332	18.53	34.73
1.332	18.53	34.73
1.332	18.54	34.73
1.331	18.55	34.73
1.331	18.55	34.73
1.331	18.54	34.73
1.331	18.55	34.73
1.331	18.55	34.73
1.331	18.55	34.73
1.330	18.55	34.73
1.330	18.56	34.73
1.330	18.56	34.73
1.330	18.56	34.73
1.330	18.56	34.73
1.330	18.56	34.73
1.330	18.57	34.73
1.330	18.57	34.73
1.330	18.58	34.73
1.330	18.58	34.73
1.330	18.58	34.73
1.329	18.58	34.73
1.329	18.59	34.73
1.329	18.58	34.73
1.328	18.59	34.73
1.328	18.59	34.73
1.328	18.59	34.73
1.328	18.60	34.73
1.328	18.60	34.73
1.327	18.60	34.73
1.327	18.60	34.73
1.327	18.59	34.73
1.327	18.60	34.73
1.327	18.61	34.73
1.327	18.61	34.73
1.326	18.62	34.73
1.326	18.63	34.73
1.326	18.63	34.73
1.326	18.64	34.73
1.326	18.64	34.73
1.325	18.65	34.73
1.325	18.65	34.73
1.325	18.66	34.73
1.325	18.66	34.73
1.325	18.65	34.73
1.325	18.65	34.73
1.325	18.66	34.73
1.325	18.66	34.73
1.325	18.65	34.73
1.324	18.65	34.73
1.324	18.66	34.73
1.324	18.66	34.73
1.324	18.66	34.73
1.324	18.65	34.73
1.324	18.65	34.73
1.323	18.64	34.73
1.322	18.65	34.73
1.322	18.65	34.73
1.322	18.66	34.73
1.321	18.67	34.73
1.321	18.68	34.73
1.321	18.67	34.73
1.320	18.66	34.73
1.320	18.70	34.73
1.319	18.70	34.73
1.319	18.72	34.73
1.319	18.72	34.73
1.319	18.72	34.73
1.319	18.73	34.73
1.319	18.73	34.73
1.318	18.73	34.73
1.318	18.73	34.73
1.318	18.73	34.73
1.318	18.74	34.73
1.318	18.72	34.73
1.318	18.69	34.73
1.318	18.74	34.73
1.318	18.70	34.73
1.318	18.69	34.73
1.317	18.71	34.73
1.317	18.71	34.73
1.317	18.73	34.73
1.317	18.75	34.73
1.316	18.76	34.73
1.316	18.77	34.73
1.316	18.77	34.73
1.316	18.78	34.73
1.315	18.78	34.73
1.315	18.76	34.73
1.315	18.76	34.73
1.315	18.76	34.73
1.315	18.76	34.73
1.315	18.74	34.73
1.315	18.74	34.73
1.315	18.77	34.73
1.315	18.78	34.73
1.315	18.79	34.73
1.314	18.79	34.73
1.314	18.78	34.73
1.314	18.78	34.73
1.314	18.79	34.73
1.314	18.79	34.73
1.314	18.79	34.73
1.314	18.78	34.73
1.314	18.78	34.73
1.314	18.77	34.73
1.313	18.77	34.73
1.313	18.78	34.73
1.313	18.79	34.72
1.313	18.79	34.72
1.313	18.80	34.72
1.313	18.80	34.72
1.312	18.81	34.72
1.312	18.82	34.72
1.312	18.82	34.72
1.312	18.83	34.72
1.312	18.83	34.72
1.312	18.84	34.72
1.312	18.85	34.72
1.312	18.84	34.72
1.312	18.84	34.72
1.311	18.84	34.72
1.311	18.84	34.72
1.311	18.84	34.72
1.311	18.83	34.72
1.311	18.83	34.72
1.311	18.84	34.72
1.311	18.83	34.72
1.311	18.82	34.72
1.311	18.83	34.72
1.310	18.83	34.72
1.310	18.84	34.72
1.310	18.85	34.72
1.310	18.86	34.72
1.310	18.86	34.72
1.309	18.87	34.72
1.309	18.88	34.72
1.309	18.89	34.72
1.309	18.90	34.72
1.308	18.90	34.72
1.308	18.91	34.72
1.308	18.91	34.72
1.308	18.91	34.72
1.308	18.91	34.72
1.308	18.92	34.72
1.308	18.91	34.72
1.307	18.91	34.72
1.307	18.93	34.72
1.307	18.93	34.72
1.307	18.92	34.72
1.307	18.92	34.72
1.307	18.92	34.72
1.307	18.93	34.72
1.306	18.92	34.72
1.306	18.92	34.72
1.306	18.92	34.72
1.306	18.93	34.72
1.305	18.94	34.72
1.305	18.94	34.72
1.304	18.94	34.72
1.304	18.95	34.72
1.304	18.95	34.72
1.304	18.95	34.72
1.304	18.95	34.72
1.304	18.94	34.72
1.304	18.95	34.72
1.303	18.96	34.72
1.303	18.96	34.72
1.303	18.97	34.72
1.303	18.97	34.72
1.303	18.98	34.72
1.302	18.99	34.72
1.302	18.99	34.72
1.302	18.99	34.72
1.302	18.99	34.72
1.302	18.99	34.72
1.301	18.99	34.72
1.301	18.99	34.72
1.301	18.99	34.72
1.301	19.00	34.72
1.301	19.00	34.72
1.300	19.00	34.72
1.300	19.01	34.72
1.300	19.01	34.72
1.300	19.01	34.72
1.300	19.01	34.72
1.300	19.04	34.72
1.299	19.05	34.72
1.299	19.05	34.72
1.299	19.05	34.72
1.299	19.05	34.72
1.298	19.04	34.72
1.298	19.04	34.72
1.298	19.05	34.72
1.298	19.04	34.72
1.298	19.06	34.72
1.298	19.07	34.72
1.297	19.07	34.72
1.297	19.07	34.72
1.297	19.08	34.72
1.297	19.07	34.72
1.297	19.08	34.72
1.297	19.07	34.72
1.297	19.09	34.72
1.297	19.09	34.72
1.296	19.09	34.72
1.296	19.09	34.72
1.296	19.09	34.72
1.296	19.10	34.72
1.296	19.10	34.72
1.295	19.10	34.72
1.295	19.10	34.72
1.295	19.09	34.72
1.295	19.09	34.72
1.295	19.09	34.72
1.295	19.10	34.72
1.295	19.11	34.72
1.295	19.11	34.72
1.294	19.12	34.72
1.294	19.13	34.72
1.294	19.13	34.72
1.294	19.13	34.72
1.293	19.12	34.72
1.293	19.13	34.72
1.292	19.13	34.71
1.292	19.11	34.71
1.292	19.10	34.71
1.292	19.11	34.71
1.292	19.12	34.71
1.291	19.13	34.71
1.291	19.14	34.71
1.291	19.14	34.71
1.291	19.14	34.71
1.291	19.14	34.71
1.291	19.14	34.71
1.291	19.14	34.71
1.291	19.13	34.71
1.290	19.13	34.71
1.290	19.13	34.71
1.290	19.14	34.71
1.289	19.13	34.71
1.289	19.13	34.71
1.289	19.17	34.71
1.288	19.17	34.71
1.288	19.17	34.71
1.288	19.17	34.71
1.288	19.17	34.71
1.288	19.19	34.71
1.288	19.20	34.71
1.288	19.19	34.71
1.288	19.20	34.71
1.287	19.22	34.71
1.287	19.23	34.71
1.287	19.22	34.71
1.287	19.21	34.71
1.287	19.23	34.71
1.287	19.23	34.71
1.287	19.24	34.71
1.287	19.23	34.71
1.287	19.23	34.71
1.286	19.23	34.71
1.286	19.24	34.71
1.286	19.23	34.71
1.286	19.23	34.71
1.286	19.23	34.71
1.286	19.22	34.71
1.286	19.22	34.71
1.285	19.22	34.71
1.285	19.23	34.71
1.285	19.26	34.71
1.285	19.27	34.71
1.284	19.26	34.71
1.284	19.28	34.71
1.284	19.28	34.71
1.283	19.29	34.71
1.283	19.30	34.71
1.282	19.31	34.71
1.282	19.31	34.71
1.282	19.31	34.71
1.282	19.31	34.71
1.282	19.31	34.71
1.282	19.31	34.71
1.282	19.31	34.71
1.282	19.31	34.71
1.281	19.32	34.71
1.281	19.32	34.71
1.281	19.32	34.71
1.281	19.33	34.71
1.280	19.34	34.71
1.280	19.35	34.71
1.280	19.35	34.71
1.280	19.36	34.71
1.280	19.37	34.71
1.280	19.37	34.71
1.279	19.37	34.71
1.280	19.38	34.71
1.279	19.37	34.71
1.279	19.38	34.71
1.279	19.37	34.71
1.279	19.37	34.71
1.279	19.38	34.71
1.278	19.39	34.71
1.278	19.40	34.71
1.278	19.41	34.71
1.278	19.42	34.71
1.278	19.41	34.71
1.278	19.43	34.71
1.278	19.42	34.71
1.278	19.43	34.71
1.278	19.43	34.71
1.278	19.42	34.71
1.278	19.43	34.71
1.278	19.43	34.71
1.278	19.43	34.71
1.278	19.43	34.71
1.278	19.43	34.71
1.278	19.43	34.71
1.277	19.43	34.71
1.276	19.42	34.71
1.275	19.43	34.71
1.274	19.46	34.71
1.273	19.47	34.71
1.273	19.47	34.71
1.273	19.47	34.71
1.273	19.47	34.71
1.273	19.47	34.71
1.272	19.47	34.71
1.272	19.48	34.71
1.271	19.47	34.71
1.271	19.48	34.71
1.271	19.49	34.71
1.271	19.49	34.71
1.270	19.51	34.71
1.270	19.52	34.71
1.270	19.53	34.71
1.270	19.53	34.71
1.270	19.53	34.71
1.270	19.54	34.71
1.269	19.54	34.71
1.269	19.54	34.71
1.268	19.54	34.71
1.268	19.55	34.71
1.267	19.55	34.71
1.267	19.54	34.71
1.266	19.53	34.70
1.265	19.52	34.70
1.264	19.53	34.70
1.264	19.57	34.70
1.263	19.59	34.70
1.262	19.58	34.70
1.261	19.55	34.70
1.261	19.62	34.70
1.260	19.63	34.70
1.259	19.65	34.70
1.259	19.68	34.70
1.259	19.68	34.70
1.259	19.71	34.70
1.258	19.69	34.70
1.258	19.67	34.70
1.258	19.67	34.70
1.257	19.69	34.70
1.257	19.68	34.70
1.257	19.71	34.70
1.257	19.69	34.70
1.256	19.70	34.70
1.256	19.69	34.70
1.255	19.72	34.70
1.255	19.74	34.70
1.255	19.76	34.70
1.254	19.76	34.70
1.254	19.76	34.70
1.254	19.77	34.70
1.253	19.79	34.70
1.253	19.79	34.70
1.253	19.80	34.70
1.253	19.81	34.70
1.252	19.82	34.70
1.252	19.84	34.70
1.252	19.84	34.70
1.251	19.84	34.70
1.251	19.84	34.70
1.251	19.84	34.70
1.250	19.85	34.70
1.250	19.86	34.70
1.249	19.87	34.70
1.249	19.87	34.70
1.248	19.88	34.70
1.248	19.89	34.70
1.247	19.90	34.70
1.247	19.91	34.70
1.247	19.90	34.70
1.246	19.91	34.70
1.246	19.92	34.70
1.246	19.92	34.70
1.245	19.92	34.70
1.245	19.93	34.70
1.244	19.95	34.70
1.244	19.97	34.70
1.244	19.99	34.70
1.244	19.98	34.70
1.243	19.98	34.70
1.243	19.98	34.70
1.243	19.97	34.70
1.243	20.00	34.70
1.242	20.01	34.70
1.242	20.01	34.70
1.242	20.01	34.70
1.242	20.02	34.70
1.241	20.02	34.70
1.241	20.02	34.70
1.241	20.01	34.70
1.241	20.01	34.70
1.240	20.01	34.70
1.240	20.01	34.70
1.240	20.02	34.70
1.240	20.04	34.70
1.239	20.06	34.70
1.239	20.06	34.70
1.239	20.04	34.70
1.238	20.05	34.70
1.238	20.06	34.70
1.237	20.07	34.70
1.237	20.08	34.70
1.236	20.07	34.70
1.236	20.08	34.70
1.236	20.07	34.70
1.236	20.07	34.70
1.235	20.06	34.70
1.235	20.07	34.70
1.234	20.09	34.70
1.234	20.13	34.70
1.233	20.14	34.70
1.233	20.12	34.70
1.233	20.12	34.70
1.233	20.12	34.70
1.233	20.12	34.70
1.233	20.14	34.70
1.232	20.15	34.70
1.232	20.18	34.70
1.232	20.18	34.70
1.231	20.18	34.70
1.231	20.17	34.70
1.231	20.19	34.70
1.230	20.21	34.70
1.230	20.21	34.70
1.230	20.21	34.70
1.230	20.21	34.70
1.230	20.20	34.70
1.229	20.21	34.70
1.229	20.21	34.70
1.229	20.22	34.70
1.229	20.23	34.70
1.228	20.24	34.70
1.228	20.25	34.70
1.228	20.25	34.70
1.228	20.27	34.70
1.227	20.28	34.70
1.227	20.28	34.70
1.227	20.28	34.70
1.227	20.28	34.70
1.227	20.29	34.70
1.227	20.29	34.70
1.227	20.31	34.70
1.227	20.31	34.69
1.226	20.31	34.69
1.226	20.31	34.69
1.226	20.31	34.69
1.226	20.31	34.69
1.226	20.31	34.69
1.225	20.31	34.69
1.225	20.31	34.69
1.225	20.32	34.69
1.225	20.32	34.69
1.225	20.33	34.69
1.224	20.33	34.69
1.224	20.34	34.69
1.224	20.35	34.69
1.224	20.36	34.69
1.224	20.36	34.69
1.224	20.38	34.69
1.223	20.38	34.69
1.223	20.38	34.69
1.223	20.38	34.69
1.223	20.38	34.69
1.223	20.39	34.69
1.222	20.40	34.69
1.222	20.41	34.69
1.221	20.41	34.69
1.221	20.43	34.69
1.221	20.43	34.69
1.220	20.43	34.69
1.220	20.43	34.69
1.220	20.43	34.69
1.220	20.44	34.69
1.219	20.45	34.69
1.219	20.46	34.69
1.219	20.45	34.69
1.219	20.46	34.69
1.218	20.47	34.69
1.218	20.48	34.69
1.218	20.48	34.69
1.218	20.48	34.69
1.217	20.49	34.69
1.217	20.49	34.69
1.217	20.50	34.69
1.217	20.50	34.69
1.217	20.49	34.69
1.217	20.50	34.69
1.216	20.51	34.69
1.216	20.51	34.69
1.216	20.51	34.69
1.216	20.52	34.69
1.216	20.51	34.69
1.216	20.52	34.69
1.216	20.52	34.69
1.216	20.53	34.69
1.216	20.53	34.69
1.215	20.54	34.69
1.215	20.53	34.69
1.215	20.55	34.69
1.215	20.55	34.69
1.215	20.56	34.69
1.215	20.56	34.69
1.214	20.56	34.69
1.214	20.55	34.69
1.214	20.57	34.69
1.214	20.57	34.69
1.213	20.58	34.69
1.213	20.58	34.69
1.213	20.59	34.69
1.212	20.60	34.69
1.212	20.59	34.69
1.212	20.59	34.69
1.211	20.58	34.69
1.211	20.59	34.69
1.211	20.59	34.69
1.210	20.57	34.69
1.210	20.58	34.69
1.210	20.61	34.69
1.210	20.63	34.69
1.210	20.61	34.69
1.209	20.59	34.69
1.208	20.62	34.69
1.208	20.65	34.69
1.207	20.65	34.69
1.207	20.65	34.69
1.206	20.64	34.69
1.206	20.67	34.69
1.206	20.68	34.69
1.206	20.67	34.69
1.205	20.67	34.69
1.205	20.70	34.69
1.204	20.69	34.69
1.204	20.71	34.69
1.204	20.71	34.69
1.204	20.74	34.69
1.204	20.75	34.69
1.203	20.76	34.69
1.203	20.76	34.69
1.203	20.75	34.69
1.202	20.73	34.69
1.202	20.75	34.69
1.202	20.77	34.69
1.202	20.78	34.69
1.202	20.79	34.69
1.202	20.79	34.69
1.201	20.80	34.69
1.201	20.80	34.69
1.201	20.80	34.69
1.201	20.81	34.69
1.201	20.82	34.69
1.201	20.81	34.69
1.201	20.81	34.69
1.201	20.81	34.69
1.200	20.81	34.69
1.200	20.81	34.69
1.200	20.81	34.69
1.200	20.82	34.69
1.199	20.83	34.69
1.199	20.83	34.69
1.199	20.83	34.69
1.199	20.83	34.69
1.199	20.85	34.69
1.199	20.86	34.69
1.198	20.87	34.69
1.198	20.87	34.69
1.197	20.87	34.69
1.197	20.88	34.69
1.196	20.90	34.69
1.196	20.89	34.69
1.196	20.88	34.69
1.196	20.88	34.69
1.195	20.89	34.69
1.195	20.89	34.69
1.194	20.90	34.69
1.194	20.93	34.69
1.194	20.93	34.69
1.193	20.94	34.69
1.193	20.95	34.69
1.193	20.95	34.69
1.192	20.97	34.69
1.192	20.98	34.69
1.192	20.98	34.69
1.191	20.98	34.69
1.191	20.98	34.69
1.191	21.00	34.69
1.191	21.00	34.69
1.191	21.00	34.69
1.191	21.00	34.69
1.190	21.00	34.69
1.190	21.01	34.69
1.190	21.01	34.69
1.190	21.02	34.69
1.189	21.02	34.69
1.189	21.02	34.68
1.189	21.03	34.68
1.189	21.04	34.68
1.189	21.04	34.68
1.189	21.04	34.68
1.189	21.04	34.68
1.189	21.03	34.68
1.188	21.04	34.68
1.188	21.04	34.68
1.188	21.04	34.68
1.187	21.04	34.68
1.187	21.06	34.68
1.186	21.04	34.68
1.186	21.05	34.68
1.186	21.06	34.68
1.186	21.06	34.68
1.185	21.06	34.68
1.185	21.08	34.68
1.184	21.09	34.68
1.184	21.08	34.68
1.184	21.07	34.68
1.183	21.08	34.68
1.183	21.10	34.68
1.183	21.10	34.68
1.183	21.09	34.68
1.183	21.13	34.68
1.182	21.14	34.68
1.182	21.13	34.68
1.182	21.13	34.68
1.181	21.15	34.68
1.181	21.17	34.68
1.181	21.15	34.68
1.181	21.15	34.68
1.181	21.16	34.68
1.181	21.17	34.68
1.180	21.17	34.68
1.180	21.17	34.68
1.180	21.17	34.68
1.180	21.17	34.68
1.179	21.17	34.68
1.179	21.18	34.68
1.179	21.20	34.68
1.179	21.22	34.68
1.178	21.23	34.68
1.178	21.23	34.68
1.178	21.23	34.68
1.178	21.24	34.68
1.178	21.26	34.68
1.178	21.26	34.68
1.177	21.26	34.68
1.177	21.26	34.68
1.177	21.26	34.68
1.177	21.26	34.68
1.177	21.26	34.68
1.177	21.26	34.68
1.177	21.26	34.68
1.176	21.26	34.68
1.176	21.28	34.68
1.176	21.28	34.68
1.176	21.28	34.68
1.176	21.28	34.68
1.176	21.29	34.68
1.176	21.29	34.68
1.176	21.28	34.68
1.176	21.29	34.68
1.176	21.28	34.68
1.176	21.28	34.68
1.176	21.30	34.68
1.175	21.30	34.68
1.175	21.30	34.68
1.175	21.30	34.68
1.175	21.30	34.68
1.175	21.31	34.68
1.175	21.31	34.68
1.175	21.32	34.68
1.175	21.32	34.68
1.175	21.32	34.68
1.175	21.32	34.68
1.175	21.32	34.68
1.174	21.32	34.68
1.174	21.32	34.68
1.174	21.34	34.68
1.174	21.34	34.68
1.173	21.34	34.68
1.173	21.34	34.68
1.173	21.34	34.68
1.173	21.34	34.68
1.172	21.34	34.68
1.172	21.35	34.68
1.172	21.37	34.68
1.171	21.37	34.68
1.171	21.39	34.68
1.171	21.40	34.68
1.171	21.41	34.68
1.171	21.41	34.68
1.170	21.41	34.68
1.170	21.41	34.68
1.170	21.41	34.68
1.169	21.41	34.67
1.169	21.44	34.67
1.169	21.44	34.67
1.168	21.44	34.67
1.168	21.45	34.67
1.168	21.45	34.67
1.168	21.45	34.67
1.168	21.45	34.67
1.168	21.45	34.67
1.168	21.45	34.67
1.168	21.46	34.67
1.167	21.48	34.67
1.167	21.48	34.67
1.166	21.49	34.67
1.166	21.49	34.67
1.166	21.50	34.67
1.165	21.51	34.67
1.165	21.51	34.67
1.165	21.51	34.67
1.165	21.51	34.67
1.164	21.51	34.67
1.164	21.52	34.67
1.164	21.54	34.67
1.164	21.53	34.67
1.163	21.53	34.67
1.163	21.54	34.67
1.162	21.55	34.67
1.162	21.55	34.67
1.162	21.56	34.67
1.161	21.57	34.67
1.161	21.54	34.67
1.161	21.56	34.67
1.160	21.55	34.67
1.160	21.57	34.67
1.160	21.57	34.67
1.160	21.56	34.67
1.159	21.59	34.67
1.159	21.59	34.67
1.159	21.58	34.67
1.159	21.62	34.67
1.158	21.62	34.67
1.158	21.60	34.67
1.158	21.60	34.67
1.157	21.60	34.67
1.157	21.63	34.67
1.156	21.65	34.67
1.156	21.67	34.67
1.156	21.67	34.67
1.156	21.66	34.67
1.155	21.68	34.67
1.155	21.70	34.67
1.155	21.71	34.67
1.154	21.72	34.67
1.154	21.72	34.67
1.154	21.73	34.67
1.153	21.76	34.67
1.153	21.76	34.67
1.153	21.75	34.67
1.153	21.76	34.67
1.152	21.76	34.67
1.152	21.76	34.67
1.152	21.78	34.67
1.152	21.78	34.67
1.151	21.78	34.67
1.151	21.78	34.67
1.151	21.78	34.67
1.151	21.78	34.67
1.151	21.78	34.67
1.150	21.78	34.67
1.150	21.80	34.67
1.150	21.81	34.67
1.150	21.82	34.67
1.149	21.81	34.67
1.149	21.80	34.67
1.149	21.81	34.67
1.148	21.82	34.67
1.148	21.83	34.67
1.148	21.85	34.67
1.147	21.85	34.67
1.147	21.85	34.67
1.147	21.86	34.67
1.147	21.87	34.67
1.147	21.87	34.67
1.147	21.87	34.67
1.147	21.87	34.67
1.147	21.87	34.67
1.146	21.89	34.67
1.146	21.89	34.67
1.146	21.89	34.67
1.146	21.89	34.67
1.146	21.89	34.67
1.146	21.88	34.67
1.146	21.88	34.67
1.146	21.89	34.67
1.146	21.90	34.67
1.145	21.91	34.66
1.145	21.92	34.66
1.145	21.93	34.66
1.145	21.93	34.66
1.145	21.93	34.66
1.145	21.94	34.66
1.144	21.93	34.66
1.144	21.93	34.66
1.144	21.93	34.66
1.144	21.95	34.66
1.144	21.97	34.66
1.144	21.96	34.66
1.144	21.97	34.66
1.143	21.99	34.66
1.143	21.99	34.66
1.143	21.99	34.66
1.142	21.99	34.66
1.142	21.99	34.66
1.142	22.00	34.66
1.142	22.01	34.66
1.142	22.01	34.66
1.142	22.01	34.66
1.142	22.01	34.66
1.142	22.01	34.66
1.141	22.01	34.66
1.141	22.01	34.66
1.141	22.01	34.66
1.141	22.01	34.66
1.141	22.03	34.66
1.140	22.03	34.66
1.140	22.03	34.66
1.140	22.03	34.66
1.140	22.03	34.66
1.140	22.03	34.66
1.139	22.05	34.66
1.139	22.05	34.66
1.139	22.04	34.66
1.139	22.10	34.66
1.138	22.09	34.66
1.138	22.10	34.66
1.138	22.09	34.66
1.138	22.10	34.66
1.138	22.10	34.66
1.137	22.10	34.66
1.137	22.14	34.66
1.137	22.13	34.66
1.137	22.14	34.66
1.137	22.14	34.66
1.136	22.14	34.66
1.136	22.11	34.66
1.136	22.14	34.66
1.136	22.20	34.66
1.136	22.19	34.66
1.135	22.18	34.66
1.135	22.18	34.66
1.135	22.22	34.66
1.135	22.22	34.66
1.135	22.26	34.66
1.135	22.29	34.66
1.135	22.31	34.66
1.135	22.31	34.66
1.134	22.27	34.66
1.134	22.27	34.66
1.134	22.26	34.66
1.134	22.26	34.66
1.134	22.26	34.66
1.134	22.26	34.66
1.134	22.26	34.66
1.133	22.26	34.66
1.133	22.26	34.66
1.133	22.28	34.66
1.133	22.29	34.66
1.133	22.31	34.66
1.132	22.31	34.66
1.132	22.31	34.66
1.132	22.32	34.66
1.132	22.31	34.66
1.132	22.31	34.66
1.132	22.35	34.66
1.131	22.32	34.66
1.131	22.31	34.66
1.131	22.31	34.66
1.131	22.31	34.66
1.131	22.35	34.66
1.131	22.32	34.66
1.131	22.35	34.66
1.131	22.35	34.66
1.131	22.35	34.66
1.131	22.35	34.66
1.131	22.35	34.66
1.130	22.35	34.66
1.130	22.35	34.66
1.130	22.35	34.66
1.130	22.35	34.66
1.130	22.35	34.66
1.130	22.35	34.66
1.129	22.37	34.66
1.129	22.37	34.66
1.129	22.39	34.66
1.129	22.39	34.66
1.129	22.36	34.66
1.129	22.35	34.66
1.129	22.35	34.66
1.128	22.35	34.66
1.128	22.36	34.66
1.128	22.35	34.66
1.128	22.35	34.65
1.128	22.35	34.65
1.127	22.39	34.65
1.127	22.39	34.65
1.127	22.39	34.65
1.127	22.39	34.65
1.127	22.39	34.65
1.127	22.39	34.65
1.126	22.39	34.65
1.126	22.39	34.65
1.126	22.39	34.65
1.126	22.35	34.65
1.125	22.33	34.65
1.125	22.33	34.65
1.125	22.35	34.65
1.125	22.35	34.65
1.125	22.37	34.65
1.125	22.39	34.65
1.124	22.39	34.65
1.125	22.39	34.65
1.124	22.39	34.65
1.124	22.39	34.65
1.124	22.39	34.65
1.124	22.43	34.65
1.124	22.43	34.65
1.124	22.43	34.65
1.124	22.46	34.65
1.123	22.48	34.65
1.123	22.48	34.65
1.123	22.51	34.65
1.123	22.48	34.65
1.122	22.51	34.65
1.122	22.51	34.65
1.122	22.49	34.65
1.122	22.49	34.65
1.122	22.49	34.65
1.122	22.48	34.65
1.122	22.50	34.65
1.122	22.52	34.65
1.122	22.52	34.65
1.121	22.52	34.65
1.121	22.52	34.65
1.121	22.52	34.65
1.121	22.52	34.65
1.121	22.52	34.65
1.120	22.52	34.65
1.120	22.52	34.65
1.120	22.52	34.65
1.120	22.52	34.65
1.120	22.52	34.65
1.119	22.52	34.65
1.119	22.52	34.65
1.119	22.52	34.65
1.118	22.52	34.65
1.118	22.52	34.65
1.118	22.52	34.65
1.118	22.52	34.65
1.118	22.52	34.65
1.117	22.52	34.65
1.117	22.52	34.65
1.116	22.52	34.65
1.116	22.52	34.65
1.116	22.52	34.65
1.116	22.52	34.65
1.115	22.52	34.65
1.115	22.52	34.65
1.115	22.52	34.65
1.115	22.52	34.65
1.115	22.52	34.65
1.115	22.52	34.65
1.115	22.52	34.65
1.115	22.52	34.65
1.115	22.52	34.65
1.114	22.52	34.65
1.114	22.52	34.65
1.114	22.52	34.65
1.114	22.52	34.65
1.114	22.52	34.65
1.113	22.52	34.65
1.113	22.52	34.65
1.113	22.52	34.65
1.113	22.52	34.65
1.112	22.52	34.65
1.112	22.52	34.65
1.112	22.52	34.65
1.112	22.52	34.65
1.111	22.52	34.65
1.111	22.52	34.65
1.111	22.52	34.65
1.111	22.52	34.65
1.111	22.52	34.65
1.111	22.52	34.65
1.111	22.52	34.65
1.111	22.52	34.65
1.111	22.52	34.65
1.111	22.52	34.65
1.111	22.52	34.65
1.111	22.52	34.65
1.111	22.52	34.65
1.111	22.52	34.65
1.111	22.52	34.65
1.111	22.52	34.65
1.111	22.52	34.65
1.111	22.52	34.65
1.111	22.52	34.65
1.111	22.52	34.65
1.111	22.52	34.65
1.111	22.52	34.65
1.111	22.52	34.65
1.111	22.52	34.65
1.111	22.52	34.65
1.111	22.52	34.65
1.111	22.52	34.65
1.111	22.52	34.65
1.111	22.52	34.65
1.111	22.52	34.65
1.111	22.52	34.65
