1.133	22.51	45.29
1.133	22.51	45.29
1.134	22.51	45.29
1.133	22.51	45.29
1.133	22.51	45.29
1.133	22.51	45.29
1.134	22.51	45.29
1.133	22.51	45.29
1.133	22.51	45.29
1.133	22.51	45.29
1.133	22.51	45.29
1.133	22.51	45.29
1.134	22.51	45.29
1.133	22.51	45.29
1.133	22.51	45.29
1.133	22.51	45.29
1.134	22.51	45.30
1.134	22.51	45.29
1.134	22.51	45.30
1.134	22.51	45.30
1.134	22.51	45.30
1.134	22.51	45.30
1.134	22.51	45.30
1.134	22.51	45.30
1.134	22.51	45.30
1.134	22.51	45.30
1.134	22.51	45.30
1.134	22.51	45.30
1.134	22.51	45.30
1.134	22.51	45.30
1.134	22.51	45.30
1.134	22.51	45.30
1.134	22.51	45.30
1.134	22.51	45.30
1.134	22.51	45.30
1.134	22.51	45.30
1.134	22.51	45.30
1.134	22.51	45.30
1.134	22.51	45.30
1.134	22.51	45.30
1.134	22.51	45.30
1.134	22.51	45.30
1.134	22.51	45.30
1.134	22.51	45.30
1.134	22.51	45.30
1.134	22.51	45.30
1.134	22.51	45.30
1.134	22.51	45.30
1.134	22.51	45.30
1.134	22.51	45.30
1.134	22.51	45.30
1.134	22.51	45.30
1.134	22.51	45.30
1.134	22.51	45.30
1.134	22.51	45.30
1.134	22.51	45.30
1.134	22.51	45.30
1.134	22.51	45.30
1.134	22.51	45.30
1.134	22.51	45.30
1.134	22.51	45.30
1.134	22.51	45.30
1.134	22.51	45.30
1.134	22.51	45.30
1.134	22.51	45.30
1.134	22.51	45.30
1.134	22.51	45.30
1.134	22.51	45.30
1.134	22.51	45.30
1.134	22.51	45.30
1.134	22.51	45.30
1.134	22.51	45.30
1.134	22.51	45.30
1.134	22.51	45.30
1.134	22.51	45.30
1.134	22.51	45.30
1.134	22.51	45.30
1.134	22.51	45.30
1.134	22.51	45.30
1.134	22.51	45.30
1.134	22.51	45.30
1.134	22.51	45.30
1.134	22.51	45.30
1.134	22.51	45.30
1.134	22.51	45.30
1.134	22.51	45.30
1.134	22.51	45.30
1.134	22.51	45.30
1.134	22.51	45.30
1.134	22.51	45.30
1.134	22.51	45.30
1.134	22.51	45.29
1.134	22.51	45.29
1.134	22.51	45.29
1.134	22.51	45.29
1.134	22.51	45.29
1.134	22.51	45.29
1.134	22.51	45.29
1.134	22.51	45.29
1.134	22.51	45.29
1.134	22.51	45.29
1.134	22.51	45.29
1.134	22.51	45.29
1.134	22.51	45.29
1.134	22.51	45.29
1.134	22.51	45.29
1.134	22.51	45.29
1.134	22.51	45.29
1.134	22.51	45.29
1.134	22.51	45.29
1.134	22.51	45.29
1.135	22.51	45.29
1.135	22.51	45.29
1.135	22.51	45.29
1.135	22.51	45.29
1.135	22.51	45.29
1.135	22.51	45.29
1.136	22.51	45.29
1.136	22.51	45.29
1.136	22.51	45.29
1.136	22.51	45.28
1.136	22.51	45.28
1.137	22.51	45.28
1.137	22.51	45.28
1.137	22.51	45.28
1.138	22.51	45.28
1.138	22.51	45.28
1.139	22.51	45.28
1.139	22.51	45.28
1.140	22.51	45.28
1.140	22.51	45.28
1.141	22.51	45.28
1.142	22.52	45.28
1.142	22.52	45.28
1.143	22.52	45.28
1.143	22.52	45.28
1.143	22.52	45.28
1.144	22.52	45.28
1.144	22.52	45.28
1.144	22.52	45.28
1.145	22.52	45.28
1.145	22.52	45.28
1.145	22.52	45.28
1.146	22.52	45.28
1.146	22.52	45.28
1.146	22.52	45.28
1.147	22.52	45.28
1.147	22.52	45.28
1.147	22.52	45.28
1.147	22.52	45.28
1.148	22.52	45.28
1.148	22.52	45.28
1.148	22.52	45.28
1.148	22.52	45.28
1.149	22.50	45.28
1.149	22.48	45.28
1.149	22.48	45.28
1.150	22.48	45.28
1.150	22.48	45.28
1.150	22.50	45.28
1.151	22.49	45.28
1.151	22.48	45.28
1.151	22.44	45.28
1.151	22.39	45.28
1.152	22.39	45.28
1.152	22.39	45.28
1.152	22.39	45.28
1.152	22.39	45.28
1.153	22.39	45.28
1.153	22.39	45.28
1.154	22.35	45.28
1.154	22.35	45.28
1.154	22.39	45.28
1.155	22.39	45.28
1.155	22.39	45.28
1.156	22.39	45.28
1.156	22.39	45.28
1.156	22.39	45.28
1.156	22.39	45.28
1.157	22.37	45.27
1.157	22.35	45.27
1.157	22.38	45.27
1.158	22.39	45.27
1.158	22.39	45.27
1.159	22.37	45.27
1.159	22.36	45.27
1.159	22.34	45.27
1.160	22.31	45.27
1.160	22.33	45.27
1.161	22.32	45.27
1.161	22.31	45.27
1.161	22.31	45.27
1.161	22.31	45.27
1.162	22.27	45.27
1.162	22.28	45.27
1.163	22.27	45.27
1.163	22.30	45.27
1.164	22.26	45.27
1.164	22.26	45.27
1.164	22.26	45.27
1.164	22.23	45.27
1.165	22.22	45.27
1.165	22.20	45.27
1.165	22.18	45.27
1.166	22.15	45.27
1.166	22.14	45.27
1.166	22.14	45.27
1.167	22.14	45.27
1.167	22.14	45.27
1.167	22.12	45.27
1.167	22.10	45.27
1.167	22.09	45.27
1.168	22.06	45.27
1.168	22.05	45.27
1.168	22.05	45.27
1.168	22.05	45.27
1.168	22.05	45.27
1.169	22.05	45.27
1.169	22.04	45.27
1.169	22.03	45.27
1.169	22.03	45.27
1.169	22.02	45.27
1.169	22.01	45.27
1.169	22.01	45.27
1.169	22.00	45.27
1.169	21.99	45.27
1.170	21.99	45.27
1.170	21.99	45.27
1.170	21.99	45.27
1.170	21.99	45.27
1.171	21.99	45.27
1.171	21.99	45.27
1.171	21.99	45.27
1.171	21.99	45.27
1.171	21.99	45.27
1.172	21.96	45.27
1.172	21.93	45.27
1.172	21.93	45.27
1.173	21.93	45.27
1.173	21.95	45.27
1.173	21.93	45.27
1.174	21.92	45.27
1.174	21.90	45.27
1.174	21.88	45.26
1.174	21.88	45.26
1.174	21.89	45.26
1.175	21.89	45.26
1.175	21.89	45.26
1.176	21.88	45.26
1.176	21.87	45.26
1.176	21.87	45.26
1.176	21.87	45.26
1.177	21.84	45.26
1.177	21.83	45.26
1.177	21.83	45.26
1.177	21.81	45.26
1.177	21.80	45.26
1.177	21.79	45.26
1.178	21.81	45.26
1.178	21.82	45.26
1.179	21.82	45.26
1.178	21.84	45.26
1.178	21.82	45.26
1.179	21.82	45.26
1.179	21.81	45.26
1.180	21.76	45.26
1.180	21.78	45.26
1.181	21.78	45.26
1.181	21.77	45.26
1.181	21.76	45.26
1.181	21.77	45.26
1.181	21.78	45.26
1.181	21.77	45.26
1.181	21.78	45.26
1.182	21.76	45.26
1.182	21.75	45.26
1.182	21.74	45.26
1.182	21.74	45.26
1.182	21.74	45.26
1.182	21.72	45.26
1.183	21.72	45.26
1.183	21.71	45.26
1.184	21.71	45.26
1.184	21.69	45.26
1.184	21.68	45.26
1.185	21.67	45.26
1.185	21.66	45.26
1.186	21.66	45.26
1.186	21.67	45.26
1.186	21.67	45.26
1.186	21.66	45.26
1.187	21.65	45.26
1.187	21.66	45.26
1.188	21.66	45.26
1.188	21.64	45.26
1.188	21.63	45.26
1.189	21.62	45.26
1.189	21.62	45.26
1.189	21.62	45.26
1.189	21.61	45.25
1.190	21.59	45.25
1.190	21.59	45.25
1.190	21.58	45.25
1.190	21.57	45.25
1.191	21.56	45.25
1.191	21.56	45.25
1.191	21.56	45.25
1.191	21.56	45.25
1.191	21.56	45.25
1.191	21.56	45.25
1.191	21.56	45.25
1.192	21.56	45.25
1.192	21.56	45.25
1.192	21.56	45.25
1.192	21.56	45.25
1.192	21.54	45.25
1.192	21.53	45.25
1.192	21.53	45.25
1.192	21.53	45.25
1.193	21.53	45.25
1.193	21.52	45.25
1.193	21.51	45.25
1.193	21.51	45.25
1.193	21.51	45.25
1.194	21.51	45.25
1.194	21.51	45.25
1.194	21.51	45.25
1.194	21.51	45.25
1.195	21.51	45.25
1.195	21.50	45.25
1.195	21.49	45.25
1.196	21.49	45.25
1.196	21.47	45.25
1.196	21.47	45.25
1.197	21.47	45.24
1.197	21.45	45.24
1.197	21.45	45.24
1.197	21.45	45.24
1.198	21.45	45.24
1.198	21.43	45.24
1.198	21.43	45.24
1.199	21.41	45.24
1.199	21.42	45.24
1.199	21.43	45.24
1.199	21.42	45.24
1.199	21.41	45.24
1.200	21.39	45.24
1.200	21.38	45.24
1.200	21.38	45.24
1.200	21.38	45.24
1.201	21.37	45.24
1.201	21.36	45.24
1.201	21.36	45.24
1.201	21.36	45.24
1.201	21.36	45.24
1.201	21.36	45.24
1.201	21.35	45.24
1.202	21.35	45.24
1.202	21.34	45.24
1.202	21.34	45.24
1.202	21.34	45.24
1.202	21.35	45.24
1.203	21.35	45.24
1.203	21.34	45.24
1.203	21.33	45.24
1.204	21.32	45.24
1.204	21.30	45.24
1.204	21.30	45.24
1.205	21.28	45.24
1.205	21.28	45.24
1.205	21.28	45.24
1.205	21.28	45.24
1.205	21.28	45.24
1.205	21.28	45.24
1.206	21.28	45.24
1.206	21.28	45.24
1.206	21.28	45.24
1.206	21.27	45.24
1.206	21.26	45.24
1.207	21.25	45.24
1.207	21.23	45.24
1.207	21.23	45.24
1.207	21.24	45.24
1.207	21.24	45.24
1.208	21.23	45.24
1.208	21.22	45.24
1.208	21.23	45.24
1.208	21.24	45.24
1.208	21.23	45.24
1.209	21.23	45.24
1.209	21.23	45.24
1.209	21.23	45.24
1.209	21.23	45.24
1.209	21.21	45.24
1.210	21.19	45.24
1.210	21.18	45.24
1.210	21.19	45.24
1.211	21.17	45.24
1.211	21.17	45.23
1.211	21.17	45.23
1.211	21.15	45.23
1.211	21.15	45.23
1.212	21.15	45.23
1.212	21.15	45.23
1.213	21.16	45.23
1.213	21.16	45.23
1.213	21.16	45.23
1.213	21.17	45.23
1.213	21.17	45.23
1.213	21.15	45.23
1.213	21.14	45.23
1.213	21.14	45.23
1.213	21.13	45.23
1.214	21.12	45.23
1.214	21.12	45.23
1.214	21.12	45.23
1.214	21.12	45.23
1.214	21.13	45.23
1.214	21.13	45.23
1.214	21.12	45.23
1.214	21.11	45.23
1.215	21.10	45.23
1.215	21.10	45.23
1.215	21.10	45.23
1.215	21.10	45.23
1.215	21.10	45.23
1.216	21.07	45.23
1.216	21.06	45.23
1.216	21.06	45.23
1.216	21.06	45.23
1.216	21.06	45.23
1.216	21.06	45.23
1.216	21.06	45.23
1.216	21.06	45.23
1.217	21.06	45.23
1.217	21.04	45.23
1.217	21.04	45.23
1.218	21.04	45.23
1.218	21.04	45.23
1.218	21.04	45.23
1.218	21.04	45.23
1.219	21.04	45.23
1.219	21.01	45.23
1.219	21.00	45.23
1.220	21.00	45.23
1.220	21.00	45.23
1.220	20.99	45.23
1.221	20.99	45.23
1.221	20.99	45.23
1.221	20.99	45.23
1.221	21.00	45.23
1.221	20.99	45.23
1.221	20.98	45.23
1.222	20.98	45.23
1.222	20.97	45.23
1.222	20.96	45.23
1.222	20.96	45.23
1.222	20.94	45.23
1.223	20.94	45.23
1.223	20.94	45.22
1.224	20.94	45.22
1.224	20.93	45.22
1.224	20.92	45.22
1.224	20.92	45.22
1.224	20.92	45.22
1.225	20.89	45.22
1.225	20.89	45.22
1.225	20.89	45.22
1.225	20.89	45.22
1.225	20.88	45.22
1.225	20.90	45.22
1.226	20.90	45.22
1.226	20.90	45.22
1.226	20.90	45.22
1.226	20.90	45.22
1.226	20.90	45.22
1.227	20.90	45.22
1.227	20.89	45.22
1.227	20.88	45.22
1.228	20.88	45.22
1.228	20.87	45.22
1.228	20.86	45.22
1.228	20.85	45.22
1.228	20.85	45.22
1.228	20.85	45.22
1.228	20.85	45.22
1.229	20.84	45.22
1.229	20.83	45.22
1.229	20.82	45.22
1.229	20.82	45.21
1.229	20.83	45.21
1.230	20.83	45.21
1.230	20.82	45.21
1.230	20.81	45.21
1.230	20.81	45.21
1.230	20.81	45.21
1.231	20.80	45.21
1.231	20.79	45.21
1.231	20.79	45.21
1.231	20.79	45.21
1.231	20.79	45.21
1.232	20.79	45.21
1.232	20.78	45.21
1.232	20.77	45.21
1.232	20.76	45.21
1.232	20.77	45.21
1.232	20.77	45.21
1.233	20.77	45.21
1.233	20.76	45.21
1.233	20.75	45.21
1.234	20.73	45.21
1.234	20.74	45.21
1.234	20.74	45.21
1.234	20.73	45.21
1.234	20.73	45.21
1.235	20.73	45.21
1.235	20.73	45.21
1.235	20.73	45.21
1.235	20.73	45.21
1.235	20.73	45.21
1.235	20.72	45.21
1.235	20.71	45.21
1.235	20.72	45.21
1.235	20.73	45.21
1.236	20.72	45.21
1.236	20.71	45.21
1.236	20.71	45.21
1.236	20.71	45.21
1.236	20.71	45.21
1.236	20.70	45.21
1.237	20.69	45.21
1.237	20.69	45.21
1.237	20.69	45.21
1.237	20.69	45.21
1.237	20.69	45.21
1.237	20.68	45.21
1.237	20.68	45.21
1.238	20.68	45.21
1.238	20.67	45.21
1.238	20.67	45.21
1.238	20.67	45.21
1.238	20.66	45.21
1.238	20.66	45.21
1.238	20.66	45.21
1.239	20.66	45.21
1.239	20.64	45.21
1.239	20.64	45.21
1.239	20.64	45.21
1.239	20.64	45.21
1.239	20.64	45.21
1.239	20.64	45.21
1.240	20.62	45.21
1.240	20.63	45.21
1.240	20.63	45.21
1.240	20.63	45.21
1.240	20.64	45.21
1.241	20.64	45.20
1.241	20.64	45.20
1.241	20.62	45.20
1.241	20.62	45.20
1.241	20.62	45.20
1.241	20.62	45.20
1.241	20.62	45.20
1.241	20.60	45.20
1.241	20.58	45.20
1.242	20.58	45.20
1.242	20.59	45.20
1.242	20.59	45.20
1.242	20.59	45.20
1.242	20.58	45.20
1.243	20.57	45.20
1.243	20.57	45.20
1.243	20.58	45.20
1.243	20.60	45.20
1.243	20.60	45.20
1.243	20.60	45.20
1.244	20.58	45.20
1.244	20.57	45.20
1.244	20.57	45.20
1.244	20.57	45.20
1.244	20.57	45.20
1.244	20.57	45.20
1.245	20.57	45.20
1.245	20.55	45.20
1.245	20.54	45.20
1.246	20.53	45.20
1.246	20.51	45.20
1.246	20.50	45.20
1.247	20.50	45.20
1.247	20.50	45.20
1.248	20.50	45.20
1.248	20.49	45.20
1.248	20.48	45.20
1.248	20.46	45.20
1.249	20.47	45.20
1.249	20.46	45.20
1.249	20.45	45.20
1.249	20.45	45.20
1.249	20.45	45.20
1.249	20.45	45.20
1.249	20.45	45.20
1.249	20.45	45.20
1.249	20.45	45.20
1.250	20.44	45.20
1.250	20.43	45.20
1.250	20.43	45.20
1.251	20.43	45.20
1.251	20.43	45.20
1.251	20.43	45.20
1.251	20.43	45.20
1.252	20.43	45.20
1.252	20.43	45.20
1.252	20.42	45.20
1.252	20.41	45.20
1.253	20.40	45.20
1.253	20.39	45.20
1.253	20.39	45.20
1.253	20.38	45.20
1.254	20.36	45.20
1.254	20.36	45.20
1.254	20.36	45.20
1.254	20.35	45.20
1.254	20.34	45.19
1.255	20.34	45.19
1.255	20.35	45.19
1.255	20.34	45.19
1.255	20.32	45.19
1.255	20.32	45.19
1.255	20.33	45.19
1.255	20.34	45.19
1.255	20.34	45.19
1.256	20.33	45.19
1.256	20.32	45.19
1.256	20.32	45.19
1.256	20.31	45.19
1.257	20.31	45.19
1.257	20.31	45.19
1.257	20.31	45.19
1.257	20.31	45.19
1.257	20.30	45.19
1.257	20.30	45.19
1.258	20.29	45.19
1.258	20.29	45.19
1.258	20.28	45.19
1.258	20.28	45.19
1.258	20.26	45.19
1.258	20.26	45.19
1.258	20.26	45.19
1.258	20.26	45.19
1.258	20.26	45.19
1.259	20.25	45.19
1.259	20.26	45.19
1.259	20.24	45.19
1.259	20.25	45.19
1.260	20.26	45.19
1.260	20.26	45.19
1.260	20.24	45.18
1.260	20.23	45.18
1.260	20.23	45.18
1.261	20.21	45.18
1.261	20.22	45.18
1.261	20.22	45.18
1.261	20.22	45.18
1.261	20.21	45.18
1.262	20.21	45.18
1.262	20.21	45.18
1.262	20.21	45.18
1.262	20.20	45.18
1.262	20.20	45.18
1.263	20.20	45.18
1.263	20.20	45.18
1.263	20.20	45.18
1.263	20.20	45.18
1.263	20.20	45.18
1.263	20.19	45.18
1.264	20.18	45.18
1.264	20.18	45.18
1.264	20.16	45.18
1.264	20.13	45.18
1.265	20.12	45.18
1.265	20.12	45.18
1.265	20.12	45.18
1.265	20.13	45.18
1.265	20.13	45.18
1.266	20.13	45.18
1.266	20.14	45.18
1.266	20.14	45.18
1.266	20.14	45.18
1.266	20.14	45.18
1.267	20.13	45.18
1.266	20.12	45.18
1.267	20.11	45.18
1.267	20.11	45.18
1.267	20.11	45.18
1.268	20.09	45.18
1.268	20.08	45.18
1.268	20.10	45.18
1.269	20.10	45.18
1.269	20.09	45.18
1.269	20.09	45.18
1.270	20.05	45.18
1.270	20.04	45.18
1.271	20.04	45.18
1.271	20.05	45.18
1.271	20.05	45.18
1.271	20.05	45.18
1.271	20.04	45.18
1.271	20.05	45.18
1.271	20.05	45.18
1.271	20.04	45.18
1.272	20.03	45.18
1.272	20.03	45.18
1.272	20.04	45.18
1.272	20.04	45.18
1.273	20.04	45.18
1.273	20.03	45.18
1.273	20.01	45.18
1.274	19.99	45.18
1.274	19.99	45.18
1.274	19.99	45.18
1.275	19.99	45.18
1.275	19.97	45.18
1.275	19.96	45.18
1.275	19.96	45.18
1.276	19.96	45.18
1.276	19.94	45.17
1.276	19.93	45.17
1.276	19.92	45.17
1.277	19.92	45.17
1.277	19.92	45.17
1.277	19.92	45.17
1.278	19.90	45.17
1.278	19.90	45.17
1.278	19.90	45.17
1.279	19.91	45.17
1.279	19.92	45.17
1.279	19.90	45.17
1.279	19.90	45.17
1.279	19.89	45.17
1.280	19.89	45.17
1.280	19.88	45.17
1.280	19.88	45.17
1.280	19.89	45.17
1.280	19.88	45.17
1.280	19.88	45.17
1.280	19.88	45.17
1.280	19.88	45.17
1.280	19.88	45.17
1.281	19.87	45.17
1.281	19.85	45.17
1.281	19.84	45.17
1.282	19.83	45.17
1.282	19.83	45.17
1.283	19.84	45.17
1.283	19.84	45.17
1.283	19.83	45.17
1.284	19.81	45.17
1.284	19.79	45.17
1.284	19.78	45.17
1.285	19.78	45.17
1.285	19.75	45.17
1.285	19.75	45.17
1.286	19.75	45.17
1.286	19.75	45.17
1.287	19.74	45.17
1.287	19.76	45.17
1.288	19.77	45.17
1.288	19.76	45.17
1.288	19.76	45.17
1.288	19.75	45.17
1.289	19.74	45.17
1.289	19.72	45.17
1.290	19.72	45.17
1.291	19.72	45.17
1.291	19.69	45.17
1.291	19.67	45.17
1.291	19.67	45.17
1.291	19.66	45.17
1.292	19.64	45.17
1.292	19.61	45.17
1.292	19.60	45.16
1.293	19.60	45.17
1.293	19.61	45.16
1.293	19.63	45.16
1.294	19.64	45.16
1.294	19.65	45.16
1.294	19.65	45.16
1.295	19.64	45.16
1.295	19.63	45.16
1.296	19.62	45.16
1.296	19.61	45.16
1.296	19.61	45.16
1.296	19.60	45.16
1.296	19.60	45.16
1.296	19.60	45.16
1.296	19.60	45.16
1.297	19.60	45.16
1.296	19.60	45.16
1.296	19.60	45.16
1.296	19.60	45.16
1.296	19.60	45.16
1.296	19.60	45.16
1.296	19.60	45.16
1.296	19.59	45.16
1.297	19.59	45.16
1.297	19.59	45.16
1.297	19.59	45.16
1.297	19.58	45.16
1.297	19.57	45.16
1.298	19.56	45.16
1.298	19.55	45.16
1.299	19.55	45.16
1.299	19.54	45.16
1.299	19.54	45.15
1.300	19.54	45.15
1.300	19.55	45.15
1.300	19.55	45.15
1.300	19.55	45.15
1.300	19.54	45.15
1.301	19.53	45.15
1.301	19.52	45.15
1.302	19.52	45.15
1.302	19.51	45.15
1.303	19.50	45.15
1.303	19.50	45.15
1.303	19.48	45.15
1.304	19.48	45.15
1.304	19.48	45.15
1.305	19.48	45.15
1.305	19.46	45.15
1.305	19.46	45.15
1.306	19.46	45.15
1.306	19.45	45.15
1.306	19.44	45.15
1.306	19.43	45.15
1.307	19.43	45.15
1.307	19.43	45.15
1.307	19.43	45.15
1.307	19.42	45.15
1.307	19.42	45.15
1.308	19.42	45.15
1.308	19.42	45.15
1.308	19.43	45.15
1.309	19.41	45.15
1.309	19.40	45.15
1.309	19.40	45.15
1.310	19.39	45.15
1.310	19.38	45.15
1.310	19.39	45.15
1.310	19.39	45.15
1.310	19.38	45.15
1.311	19.36	45.15
1.311	19.37	45.15
1.311	19.36	45.15
1.312	19.35	45.15
1.312	19.34	45.15
1.312	19.34	45.15
1.312	19.34	45.15
1.312	19.32	45.15
1.313	19.31	45.15
1.313	19.31	45.15
1.313	19.30	45.15
1.313	19.30	45.15
1.314	19.31	45.15
1.314	19.30	45.15
1.314	19.29	45.15
1.315	19.29	45.15
1.315	19.29	45.15
1.315	19.28	45.15
1.315	19.28	45.15
1.315	19.28	45.15
1.316	19.28	45.15
1.316	19.28	45.15
1.316	19.28	45.15
1.316	19.27	45.15
1.317	19.27	45.15
1.317	19.26	45.15
1.317	19.26	45.14
1.317	19.26	45.14
1.318	19.26	45.15
1.318	19.26	45.14
1.318	19.26	45.14
1.318	19.25	45.14
1.318	19.25	45.14
1.319	19.25	45.14
1.319	19.26	45.14
1.319	19.25	45.14
1.319	19.24	45.14
1.320	19.24	45.14
1.320	19.24	45.14
1.320	19.23	45.14
1.320	19.23	45.14
1.320	19.23	45.14
1.321	19.22	45.14
1.321	19.21	45.14
1.321	19.21	45.14
1.321	19.20	45.14
1.322	19.19	45.14
1.322	19.19	45.14
1.322	19.19	45.14
1.322	19.19	45.14
1.323	19.19	45.14
1.323	19.19	45.14
1.323	19.19	45.14
1.323	19.19	45.14
1.323	19.18	45.14
1.324	19.17	45.14
1.324	19.16	45.14
1.324	19.14	45.14
1.325	19.14	45.14
1.325	19.14	45.14
1.325	19.14	45.14
1.326	19.14	45.14
1.326	19.14	45.14
1.326	19.14	45.14
1.327	19.13	45.14
1.327	19.12	45.14
1.328	19.12	45.14
1.328	19.12	45.14
1.328	19.11	45.14
1.328	19.08	45.14
1.329	19.07	45.14
1.329	19.07	45.14
1.329	19.08	45.14
1.329	19.08	45.14
1.330	19.08	45.14
1.330	19.07	45.14
1.330	19.07	45.14
1.330	19.07	45.14
1.331	19.06	45.14
1.331	19.06	45.14
1.331	19.06	45.14
1.332	19.04	45.14
1.332	19.03	45.14
1.332	19.01	45.14
1.332	19.01	45.14
1.333	19.01	45.14
1.333	19.01	45.14
1.333	19.01	45.14
1.333	19.01	45.14
1.334	19.01	45.14
1.334	19.00	45.14
1.334	18.99	45.14
1.334	18.99	45.14
1.334	18.98	45.14
1.335	18.98	45.14
1.335	18.98	45.14
1.335	18.98	45.14
1.335	18.98	45.13
1.336	18.97	45.13
1.336	18.97	45.13
1.336	18.96	45.13
1.336	18.95	45.13
1.337	18.95	45.13
1.337	18.93	45.13
1.338	18.93	45.13
1.338	18.93	45.13
1.338	18.92	45.13
1.338	18.93	45.13
1.339	18.92	45.13
1.339	18.92	45.13
1.339	18.91	45.13
1.340	18.91	45.13
1.340	18.90	45.13
1.340	18.90	45.13
1.341	18.91	45.13
1.341	18.90	45.13
1.341	18.89	45.13
1.341	18.88	45.13
1.342	18.86	45.13
1.342	18.85	45.13
1.342	18.86	45.13
1.342	18.87	45.13
1.343	18.87	45.13
1.343	18.85	45.13
1.343	18.84	45.13
1.343	18.84	45.13
1.344	18.83	45.13
1.344	18.82	45.13
1.344	18.82	45.13
1.345	18.82	45.13
1.345	18.81	45.13
1.345	18.81	45.13
1.345	18.80	45.13
1.346	18.81	45.13
1.346	18.80	45.13
1.346	18.81	45.13
1.347	18.80	45.13
1.347	18.80	45.13
1.347	18.80	45.13
1.347	18.79	45.13
1.347	18.79	45.13
1.348	18.79	45.13
1.348	18.78	45.13
1.348	18.79	45.13
1.348	18.79	45.13
1.349	18.79	45.13
1.349	18.79	45.13
1.349	18.77	45.13
1.349	18.76	45.13
1.350	18.75	45.13
1.350	18.74	45.13
1.350	18.72	45.13
1.351	18.71	45.13
1.351	18.70	45.13
1.351	18.70	45.13
1.351	18.70	45.13
1.351	18.70	45.13
1.352	18.70	45.13
1.352	18.70	45.13
1.353	18.70	45.13
1.353	18.70	45.13
1.353	18.71	45.13
1.354	18.70	45.13
1.354	18.70	45.12
1.354	18.70	45.12
1.355	18.70	45.12
1.355	18.69	45.12
1.355	18.69	45.12
1.355	18.68	45.12
1.355	18.68	45.12
1.356	18.68	45.12
1.356	18.67	45.12
1.356	18.67	45.12
1.356	18.66	45.12
1.356	18.66	45.12
1.356	18.65	45.12
1.356	18.62	45.12
1.357	18.62	45.12
1.357	18.62	45.12
1.357	18.60	45.12
1.357	18.59	45.12
1.358	18.60	45.12
1.358	18.59	45.12
1.358	18.58	45.12
1.358	18.58	45.12
1.359	18.57	45.12
1.359	18.57	45.12
1.360	18.59	45.12
1.360	18.59	45.12
1.360	18.58	45.12
1.361	18.57	45.12
1.361	18.59	45.12
1.361	18.59	45.12
1.361	18.58	45.12
1.362	18.57	45.12
1.362	18.57	45.12
1.362	18.55	45.12
1.363	18.54	45.12
1.364	18.55	45.11
1.364	18.53	45.12
1.365	18.52	45.12
1.365	18.52	45.11
1.366	18.52	45.11
1.366	18.52	45.11
1.366	18.51	45.11
1.367	18.49	45.11
1.368	18.48	45.11
1.368	18.48	45.11
1.368	18.48	45.11
1.369	18.47	45.11
1.369	18.46	45.11
1.370	18.46	45.11
1.370	18.46	45.11
1.370	18.46	45.11
1.370	18.46	45.11
1.370	18.46	45.11
1.370	18.46	45.11
1.370	18.44	45.11
1.370	18.43	45.11
1.371	18.43	45.11
1.371	18.43	45.11
1.371	18.44	45.11
1.372	18.43	45.11
1.372	18.42	45.11
1.373	18.41	45.11
1.374	18.40	45.11
1.374	18.41	45.11
1.374	18.41	45.11
1.374	18.41	45.11
1.375	18.39	45.11
1.375	18.38	45.11
1.375	18.36	45.11
1.376	18.34	45.11
1.376	18.35	45.11
1.377	18.35	45.11
1.378	18.35	45.11
1.378	18.34	45.11
1.378	18.34	45.11
1.379	18.34	45.11
1.379	18.32	45.11
1.380	18.31	45.11
1.380	18.30	45.11
1.380	18.30	45.11
1.380	18.30	45.11
1.381	18.30	45.11
1.381	18.28	45.11
1.382	18.27	45.11
1.382	18.27	45.11
1.382	18.27	45.11
1.383	18.27	45.11
1.383	18.27	45.11
1.383	18.27	45.11
1.384	18.26	45.11
1.384	18.25	45.11
1.384	18.25	45.11
1.385	18.24	45.11
1.385	18.23	45.11
1.385	18.23	45.11
1.385	18.23	45.11
1.386	18.23	45.11
1.386	18.22	45.11
1.387	18.22	45.10
1.387	18.22	45.10
1.387	18.22	45.10
1.388	18.22	45.10
1.388	18.22	45.10
1.388	18.21	45.10
1.388	18.21	45.10
1.388	18.21	45.10
1.389	18.20	45.10
1.389	18.20	45.10
1.389	18.20	45.10
1.390	18.19	45.10
1.390	18.19	45.10
1.390	18.19	45.10
1.390	18.18	45.10
1.390	18.18	45.10
1.391	18.17	45.10
1.391	18.16	45.10
1.391	18.16	45.10
1.392	18.16	45.10
1.392	18.16	45.10
1.392	18.16	45.10
1.393	18.15	45.10
1.393	18.15	45.10
1.393	18.15	45.10
1.394	18.15	45.10
1.394	18.14	45.10
1.395	18.14	45.10
1.395	18.13	45.10
1.396	18.13	45.10
1.396	18.12	45.10
1.396	18.12	45.10
1.397	18.12	45.10
1.397	18.13	45.10
1.397	18.12	45.10
1.398	18.11	45.10
1.398	18.10	45.10
1.398	18.09	45.10
1.399	18.09	45.10
1.399	18.09	45.10
1.399	18.09	45.10
1.400	18.09	45.10
1.400	18.09	45.10
1.400	18.07	45.10
1.401	18.05	45.10
1.401	18.05	45.10
1.402	18.04	45.10
1.402	18.03	45.10
1.402	18.03	45.10
1.402	18.03	45.10
1.402	18.03	45.10
1.403	18.02	45.10
1.403	18.03	45.10
1.404	18.03	45.10
1.404	18.03	45.10
1.404	18.01	45.10
1.404	17.99	45.10
1.405	17.98	45.10
1.405	17.98	45.10
1.405	17.98	45.10
1.405	17.98	45.10
1.406	17.97	45.10
1.406	17.96	45.10
1.406	17.95	45.10
1.406	17.94	45.10
1.406	17.95	45.10
1.406	17.95	45.10
1.407	17.94	45.09
1.407	17.92	45.10
1.407	17.93	45.09
1.407	17.92	45.09
1.408	17.92	45.09
1.408	17.92	45.09
1.408	17.92	45.09
1.408	17.92	45.09
1.409	17.90	45.09
1.409	17.90	45.09
1.410	17.89	45.09
1.410	17.89	45.09
1.410	17.88	45.09
1.411	17.87	45.09
1.411	17.86	45.09
1.411	17.87	45.09
1.412	17.85	45.09
1.412	17.84	45.09
1.413	17.82	45.09
1.413	17.83	45.09
1.414	17.83	45.09
1.414	17.83	45.09
1.414	17.84	45.09
1.414	17.83	45.09
1.415	17.82	45.09
1.415	17.81	45.09
1.415	17.80	45.09
1.415	17.80	45.09
1.416	17.80	45.09
1.416	17.80	45.09
1.416	17.80	45.09
1.417	17.80	45.09
1.417	17.80	45.08
1.418	17.80	45.08
1.418	17.79	45.08
1.419	17.79	45.08
1.419	17.79	45.08
1.420	17.78	45.08
1.420	17.78	45.08
1.420	17.78	45.08
1.420	17.78	45.08
1.421	17.78	45.08
1.421	17.78	45.08
1.421	17.77	45.08
1.421	17.77	45.08
1.422	17.77	45.08
1.422	17.76	45.08
1.422	17.75	45.08
1.422	17.75	45.08
1.423	17.74	45.08
1.423	17.73	45.08
1.423	17.72	45.08
1.423	17.71	45.08
1.424	17.70	45.08
1.424	17.70	45.08
1.424	17.70	45.08
1.424	17.69	45.08
1.425	17.69	45.08
1.425	17.69	45.08
1.425	17.69	45.08
1.425	17.68	45.08
1.426	17.68	45.08
1.426	17.66	45.08
1.426	17.64	45.08
1.427	17.64	45.08
1.427	17.64	45.08
1.427	17.64	45.08
1.428	17.64	45.08
1.428	17.63	45.08
1.428	17.63	45.08
1.429	17.62	45.08
1.429	17.62	45.08
1.429	17.61	45.08
1.430	17.61	45.08
1.430	17.61	45.08
1.430	17.60	45.08
1.431	17.59	45.08
1.431	17.59	45.08
1.431	17.58	45.08
1.431	17.57	45.08
1.432	17.57	45.08
1.432	17.56	45.08
1.433	17.56	45.08
1.433	17.56	45.08
1.434	17.56	45.08
1.434	17.55	45.08
1.434	17.54	45.08
1.435	17.53	45.08
1.435	17.52	45.08
1.436	17.51	45.08
1.436	17.51	45.08
1.437	17.51	45.08
1.437	17.51	45.08
1.438	17.50	45.08
1.438	17.49	45.08
1.438	17.48	45.08
1.439	17.48	45.08
1.439	17.47	45.08
1.440	17.47	45.08
1.440	17.46	45.07
1.441	17.45	45.07
1.441	17.45	45.07
1.442	17.44	45.07
1.442	17.44	45.07
1.442	17.43	45.07
1.443	17.43	45.07
1.443	17.42	45.07
1.443	17.42	45.07
1.443	17.42	45.07
1.444	17.42	45.07
1.444	17.41	45.07
1.445	17.41	45.07
1.445	17.40	45.07
1.445	17.40	45.07
1.446	17.39	45.07
1.446	17.38	45.07
1.446	17.38	45.07
1.447	17.37	45.07
1.448	17.37	45.07
1.448	17.36	45.07
1.448	17.36	45.07
1.449	17.36	45.07
1.449	17.35	45.07
1.449	17.35	45.07
1.450	17.34	45.07
1.450	17.34	45.07
1.450	17.33	45.07
1.451	17.32	45.07
1.451	17.32	45.07
1.451	17.31	45.07
1.452	17.31	45.07
1.452	17.31	45.07
1.453	17.31	45.07
1.453	17.30	45.07
1.453	17.29	45.07
1.453	17.29	45.07
1.454	17.28	45.07
1.454	17.28	45.07
1.454	17.28	45.07
1.455	17.27	45.07
1.455	17.27	45.07
1.455	17.27	45.07
1.455	17.27	45.07
1.456	17.26	45.07
1.456	17.26	45.07
1.456	17.26	45.07
1.457	17.24	45.07
1.457	17.23	45.07
1.457	17.23	45.07
1.457	17.22	45.07
1.458	17.22	45.07
1.458	17.22	45.07
1.458	17.21	45.07
1.458	17.21	45.07
1.459	17.21	45.07
1.459	17.20	45.07
1.459	17.20	45.07
1.460	17.20	45.07
1.461	17.19	45.07
1.461	17.18	45.07
1.461	17.18	45.07
1.462	17.17	45.07
1.462	17.17	45.07
1.462	17.17	45.07
1.463	17.17	45.06
1.463	17.16	45.06
1.463	17.16	45.06
1.464	17.15	45.06
1.464	17.14	45.06
1.464	17.14	45.06
1.464	17.13	45.06
1.465	17.13	45.06
1.465	17.12	45.06
1.466	17.12	45.06
1.466	17.12	45.06
1.466	17.12	45.06
1.466	17.11	45.06
1.467	17.11	45.06
1.467	17.11	45.06
1.467	17.09	45.06
1.468	17.09	45.06
1.468	17.09	45.06
1.469	17.08	45.06
1.469	17.08	45.06
1.469	17.07	45.06
1.470	17.06	45.06
1.471	17.06	45.06
1.471	17.05	45.06
1.471	17.05	45.06
1.471	17.05	45.06
1.472	17.04	45.06
1.472	17.03	45.06
1.473	17.03	45.06
1.473	17.02	45.06
1.474	17.02	45.06
1.474	17.02	45.06
1.474	17.01	45.06
1.475	17.01	45.06
1.475	17.01	45.05
1.475	17.01	45.05
1.475	17.01	45.05
1.476	17.00	45.05
1.476	17.00	45.05
1.476	16.99	45.05
1.477	16.98	45.05
1.477	16.98	45.05
1.478	16.97	45.05
1.478	16.97	45.05
1.478	16.97	45.05
1.479	16.96	45.05
1.479	16.96	45.05
1.479	16.95	45.05
1.480	16.94	45.05
1.480	16.94	45.05
1.480	16.94	45.05
1.480	16.93	45.05
1.480	16.93	45.05
1.480	16.93	45.05
1.480	16.93	45.05
1.481	16.93	45.05
1.481	16.93	45.05
1.481	16.93	45.05
1.482	16.92	45.05
1.482	16.92	45.05
1.482	16.92	45.05
1.482	16.92	45.05
1.482	16.92	45.05
1.482	16.92	45.05
1.482	16.91	45.05
1.483	16.91	45.05
1.483	16.91	45.05
1.483	16.91	45.05
1.483	16.90	45.05
1.484	16.89	45.05
1.485	16.88	45.05
1.485	16.87	45.05
1.486	16.87	45.05
1.486	16.87	45.05
1.486	16.86	45.05
1.486	16.86	45.05
1.486	16.86	45.05
1.487	16.86	45.05
1.487	16.86	45.05
1.488	16.85	45.05
1.488	16.84	45.05
1.488	16.84	45.05
1.489	16.83	45.05
1.489	16.83	45.05
1.489	16.83	45.05
1.489	16.83	45.05
1.489	16.83	45.05
1.489	16.83	45.05
1.489	16.83	45.05
1.489	16.83	45.05
1.489	16.82	45.05
1.489	16.82	45.05
1.490	16.81	45.05
1.490	16.81	45.05
1.490	16.80	45.05
1.490	16.80	45.04
1.490	16.80	45.04
1.491	16.80	45.04
1.491	16.80	45.04
1.491	16.80	45.04
1.491	16.79	45.04
1.492	16.78	45.04
1.492	16.77	45.04
1.493	16.77	45.04
1.493	16.77	45.04
1.493	16.76	45.04
1.494	16.76	45.04
1.495	16.76	45.04
1.496	16.75	45.04
1.497	16.74	45.04
1.497	16.73	45.04
1.497	16.73	45.04
1.497	16.72	45.04
1.497	16.72	45.04
1.498	16.72	45.04
1.499	16.71	45.04
1.500	16.69	45.04
1.501	16.69	45.04
1.501	16.67	45.04
1.502	16.66	45.04
1.503	16.65	45.04
1.504	16.65	45.04
1.504	16.64	45.04
1.504	16.64	45.04
1.505	16.63	45.04
1.506	16.63	45.04
1.506	16.62	45.04
1.507	16.61	45.04
1.507	16.61	45.04
1.508	16.60	45.04
1.508	16.60	45.04
1.509	16.60	45.04
1.509	16.59	45.04
1.509	16.59	45.04
1.510	16.58	45.04
1.510	16.58	45.04
1.510	16.57	45.04
1.511	16.57	45.04
1.511	16.56	45.04
1.512	16.56	45.04
1.512	16.55	45.04
1.512	16.55	45.04
1.512	16.55	45.04
1.513	16.54	45.04
1.513	16.54	45.04
1.513	16.54	45.04
1.513	16.53	45.04
1.514	16.53	45.04
1.515	16.52	45.04
1.515	16.51	45.04
1.515	16.51	45.04
1.516	16.51	45.04
1.516	16.51	45.04
1.516	16.51	45.04
1.516	16.50	45.04
1.516	16.49	45.04
1.517	16.48	45.04
1.517	16.47	45.04
1.518	16.47	45.03
1.518	16.46	45.04
1.519	16.46	45.03
1.519	16.45	45.03
1.520	16.44	45.03
1.521	16.44	45.03
1.521	16.43	45.03
1.522	16.43	45.03
1.523	16.42	45.03
1.524	16.41	45.03
1.524	16.40	45.03
1.524	16.39	45.03
1.525	16.39	45.03
1.525	16.38	45.03
1.526	16.38	45.03
1.526	16.37	45.03
1.527	16.37	45.03
1.527	16.36	45.03
1.528	16.35	45.03
1.528	16.35	45.03
1.529	16.34	45.03
1.529	16.33	45.03
1.530	16.32	45.03
1.531	16.31	45.03
1.531	16.31	45.03
1.531	16.30	45.03
1.532	16.30	45.03
1.532	16.30	45.03
1.532	16.30	45.03
1.532	16.29	45.02
1.533	16.29	45.03
1.533	16.28	45.02
1.534	16.27	45.02
1.535	16.26	45.02
1.535	16.26	45.02
1.535	16.25	45.02
1.536	16.24	45.02
1.536	16.24	45.02
1.537	16.23	45.02
1.537	16.22	45.02
1.538	16.22	45.02
1.539	16.21	45.02
1.540	16.20	45.02
1.540	16.20	45.02
1.541	16.19	45.02
1.541	16.19	45.02
1.542	16.18	45.02
1.542	16.18	45.02
1.543	16.17	45.02
1.543	16.16	45.02
1.544	16.15	45.02
1.544	16.15	45.02
1.545	16.14	45.02
1.545	16.14	45.02
1.546	16.13	45.02
1.546	16.13	45.02
1.546	16.12	45.02
1.547	16.12	45.02
1.547	16.12	45.02
1.547	16.11	45.02
1.548	16.11	45.02
1.549	16.10	45.02
1.549	16.10	45.02
1.550	16.09	45.02
1.550	16.09	45.02
1.550	16.08	45.02
1.551	16.08	45.02
1.552	16.08	45.02
1.552	16.07	45.02
1.552	16.06	45.02
1.553	16.06	45.02
1.553	16.06	45.02
1.553	16.05	45.02
1.554	16.05	45.02
1.554	16.04	45.02
1.555	16.04	45.02
1.555	16.03	45.02
1.555	16.03	45.02
1.555	16.03	45.02
1.555	16.02	45.02
1.556	16.02	45.02
1.556	16.00	45.02
1.557	16.00	45.02
1.558	15.99	45.02
1.558	15.99	45.02
1.559	15.99	45.02
1.559	15.99	45.02
1.560	15.97	45.02
1.560	15.96	45.02
1.561	15.96	45.02
1.561	15.95	45.02
1.562	15.94	45.02
1.562	15.94	45.02
1.563	15.94	45.02
1.563	15.94	45.02
1.563	15.93	45.02
1.564	15.92	45.01
1.564	15.93	45.01
1.565	15.92	45.01
1.565	15.91	45.01
1.565	15.91	45.01
1.566	15.90	45.01
1.566	15.89	45.01
1.566	15.88	45.01
1.567	15.88	45.01
1.567	15.88	45.01
1.567	15.87	45.01
1.567	15.88	45.01
1.567	15.88	45.01
1.567	15.88	45.01
1.568	15.87	45.01
1.568	15.87	45.01
1.568	15.87	45.01
1.568	15.87	45.01
1.569	15.87	45.01
1.569	15.86	45.01
1.570	15.86	45.01
1.570	15.85	45.01
1.570	15.85	45.01
1.571	15.84	45.01
1.572	15.82	45.01
1.572	15.82	45.01
1.573	15.81	45.01
1.573	15.81	45.01
1.573	15.81	45.01
1.573	15.81	45.01
1.574	15.81	45.01
1.574	15.81	45.01
1.574	15.81	45.01
1.574	15.81	45.01
1.575	15.80	45.01
1.576	15.79	45.01
1.576	15.78	45.01
1.577	15.77	45.01
1.578	15.77	45.01
1.578	15.76	45.01
1.578	15.76	45.01
1.579	15.75	45.01
1.579	15.75	45.01
1.579	15.75	45.01
1.580	15.74	45.01
1.580	15.74	45.01
1.580	15.73	45.01
1.581	15.73	45.01
1.581	15.73	45.01
1.581	15.73	45.01
1.582	15.73	45.01
1.582	15.72	45.01
1.582	15.71	45.01
1.583	15.70	45.01
1.583	15.70	45.01
1.583	15.70	45.01
1.584	15.69	45.01
1.584	15.68	45.01
1.585	15.68	45.01
1.586	15.67	45.01
1.586	15.67	45.01
1.586	15.67	45.01
1.587	15.66	45.01
1.588	15.66	45.01
1.588	15.66	45.01
1.588	15.65	45.01
1.589	15.65	45.01
1.589	15.65	45.01
1.589	15.65	45.01
1.589	15.65	45.00
1.590	15.64	45.00
1.590	15.64	45.00
1.590	15.64	45.00
1.590	15.63	45.00
1.590	15.63	45.00
1.591	15.63	45.00
1.591	15.63	45.00
1.592	15.62	45.00
1.592	15.62	45.00
1.592	15.61	45.00
1.592	15.61	45.00
1.593	15.60	45.00
1.593	15.60	45.00
1.594	15.60	45.00
1.594	15.59	45.00
1.594	15.59	45.00
1.595	15.59	45.00
1.596	15.57	45.00
1.596	15.56	45.00
1.597	15.56	45.00
1.598	15.55	45.00
1.598	15.55	45.00
1.599	15.55	45.00
1.599	15.54	45.00
1.599	15.54	45.00
1.600	15.52	45.00
1.600	15.52	45.00
1.601	15.51	45.00
1.601	15.51	45.00
1.602	15.51	45.00
1.602	15.51	45.00
1.603	15.50	45.00
1.603	15.50	45.00
1.604	15.48	45.00
1.604	15.48	45.00
1.605	15.47	45.00
1.605	15.47	45.00
1.605	15.47	45.00
1.605	15.47	45.00
1.606	15.46	45.00
1.606	15.46	45.00
1.606	15.46	45.00
1.606	15.46	45.00
1.607	15.46	45.00
1.607	15.45	45.00
1.607	15.45	45.00
1.607	15.44	45.00
1.608	15.44	45.00
1.608	15.43	45.00
1.608	15.43	45.00
1.608	15.43	45.00
1.608	15.43	45.00
1.609	15.43	45.00
1.609	15.43	45.00
1.609	15.43	45.00
1.609	15.43	45.00
1.609	15.43	45.00
1.610	15.42	45.00
1.610	15.41	45.00
1.610	15.41	45.00
1.611	15.40	45.00
1.611	15.40	45.00
1.612	15.39	45.00
1.612	15.39	45.00
1.612	15.39	45.00
1.613	15.38	45.00
1.613	15.38	45.00
1.613	15.38	45.00
1.613	15.38	45.00
1.613	15.38	45.00
1.614	15.37	45.00
1.614	15.37	45.00
1.615	15.37	45.00
1.615	15.37	45.00
1.615	15.37	45.00
1.615	15.37	44.99
1.615	15.37	44.99
1.615	15.35	44.99
1.616	15.35	44.99
1.617	15.34	44.99
1.617	15.34	44.99
1.618	15.33	44.99
1.618	15.33	44.99
1.619	15.32	44.99
1.619	15.32	44.99
1.620	15.31	44.99
1.620	15.31	44.99
1.620	15.31	44.99
1.620	15.30	44.99
1.621	15.30	44.99
1.621	15.29	44.99
1.622	15.29	44.99
1.622	15.29	44.99
1.623	15.28	44.99
1.623	15.27	44.99
1.624	15.27	44.99
1.625	15.26	44.99
1.625	15.25	44.99
1.625	15.24	44.99
1.626	15.24	44.99
1.626	15.24	44.99
1.627	15.24	44.99
1.627	15.24	44.99
1.627	15.24	44.99
1.628	15.24	44.99
1.628	15.24	44.99
1.629	15.23	44.99
1.629	15.22	44.99
1.630	15.22	44.99
1.630	15.22	44.99
1.631	15.21	44.99
1.631	15.20	44.98
1.631	15.20	44.98
1.632	15.19	44.98
1.632	15.19	44.98
1.632	15.19	44.98
1.632	15.19	44.98
1.633	15.19	44.98
1.633	15.19	44.98
1.633	15.19	44.98
1.633	15.19	44.98
1.633	15.19	44.98
1.633	15.19	44.98
1.633	15.19	44.98
1.634	15.19	44.98
1.634	15.18	44.98
1.634	15.18	44.98
1.634	15.17	44.98
1.635	15.16	44.98
1.635	15.16	44.98
1.635	15.16	44.98
1.636	15.15	44.98
1.636	15.15	44.98
1.637	15.15	44.98
1.637	15.15	44.98
1.637	15.14	44.98
1.638	15.13	44.98
1.639	15.13	44.98
1.639	15.13	44.98
1.639	15.12	44.98
1.640	15.12	44.98
1.640	15.12	44.98
1.640	15.12	44.98
1.640	15.12	44.98
1.641	15.11	44.98
1.641	15.09	44.98
1.642	15.09	44.98
1.642	15.09	44.98
1.642	15.09	44.98
1.643	15.08	44.98
1.643	15.08	44.98
1.644	15.08	44.98
1.645	15.07	44.98
1.645	15.06	44.98
1.645	15.06	44.98
1.646	15.05	44.98
1.646	15.04	44.98
1.647	15.04	44.98
1.647	15.04	44.98
1.647	15.03	44.98
1.648	15.02	44.98
1.649	15.01	44.98
1.649	15.01	44.98
1.650	15.00	44.98
1.650	15.00	44.97
1.651	15.00	44.97
1.651	14.99	44.97
1.651	14.99	44.97
1.652	14.98	44.97
1.652	14.98	44.97
1.652	14.98	44.97
1.653	14.98	44.97
1.653	14.98	44.97
1.653	14.98	44.97
1.653	14.97	44.97
1.654	14.96	44.97
1.654	14.96	44.97
1.654	14.96	44.97
1.655	14.96	44.97
1.655	14.95	44.97
1.656	14.95	44.97
1.656	14.95	44.97
1.657	14.94	44.97
1.657	14.93	44.97
1.658	14.93	44.97
1.658	14.92	44.97
1.658	14.92	44.97
1.658	14.92	44.97
1.659	14.92	44.97
1.659	14.91	44.97
1.660	14.91	44.97
1.660	14.91	44.97
1.660	14.90	44.97
1.661	14.89	44.97
1.661	14.89	44.97
1.662	14.89	44.97
1.662	14.88	44.97
1.663	14.87	44.97
1.664	14.86	44.97
1.666	14.85	44.97
1.666	14.85	44.97
1.667	14.84	44.97
1.668	14.84	44.97
1.668	14.83	44.97
1.669	14.82	44.97
1.669	14.82	44.97
1.670	14.81	44.97
1.671	14.81	44.97
1.672	14.80	44.97
1.672	14.79	44.97
1.673	14.79	44.97
1.674	14.78	44.97
1.674	14.77	44.97
1.675	14.76	44.97
1.676	14.76	44.97
1.677	14.76	44.97
1.677	14.75	44.97
1.678	14.75	44.97
1.678	14.74	44.97
1.678	14.74	44.97
1.679	14.73	44.97
1.679	14.73	44.97
1.679	14.73	44.97
1.680	14.73	44.97
1.680	14.72	44.97
1.681	14.72	44.97
1.681	14.72	44.96
1.681	14.72	44.96
1.682	14.71	44.96
1.682	14.71	44.96
1.682	14.71	44.96
1.683	14.71	44.96
1.683	14.71	44.96
1.683	14.70	44.96
1.684	14.70	44.96
1.684	14.69	44.96
1.685	14.68	44.96
1.686	14.67	44.96
1.687	14.66	44.96
1.689	14.65	44.96
1.690	14.64	44.96
1.690	14.64	44.96
1.690	14.62	44.96
1.691	14.61	44.96
1.692	14.61	44.96
1.693	14.60	44.96
1.693	14.59	44.96
1.694	14.58	44.96
1.695	14.58	44.96
1.696	14.58	44.96
1.696	14.57	44.96
1.697	14.56	44.96
1.697	14.55	44.96
1.698	14.55	44.96
1.698	14.55	44.96
1.699	14.54	44.96
1.700	14.54	44.96
1.700	14.53	44.96
1.700	14.53	44.96
1.701	14.53	44.95
1.701	14.52	44.95
1.702	14.52	44.95
1.702	14.51	44.95
1.703	14.51	44.95
1.703	14.51	44.95
1.704	14.49	44.95
1.704	14.49	44.95
1.704	14.48	44.95
1.705	14.47	44.95
1.705	14.47	44.95
1.706	14.47	44.95
1.706	14.47	44.95
1.707	14.46	44.95
1.708	14.45	44.95
1.708	14.44	44.95
1.709	14.43	44.95
1.710	14.43	44.95
1.711	14.43	44.95
1.711	14.42	44.95
1.711	14.42	44.95
1.711	14.41	44.95
1.711	14.41	44.95
1.712	14.42	44.95
1.712	14.42	44.95
1.712	14.41	44.95
1.713	14.41	44.95
1.714	14.39	44.95
1.717	14.37	44.95
1.719	14.36	44.95
1.719	14.35	44.95
1.720	14.35	44.95
1.721	14.34	44.95
1.722	14.34	44.95
1.722	14.33	44.95
1.722	14.32	44.95
1.723	14.31	44.95
1.724	14.31	44.95
1.724	14.30	44.95
1.724	14.30	44.95
1.725	14.30	44.95
1.725	14.30	44.95
1.725	14.30	44.95
1.725	14.30	44.95
1.725	14.30	44.95
1.725	14.30	44.95
1.725	14.30	44.95
1.725	14.29	44.95
1.725	14.29	44.95
1.725	14.29	44.95
1.726	14.29	44.95
1.726	14.29	44.95
1.727	14.28	44.95
1.727	14.28	44.95
1.727	14.28	44.95
1.727	14.27	44.95
1.727	14.27	44.95
1.727	14.27	44.95
1.727	14.28	44.95
1.727	14.28	44.95
1.727	14.27	44.95
1.727	14.27	44.95
1.727	14.27	44.95
1.727	14.27	44.95
1.727	14.27	44.95
1.727	14.27	44.95
1.727	14.26	44.95
1.727	14.26	44.95
1.727	14.27	44.95
1.727	14.27	44.95
1.727	14.27	44.95
1.727	14.26	44.94
1.727	14.26	44.94
1.727	14.26	44.94
1.727	14.26	44.94
1.727	14.26	44.94
1.727	14.26	44.94
1.727	14.26	44.94
1.727	14.26	44.94
1.727	14.26	44.94
1.727	14.26	44.94
1.727	14.25	44.94
1.728	14.26	44.94
1.728	14.25	44.94
1.729	14.25	44.94
1.729	14.25	44.94
1.729	14.25	44.94
1.730	14.24	44.94
1.731	14.24	44.94
1.732	14.23	44.94
1.732	14.23	44.94
1.733	14.22	44.94
1.733	14.22	44.94
1.734	14.21	44.94
1.735	14.20	44.94
1.735	14.20	44.94
1.736	14.18	44.94
1.738	14.17	44.94
1.741	14.14	44.94
1.744	14.13	44.94
1.745	14.12	44.94
1.746	14.12	44.94
1.746	14.11	44.94
1.747	14.09	44.94
1.748	14.09	44.94
1.749	14.08	44.94
1.749	14.07	44.94
1.750	14.07	44.94
1.750	14.06	44.94
1.751	14.06	44.94
1.751	14.05	44.94
1.752	14.05	44.94
1.753	14.05	44.94
1.754	14.04	44.94
1.754	14.03	44.94
1.755	14.03	44.94
1.755	14.02	44.94
1.756	14.02	44.94
1.756	14.01	44.94
1.756	14.01	44.94
1.757	14.00	44.94
1.757	14.00	44.94
1.758	13.99	44.94
1.758	13.99	44.94
1.758	13.99	44.94
1.759	13.98	44.94
1.760	13.98	44.94
1.760	13.98	44.94
1.761	13.97	44.94
1.761	13.97	44.94
1.762	13.97	44.94
1.762	13.97	44.94
1.763	13.96	44.94
1.763	13.96	44.94
1.763	13.96	44.93
1.764	13.95	44.93
1.764	13.94	44.93
1.765	13.94	44.93
1.766	13.93	44.93
1.767	13.92	44.93
1.767	13.92	44.93
1.767	13.91	44.93
1.768	13.90	44.93
1.769	13.89	44.93
1.771	13.89	44.93
1.772	13.89	44.93
1.773	13.87	44.93
1.773	13.87	44.93
1.774	13.87	44.93
1.775	13.85	44.93
1.776	13.85	44.93
1.776	13.84	44.93
1.777	13.84	44.93
1.778	13.83	44.93
1.778	13.82	44.93
1.779	13.82	44.93
1.779	13.82	44.93
1.780	13.82	44.93
1.781	13.81	44.93
1.781	13.82	44.93
1.782	13.81	44.93
1.782	13.81	44.93
1.782	13.81	44.93
1.782	13.81	44.93
1.782	13.81	44.93
1.782	13.81	44.93
1.783	13.81	44.93
1.783	13.79	44.92
1.783	13.79	44.92
1.784	13.78	44.92
1.784	13.77	44.92
1.784	13.77	44.92
1.785	13.77	44.92
1.785	13.77	44.92
1.785	13.76	44.92
1.786	13.75	44.92
1.786	13.75	44.92
1.786	13.75	44.92
1.787	13.74	44.92
1.787	13.74	44.92
1.788	13.74	44.92
1.788	13.74	44.92
1.788	13.74	44.92
1.789	13.73	44.92
1.789	13.73	44.92
1.789	13.73	44.92
1.790	13.72	44.92
1.790	13.72	44.92
1.791	13.72	44.92
1.791	13.72	44.92
1.791	13.72	44.92
1.792	13.72	44.92
1.792	13.71	44.92
1.792	13.71	44.92
1.792	13.71	44.92
1.793	13.70	44.92
1.794	13.70	44.92
1.794	13.69	44.92
1.794	13.69	44.92
1.794	13.68	44.92
1.795	13.68	44.92
1.795	13.68	44.92
1.795	13.68	44.92
1.796	13.67	44.92
1.796	13.66	44.92
1.797	13.66	44.92
1.797	13.65	44.92
1.797	13.65	44.92
1.798	13.65	44.92
1.799	13.65	44.92
1.799	13.64	44.92
1.799	13.64	44.92
1.800	13.64	44.92
1.800	13.63	44.92
1.801	13.63	44.92
1.801	13.62	44.92
1.801	13.62	44.92
1.802	13.62	44.92
1.802	13.62	44.92
1.803	13.61	44.92
1.803	13.61	44.92
1.804	13.61	44.92
1.804	13.61	44.92
1.804	13.60	44.92
1.805	13.60	44.92
1.805	13.59	44.92
1.806	13.59	44.92
1.806	13.58	44.92
1.807	13.59	44.92
1.807	13.58	44.92
1.807	13.58	44.92
1.807	13.57	44.92
1.808	13.56	44.92
1.808	13.56	44.92
1.808	13.56	44.92
1.808	13.56	44.91
1.809	13.56	44.91
1.809	13.55	44.91
1.809	13.55	44.91
1.810	13.55	44.91
1.810	13.55	44.91
1.810	13.54	44.91
1.810	13.54	44.91
1.811	13.54	44.91
1.811	13.53	44.91
1.811	13.53	44.91
1.812	13.53	44.91
1.812	13.52	44.91
1.812	13.53	44.91
1.812	13.53	44.91
1.812	13.52	44.91
1.813	13.52	44.91
1.813	13.52	44.91
1.813	13.52	44.91
1.813	13.52	44.91
1.814	13.51	44.91
1.814	13.52	44.91
1.814	13.51	44.91
1.814	13.51	44.91
1.814	13.51	44.91
1.814	13.51	44.91
1.815	13.51	44.91
1.815	13.51	44.91
1.815	13.50	44.91
1.815	13.50	44.91
1.816	13.50	44.91
1.816	13.50	44.91
1.816	13.49	44.91
1.816	13.49	44.91
1.817	13.49	44.91
1.817	13.49	44.91
1.817	13.49	44.91
1.818	13.48	44.91
1.818	13.48	44.91
1.818	13.48	44.91
1.818	13.48	44.91
1.819	13.47	44.91
1.819	13.47	44.91
1.819	13.47	44.91
1.820	13.47	44.91
1.820	13.46	44.91
1.821	13.46	44.91
1.821	13.46	44.91
1.821	13.45	44.91
1.822	13.45	44.91
1.823	13.45	44.91
1.823	13.44	44.91
1.823	13.44	44.91
1.824	13.44	44.91
1.824	13.43	44.91
1.825	13.43	44.91
1.825	13.43	44.91
1.825	13.42	44.91
1.826	13.42	44.91
1.826	13.42	44.91
1.827	13.41	44.91
1.827	13.41	44.91
1.827	13.41	44.91
1.828	13.41	44.91
1.829	13.41	44.91
1.829	13.40	44.90
1.830	13.39	44.90
1.830	13.39	44.90
1.831	13.39	44.90
1.832	13.39	44.90
1.832	13.38	44.90
1.832	13.39	44.90
1.832	13.38	44.90
1.833	13.37	44.90
1.833	13.37	44.90
1.833	13.36	44.90
1.833	13.36	44.90
1.834	13.35	44.90
1.834	13.35	44.90
1.834	13.35	44.90
1.834	13.35	44.90
1.834	13.35	44.90
1.835	13.35	44.90
1.835	13.34	44.90
1.835	13.35	44.90
1.835	13.35	44.90
1.835	13.35	44.90
1.835	13.34	44.90
1.835	13.34	44.90
1.835	13.34	44.90
1.836	13.34	44.90
1.836	13.33	44.90
1.836	13.33	44.90
1.837	13.33	44.90
1.837	13.33	44.90
1.838	13.32	44.90
1.838	13.32	44.90
1.839	13.32	44.90
1.839	13.32	44.90
1.839	13.31	44.90
1.840	13.31	44.90
1.841	13.31	44.90
1.841	13.30	44.90
1.841	13.30	44.90
1.842	13.30	44.90
1.842	13.29	44.90
1.843	13.29	44.90
1.843	13.29	44.90
1.844	13.27	44.90
1.845	13.27	44.90
1.846	13.27	44.90
1.846	13.26	44.90
1.846	13.26	44.90
1.846	13.25	44.90
1.846	13.25	44.90
1.847	13.25	44.90
1.847	13.25	44.90
1.848	13.25	44.90
1.848	13.25	44.90
1.848	13.24	44.90
1.848	13.24	44.90
1.849	13.24	44.90
1.849	13.24	44.90
1.849	13.24	44.90
1.849	13.24	44.90
1.850	13.24	44.90
1.849	13.24	44.90
1.849	13.23	44.90
1.850	13.23	44.90
1.850	13.23	44.90
1.850	13.23	44.90
1.852	13.20	44.90
1.854	13.19	44.90
1.854	13.19	44.90
1.855	13.18	44.90
1.855	13.18	44.90
1.856	13.17	44.89
1.857	13.17	44.89
1.857	13.16	44.90
1.858	13.17	44.89
1.858	13.16	44.89
1.858	13.16	44.89
1.859	13.16	44.89
1.860	13.15	44.89
1.860	13.15	44.89
1.860	13.15	44.89
1.860	13.15	44.89
1.861	13.14	44.89
1.862	13.14	44.89
1.862	13.14	44.89
1.862	13.13	44.89
1.862	13.12	44.89
1.863	13.12	44.89
1.864	13.11	44.89
1.864	13.11	44.89
1.865	13.10	44.89
1.866	13.10	44.89
1.866	13.10	44.89
1.866	13.10	44.89
1.866	13.10	44.89
1.867	13.10	44.89
1.867	13.09	44.89
1.867	13.09	44.89
1.868	13.08	44.89
1.868	13.09	44.89
1.869	13.08	44.89
1.869	13.08	44.89
1.869	13.08	44.89
1.870	13.07	44.89
1.870	13.07	44.89
1.870	13.07	44.89
1.871	13.07	44.88
1.871	13.06	44.89
1.872	13.06	44.88
1.872	13.06	44.88
1.873	13.05	44.88
1.873	13.05	44.88
1.873	13.05	44.88
1.874	13.04	44.88
1.874	13.04	44.88
1.875	13.04	44.88
1.875	13.03	44.88
1.875	13.02	44.88
1.876	13.03	44.88
1.876	13.02	44.88
1.876	13.02	44.88
1.877	13.01	44.88
1.877	13.01	44.88
1.878	13.00	44.88
1.879	13.00	44.88
1.879	13.00	44.88
1.879	12.99	44.88
1.880	12.99	44.88
1.881	12.99	44.88
1.881	12.99	44.88
1.881	12.99	44.88
1.881	12.99	44.88
1.881	12.99	44.88
1.881	12.98	44.88
1.882	12.97	44.88
1.883	12.97	44.88
1.883	12.96	44.88
1.884	12.96	44.88
1.885	12.96	44.88
1.886	12.95	44.88
1.886	12.95	44.88
1.886	12.95	44.88
1.887	12.94	44.88
1.887	12.94	44.88
1.888	12.93	44.88
1.888	12.93	44.88
1.889	12.93	44.88
1.889	12.92	44.88
1.889	12.92	44.88
1.889	12.92	44.88
1.890	12.92	44.88
1.890	12.92	44.88
1.891	12.92	44.88
1.891	12.92	44.88
1.891	12.92	44.88
1.891	12.91	44.88
1.891	12.91	44.88
1.892	12.91	44.88
1.892	12.90	44.88
1.892	12.90	44.88
1.893	12.89	44.88
1.893	12.89	44.88
1.894	12.89	44.88
1.895	12.88	44.88
1.895	12.88	44.88
1.895	12.88	44.88
1.896	12.87	44.88
1.896	12.87	44.88
1.896	12.86	44.88
1.897	12.86	44.88
1.898	12.85	44.88
1.898	12.85	44.88
1.899	12.85	44.88
1.899	12.84	44.88
1.899	12.84	44.88
1.900	12.84	44.87
1.900	12.84	44.87
1.901	12.83	44.87
1.901	12.83	44.87
1.901	12.82	44.87
1.902	12.83	44.87
1.902	12.82	44.87
1.903	12.82	44.87
1.903	12.81	44.87
1.904	12.80	44.87
1.904	12.80	44.87
1.905	12.80	44.87
1.906	12.79	44.87
1.906	12.79	44.87
1.907	12.79	44.87
1.907	12.79	44.87
1.907	12.78	44.87
1.907	12.79	44.87
1.907	12.78	44.87
1.907	12.78	44.87
1.908	12.78	44.87
1.908	12.78	44.87
1.908	12.77	44.87
1.909	12.77	44.87
1.909	12.76	44.87
1.910	12.76	44.87
1.910	12.76	44.87
1.911	12.75	44.87
1.911	12.75	44.87
1.912	12.74	44.87
1.912	12.74	44.87
1.913	12.74	44.87
1.913	12.73	44.87
1.914	12.73	44.87
1.914	12.73	44.87
1.914	12.73	44.87
1.915	12.72	44.87
1.916	12.72	44.87
1.916	12.71	44.87
1.917	12.71	44.87
1.917	12.70	44.87
1.917	12.70	44.87
1.918	12.69	44.87
1.918	12.69	44.87
1.919	12.69	44.87
1.919	12.68	44.87
1.919	12.68	44.87
1.920	12.68	44.87
1.920	12.68	44.87
1.920	12.68	44.87
1.920	12.68	44.87
1.921	12.67	44.87
1.921	12.67	44.87
1.921	12.66	44.87
1.922	12.66	44.87
1.922	12.66	44.87
1.922	12.65	44.87
1.922	12.65	44.87
1.923	12.65	44.87
1.923	12.65	44.87
1.923	12.65	44.87
1.923	12.65	44.87
1.924	12.65	44.87
1.924	12.64	44.87
1.924	12.64	44.87
1.925	12.64	44.87
1.925	12.64	44.86
1.925	12.63	44.86
1.926	12.63	44.86
1.926	12.63	44.86
1.927	12.63	44.86
1.927	12.62	44.86
1.928	12.63	44.86
1.928	12.63	44.86
1.928	12.62	44.86
1.929	12.62	44.86
1.929	12.61	44.86
1.930	12.60	44.86
1.930	12.60	44.86
1.930	12.60	44.86
1.930	12.60	44.86
1.931	12.60	44.86
1.931	12.60	44.86
1.931	12.60	44.86
1.931	12.60	44.86
1.931	12.59	44.86
1.931	12.60	44.86
1.932	12.59	44.86
1.932	12.59	44.86
1.933	12.58	44.86
1.934	12.57	44.86
1.935	12.57	44.86
1.935	12.57	44.86
1.935	12.57	44.86
1.935	12.57	44.86
1.936	12.57	44.86
1.936	12.57	44.86
1.936	12.57	44.86
1.936	12.57	44.86
1.937	12.56	44.86
1.937	12.56	44.86
1.938	12.55	44.86
1.939	12.54	44.86
1.940	12.53	44.85
1.941	12.52	44.85
1.942	12.52	44.85
1.942	12.51	44.85
1.943	12.51	44.85
1.944	12.51	44.85
1.945	12.51	44.85
1.945	12.50	44.85
1.945	12.50	44.85
1.946	12.50	44.85
1.946	12.50	44.85
1.946	12.50	44.85
1.945	12.50	44.85
1.945	12.50	44.85
1.945	12.49	44.85
1.945	12.50	44.85
1.945	12.50	44.85
1.945	12.50	44.85
1.945	12.50	44.85
1.945	12.50	44.85
1.945	12.50	44.85
1.945	12.50	44.85
1.945	12.49	44.85
1.946	12.49	44.85
1.947	12.49	44.85
1.948	12.48	44.85
1.948	12.48	44.85
1.949	12.48	44.85
1.949	12.48	44.85
1.950	12.47	44.85
1.950	12.46	44.85
1.951	12.46	44.85
1.952	12.46	44.85
1.953	12.46	44.85
1.953	12.45	44.85
1.953	12.45	44.85
1.954	12.44	44.85
1.954	12.44	44.85
1.955	12.44	44.85
1.955	12.44	44.85
1.955	12.43	44.85
1.955	12.44	44.85
1.955	12.43	44.85
1.956	12.43	44.85
1.956	12.43	44.85
1.956	12.43	44.85
1.957	12.42	44.85
1.957	12.42	44.85
1.957	12.42	44.85
1.957	12.42	44.85
1.957	12.42	44.85
1.957	12.42	44.85
1.957	12.42	44.85
1.957	12.42	44.85
1.957	12.42	44.85
1.958	12.41	44.85
1.958	12.41	44.85
1.959	12.40	44.85
1.960	12.40	44.85
1.961	12.40	44.85
1.961	12.40	44.85
1.962	12.40	44.85
1.963	12.39	44.85
1.963	12.39	44.85
1.964	12.38	44.84
1.964	12.38	44.84
1.965	12.38	44.84
1.966	12.38	44.84
1.966	12.36	44.84
1.966	12.35	44.84
1.968	12.35	44.84
1.969	12.34	44.84
1.970	12.34	44.84
1.971	12.34	44.84
1.971	12.33	44.84
1.972	12.32	44.84
1.973	12.31	44.84
1.974	12.31	44.84
1.974	12.30	44.84
1.974	12.30	44.84
1.975	12.30	44.84
1.976	12.29	44.84
1.976	12.29	44.84
1.977	12.28	44.84
1.978	12.27	44.84
1.979	12.27	44.84
1.979	12.26	44.84
1.979	12.27	44.84
1.980	12.26	44.84
1.981	12.25	44.84
1.982	12.25	44.84
1.982	12.25	44.84
1.983	12.24	44.84
1.984	12.23	44.84
1.985	12.22	44.84
1.986	12.22	44.84
1.987	12.22	44.84
1.988	12.22	44.84
1.988	12.20	44.84
1.989	12.20	44.84
1.990	12.20	44.84
1.990	12.20	44.84
1.990	12.19	44.84
1.991	12.19	44.84
1.991	12.18	44.84
1.992	12.18	44.84
1.992	12.18	44.84
1.992	12.18	44.84
1.992	12.17	44.84
1.993	12.18	44.84
1.993	12.17	44.84
1.994	12.17	44.84
1.995	12.16	44.84
1.995	12.16	44.84
1.995	12.16	44.84
1.996	12.15	44.84
1.997	12.15	44.84
1.997	12.15	44.84
1.997	12.14	44.84
1.998	12.14	44.84
1.999	12.14	44.84
2.000	12.13	44.84
2.000	12.13	44.84
2.001	12.13	44.84
2.001	12.12	44.84
2.002	12.11	44.84
2.002	12.12	44.84
2.003	12.11	44.84
2.003	12.11	44.84
2.004	12.10	44.84
2.005	12.09	44.84
2.006	12.09	44.83
2.007	12.08	44.83
2.008	12.08	44.83
2.009	12.08	44.83
2.010	12.07	44.83
2.011	12.05	44.83
2.012	12.04	44.83
2.013	12.03	44.83
2.015	12.03	44.83
2.015	12.03	44.83
2.016	12.02	44.83
2.017	12.02	44.83
2.017	12.02	44.83
2.018	12.00	44.83
2.018	12.00	44.83
2.019	12.00	44.83
2.019	11.99	44.83
2.019	12.00	44.83
2.019	12.00	44.83
2.020	11.99	44.83
2.021	11.99	44.83
2.021	11.98	44.83
2.023	11.97	44.83
2.023	11.97	44.83
2.024	11.97	44.83
2.024	11.96	44.83
2.024	11.96	44.83
2.024	11.96	44.83
2.024	11.96	44.83
2.024	11.96	44.83
2.024	11.97	44.83
2.024	11.96	44.83
2.024	11.96	44.82
2.024	11.96	44.82
2.025	11.96	44.82
2.025	11.95	44.82
2.027	11.95	44.82
2.028	11.94	44.82
2.028	11.93	44.82
2.029	11.93	44.82
2.030	11.93	44.82
2.031	11.91	44.82
2.032	11.90	44.82
2.032	11.90	44.82
2.033	11.90	44.82
2.033	11.89	44.82
2.035	11.89	44.82
2.036	11.89	44.82
2.037	11.88	44.82
2.038	11.87	44.82
2.039	11.86	44.82
2.039	11.86	44.82
2.039	11.86	44.82
2.040	11.85	44.82
2.040	11.85	44.82
2.041	11.85	44.82
2.041	11.84	44.82
2.042	11.84	44.82
2.044	11.83	44.82
2.045	11.82	44.82
2.046	11.81	44.82
2.047	11.80	44.82
2.048	11.80	44.82
2.049	11.80	44.82
2.050	11.79	44.82
2.051	11.78	44.82
2.052	11.78	44.82
2.054	11.77	44.82
2.054	11.77	44.82
2.055	11.75	44.82
2.056	11.74	44.82
2.057	11.74	44.82
2.058	11.73	44.82
2.058	11.73	44.82
2.058	11.73	44.82
2.059	11.73	44.82
2.059	11.72	44.82
2.059	11.72	44.82
2.060	11.72	44.82
2.061	11.71	44.82
2.062	11.71	44.82
2.063	11.70	44.82
2.063	11.70	44.82
2.064	11.69	44.82
2.064	11.69	44.82
2.065	11.68	44.82
2.066	11.67	44.82
2.066	11.67	44.82
2.067	11.67	44.82
2.067	11.67	44.82
2.068	11.66	44.82
2.069	11.66	44.82
2.070	11.66	44.82
2.071	11.65	44.82
2.072	11.66	44.82
2.072	11.65	44.82
2.073	11.64	44.82
2.074	11.64	44.82
2.075	11.63	44.82
2.076	11.62	44.82
2.076	11.62	44.82
2.077	11.62	44.82
2.078	11.61	44.82
2.079	11.60	44.82
2.080	11.60	44.82
2.080	11.60	44.82
2.081	11.59	44.82
2.082	11.59	44.82
2.082	11.59	44.82
2.083	11.58	44.81
2.083	11.58	44.81
2.085	11.56	44.81
2.086	11.55	44.81
2.087	11.55	44.81
2.088	11.55	44.81
2.088	11.55	44.81
2.089	11.55	44.81
2.089	11.54	44.81
2.090	11.54	44.81
2.090	11.54	44.81
2.090	11.54	44.81
2.092	11.53	44.81
2.092	11.53	44.81
2.093	11.52	44.81
2.093	11.51	44.81
2.094	11.51	44.81
2.095	11.51	44.81
2.096	11.51	44.81
2.096	11.50	44.81
2.096	11.50	44.81
2.096	11.50	44.81
2.096	11.50	44.81
2.096	11.50	44.81
2.096	11.49	44.81
2.097	11.49	44.81
2.098	11.48	44.81
2.100	11.48	44.81
2.101	11.47	44.81
2.102	11.46	44.81
2.102	11.46	44.81
2.103	11.45	44.81
2.104	11.45	44.81
2.105	11.44	44.81
2.105	11.44	44.81
2.106	11.44	44.81
2.108	11.43	44.81
2.109	11.43	44.81
2.109	11.42	44.81
2.110	11.42	44.81
2.110	11.42	44.81
2.111	11.41	44.81
2.112	11.41	44.81
2.113	11.39	44.81
2.115	11.37	44.81
2.117	11.37	44.81
2.117	11.37	44.81
2.117	11.37	44.81
2.119	11.36	44.81
2.122	11.34	44.81
2.124	11.33	44.81
2.125	11.33	44.81
2.126	11.32	44.81
2.127	11.32	44.81
2.127	11.31	44.81
2.127	11.31	44.81
2.127	11.31	44.81
2.128	11.31	44.81
2.128	11.31	44.81
2.129	11.30	44.81
2.130	11.30	44.81
2.131	11.29	44.81
2.131	11.29	44.81
2.132	11.29	44.81
2.132	11.29	44.81
2.133	11.28	44.81
2.133	11.27	44.81
2.134	11.27	44.80
2.135	11.26	44.80
2.136	11.26	44.80
2.136	11.26	44.80
2.136	11.26	44.80
2.137	11.25	44.80
2.138	11.25	44.80
2.139	11.24	44.80
2.139	11.23	44.80
2.140	11.23	44.80
2.141	11.22	44.80
2.141	11.22	44.80
2.142	11.22	44.80
2.143	11.21	44.80
2.144	11.21	44.80
2.145	11.21	44.80
2.146	11.20	44.80
2.148	11.19	44.80
2.149	11.18	44.80
2.150	11.18	44.80
2.151	11.18	44.80
2.152	11.17	44.80
2.153	11.17	44.80
2.153	11.16	44.80
2.153	11.16	44.80
2.153	11.16	44.80
2.153	11.16	44.80
2.154	11.16	44.80
2.154	11.15	44.80
2.155	11.15	44.80
2.155	11.15	44.80
2.156	11.15	44.80
2.156	11.15	44.80
2.157	11.14	44.80
2.159	11.13	44.80
2.161	11.12	44.80
2.164	11.10	44.80
2.166	11.09	44.80
2.167	11.08	44.80
2.169	11.08	44.80
2.169	11.07	44.80
2.170	11.06	44.80
2.171	11.05	44.80
2.172	11.05	44.80
2.172	11.05	44.80
2.172	11.05	44.80
2.172	11.05	44.80
2.172	11.04	44.80
2.173	11.04	44.80
2.175	11.03	44.80
2.176	11.03	44.80
2.178	11.01	44.80
2.179	11.00	44.80
2.180	11.01	44.80
2.181	11.00	44.80
2.182	10.99	44.80
2.184	10.98	44.80
2.185	10.98	44.80
2.187	10.96	44.80
2.187	10.96	44.80
2.188	10.95	44.80
2.188	10.94	44.80
2.189	10.94	44.80
2.190	10.93	44.80
2.191	10.93	44.80
2.192	10.92	44.80
2.194	10.92	44.80
2.195	10.91	44.80
2.197	10.90	44.80
2.198	10.89	44.79
2.199	10.89	44.79
2.200	10.89	44.79
2.201	10.88	44.79
2.203	10.86	44.79
2.203	10.85	44.79
2.204	10.84	44.79
2.205	10.83	44.79
2.207	10.83	44.79
2.208	10.83	44.79
2.208	10.82	44.79
2.209	10.82	44.79
2.210	10.81	44.79
2.211	10.81	44.79
2.212	10.80	44.79
2.213	10.80	44.79
2.213	10.79	44.79
2.214	10.79	44.79
2.215	10.78	44.79
2.216	10.78	44.79
2.217	10.78	44.79
2.218	10.77	44.79
2.218	10.77	44.79
2.218	10.76	44.79
2.218	10.75	44.79
2.219	10.75	44.79
2.220	10.75	44.79
2.222	10.74	44.79
2.223	10.74	44.79
2.225	10.74	44.79
2.226	10.73	44.79
2.227	10.72	44.79
2.229	10.72	44.79
2.230	10.71	44.79
2.231	10.71	44.79
2.231	10.71	44.79
2.232	10.70	44.79
2.233	10.70	44.79
2.234	10.69	44.79
2.235	10.68	44.79
2.237	10.68	44.79
2.238	10.67	44.79
2.240	10.66	44.78
2.241	10.66	44.78
2.242	10.65	44.78
2.243	10.64	44.78
2.244	10.64	44.78
2.244	10.64	44.78
2.244	10.64	44.78
2.245	10.64	44.78
2.247	10.62	44.78
2.249	10.62	44.78
2.249	10.61	44.78
2.250	10.61	44.78
2.250	10.61	44.78
2.250	10.60	44.78
2.251	10.60	44.78
2.251	10.59	44.78
2.251	10.60	44.78
2.251	10.60	44.78
2.251	10.59	44.78
2.251	10.59	44.78
2.251	10.59	44.78
2.251	10.60	44.78
2.251	10.59	44.78
2.251	10.60	44.78
2.251	10.59	44.78
2.250	10.59	44.78
2.250	10.59	44.78
2.250	10.59	44.78
2.251	10.59	44.78
2.252	10.59	44.78
2.254	10.58	44.78
2.256	10.57	44.78
2.258	10.57	44.78
2.259	10.55	44.78
2.262	10.54	44.78
2.263	10.54	44.78
2.264	10.53	44.78
2.265	10.52	44.78
2.266	10.52	44.78
2.266	10.51	44.78
2.266	10.51	44.78
2.267	10.51	44.78
2.268	10.50	44.78
2.270	10.49	44.78
2.271	10.48	44.78
2.272	10.48	44.78
2.273	10.48	44.78
2.273	10.48	44.78
2.273	10.47	44.78
2.275	10.47	44.78
2.276	10.46	44.78
2.277	10.45	44.78
2.278	10.45	44.78
2.279	10.44	44.78
2.279	10.45	44.78
2.278	10.45	44.78
2.278	10.45	44.78
2.278	10.44	44.78
2.278	10.44	44.78
2.278	10.44	44.78
2.278	10.44	44.78
2.278	10.45	44.78
2.278	10.45	44.77
2.278	10.45	44.78
2.278	10.44	44.77
2.278	10.44	44.77
2.279	10.44	44.77
2.281	10.43	44.77
2.283	10.41	44.77
2.284	10.40	44.77
2.285	10.40	44.77
2.285	10.40	44.77
2.284	10.40	44.77
2.285	10.40	44.77
2.285	10.40	44.77
2.284	10.40	44.77
2.284	10.40	44.77
2.285	10.39	44.77
2.287	10.38	44.77
2.289	10.38	44.77
2.291	10.36	44.77
2.293	10.35	44.77
2.295	10.34	44.77
2.296	10.34	44.77
2.297	10.33	44.77
2.297	10.33	44.77
2.298	10.33	44.77
2.299	10.33	44.77
2.299	10.33	44.77
2.300	10.32	44.77
2.302	10.31	44.77
2.302	10.30	44.77
2.303	10.30	44.77
2.303	10.30	44.77
2.304	10.29	44.77
2.306	10.28	44.77
2.307	10.28	44.77
2.309	10.27	44.77
2.310	10.26	44.77
2.311	10.26	44.77
2.311	10.26	44.77
2.312	10.26	44.77
2.313	10.25	44.77
2.313	10.25	44.77
2.313	10.25	44.77
2.315	10.24	44.77
2.317	10.24	44.77
2.319	10.23	44.77
2.320	10.23	44.77
2.320	10.23	44.77
2.320	10.23	44.77
2.321	10.22	44.77
2.323	10.22	44.77
2.324	10.22	44.77
2.324	10.21	44.77
2.325	10.21	44.77
2.326	10.21	44.77
2.326	10.21	44.77
2.326	10.21	44.77
2.325	10.21	44.77
2.326	10.21	44.77
2.326	10.20	44.77
2.327	10.20	44.77
2.329	10.19	44.77
2.331	10.18	44.77
2.332	10.18	44.77
2.332	10.18	44.77
2.332	10.18	44.77
2.332	10.18	44.77
2.332	10.17	44.77
2.333	10.16	44.77
2.335	10.15	44.76
2.336	10.15	44.76
2.336	10.15	44.76
2.337	10.15	44.76
2.337	10.15	44.76
2.338	10.14	44.76
2.339	10.14	44.76
2.340	10.13	44.76
2.341	10.13	44.76
2.342	10.12	44.76
2.344	10.12	44.76
2.346	10.10	44.76
2.348	10.10	44.76
2.349	10.10	44.76
2.351	10.08	44.76
2.352	10.08	44.76
2.353	10.07	44.76
2.355	10.06	44.76
2.357	10.05	44.76
2.360	10.03	44.76
2.363	10.02	44.76
2.366	10.01	44.76
2.368	10.00	44.76
2.369	10.00	44.76
2.370	9.99	44.76
2.371	9.98	44.76
2.372	9.98	44.76
2.373	9.98	44.76
2.373	9.97	44.76
2.373	9.97	44.76
2.373	9.97	44.76
2.373	9.97	44.76
2.374	9.97	44.76
2.375	9.96	44.76
2.376	9.95	44.76
2.378	9.94	44.76
2.381	9.93	44.76
2.384	9.91	44.76
2.386	9.90	44.76
2.388	9.89	44.76
2.389	9.89	44.75
2.389	9.89	44.75
2.390	9.88	44.75
2.390	9.88	44.75
2.391	9.87	44.75
2.392	9.86	44.75
2.393	9.86	44.75
2.394	9.85	44.75
2.394	9.84	44.75
2.395	9.84	44.75
2.396	9.83	44.75
2.397	9.83	44.75
2.398	9.82	44.75
2.399	9.81	44.75
2.400	9.81	44.75
2.402	9.80	44.75
2.403	9.80	44.75
2.405	9.79	44.75
2.405	9.79	44.75
2.407	9.78	44.75
2.409	9.77	44.75
2.411	9.76	44.75
2.412	9.76	44.75
2.414	9.75	44.75
2.418	9.74	44.75
2.418	9.74	44.75
2.419	9.74	44.75
2.421	9.73	44.75
2.424	9.71	44.75
2.427	9.70	44.75
2.430	9.69	44.75
2.431	9.69	44.75
2.432	9.68	44.75
2.432	9.68	44.75
2.432	9.67	44.75
2.433	9.67	44.75
2.433	9.66	44.75
2.434	9.66	44.75
2.435	9.65	44.75
2.436	9.64	44.75
2.437	9.64	44.75
2.439	9.63	44.75
2.440	9.62	44.75
2.441	9.62	44.75
2.442	9.61	44.75
2.443	9.61	44.75
2.444	9.61	44.75
2.445	9.60	44.75
2.446	9.59	44.75
2.448	9.59	44.75
2.449	9.58	44.75
2.451	9.57	44.75
2.453	9.56	44.75
2.455	9.55	44.75
2.457	9.54	44.75
2.458	9.53	44.75
2.459	9.52	44.75
2.460	9.51	44.75
2.461	9.51	44.75
2.462	9.50	44.75
2.464	9.48	44.75
2.465	9.47	44.75
2.467	9.48	44.75
2.468	9.48	44.75
2.469	9.47	44.75
2.470	9.47	44.75
2.471	9.46	44.75
2.473	9.45	44.75
2.474	9.43	44.75
2.475	9.43	44.75
2.475	9.42	44.75
2.475	9.42	44.75
2.475	9.42	44.75
2.475	9.42	44.75
2.475	9.42	44.75
2.476	9.41	44.75
2.477	9.42	44.74
2.478	9.41	44.75
2.481	9.40	44.74
2.483	9.40	44.74
2.485	9.39	44.74
2.485	9.38	44.74
2.485	9.38	44.74
2.485	9.38	44.74
2.487	9.39	44.74
2.490	9.38	44.74
2.492	9.37	44.74
2.494	9.35	44.74
2.497	9.33	44.74
2.499	9.31	44.74
2.501	9.29	44.74
2.502	9.27	44.74
2.504	9.26	44.74
2.506	9.25	44.74
2.509	9.22	44.74
2.511	9.21	44.74
2.512	9.20	44.74
2.513	9.20	44.74
2.513	9.20	44.74
2.513	9.20	44.74
2.514	9.20	44.74
2.517	9.20	44.74
2.518	9.19	44.74
2.519	9.18	44.74
2.519	9.18	44.74
2.520	9.18	44.74
2.521	9.17	44.74
2.522	9.17	44.74
2.524	9.16	44.74
2.525	9.16	44.74
2.527	9.16	44.74
2.528	9.16	44.74
2.529	9.16	44.74
2.531	9.16	44.74
2.533	9.16	44.74
2.534	9.16	44.74
2.535	9.15	44.74
2.536	9.15	44.74
2.538	9.14	44.74
2.540	9.12	44.74
2.541	9.11	44.74
2.542	9.10	44.74
2.543	9.11	44.74
2.544	9.13	44.74
2.545	9.12	44.74
2.546	9.11	44.74
2.548	9.09	44.74
2.550	9.08	44.74
2.551	9.08	44.74
2.553	9.07	44.74
2.555	9.06	44.74
2.557	9.05	44.74
2.558	9.05	44.74
2.559	9.04	44.74
2.560	9.04	44.74
2.560	9.04	44.74
2.562	9.04	44.74
2.563	9.03	44.74
2.564	9.03	44.73
2.565	9.02	44.73
2.566	9.02	44.73
2.567	9.01	44.73
2.569	9.01	44.73
2.571	9.00	44.73
2.572	9.01	44.73
2.573	9.01	44.73
2.575	9.00	44.73
2.576	9.00	44.73
2.577	8.99	44.73
2.577	8.98	44.73
2.578	8.99	44.73
2.578	8.99	44.73
2.578	8.98	44.73
2.578	8.99	44.73
2.578	8.98	44.73
2.578	8.98	44.73
2.578	8.98	44.73
2.578	8.98	44.73
2.578	8.98	44.73
2.579	8.97	44.73
2.581	8.98	44.73
2.584	8.98	44.73
2.589	8.96	44.73
2.593	8.96	44.73
2.596	8.95	44.73
2.598	8.95	44.73
2.600	8.95	44.73
2.602	8.94	44.73
2.603	8.94	44.73
2.605	8.93	44.73
2.607	8.93	44.73
2.609	8.92	44.73
2.610	8.92	44.73
2.613	8.91	44.73
2.615	8.90	44.73
2.616	8.90	44.73
2.617	8.89	44.73
2.618	8.89	44.73
2.619	8.89	44.73
2.620	8.89	44.73
2.622	8.88	44.73
2.624	8.89	44.73
2.626	8.89	44.73
2.628	8.89	44.73
2.631	8.88	44.73
2.634	8.87	44.73
2.635	8.87	44.73
2.635	8.88	44.73
2.636	8.87	44.73
2.637	8.86	44.73
2.638	8.86	44.73
2.639	8.86	44.73
2.641	8.86	44.73
2.644	8.84	44.73
2.646	8.82	44.73
2.648	8.83	44.73
2.649	8.82	44.73
2.650	8.80	44.73
2.652	8.79	44.73
2.653	8.78	44.72
2.655	8.78	44.72
2.656	8.79	44.72
2.657	8.77	44.72
2.659	8.77	44.72
2.660	8.77	44.72
2.661	8.76	44.72
2.663	8.76	44.72
2.665	8.75	44.72
2.666	8.76	44.72
2.668	8.75	44.72
2.671	8.74	44.72
2.673	8.75	44.72
2.674	8.73	44.72
2.676	8.73	44.72
2.677	8.73	44.72
2.678	8.71	44.72
2.679	8.73	44.72
2.681	8.71	44.72
2.682	8.72	44.72
2.683	8.69	44.72
2.684	8.68	44.72
2.685	8.68	44.72
2.686	8.68	44.72
2.689	8.69	44.72
2.691	8.68	44.72
2.693	8.68	44.72
2.693	8.67	44.72
2.694	8.67	44.72
2.695	8.66	44.72
2.696	8.64	44.72
2.696	8.63	44.72
2.696	8.66	44.72
2.697	8.63	44.72
2.698	8.65	44.71
2.699	8.64	44.71
2.699	8.64	44.71
2.699	8.64	44.71
2.699	8.66	44.71
2.699	8.64	44.71
2.700	8.64	44.71
2.700	8.65	44.71
2.700	8.63	44.71
2.702	8.61	44.71
2.703	8.59	44.71
2.703	8.62	44.71
2.704	8.61	44.71
2.705	8.61	44.71
2.706	8.61	44.71
2.708	8.61	44.71
2.709	8.61	44.71
2.709	8.60	44.71
2.709	8.61	44.71
2.709	8.61	44.71
2.709	8.62	44.71
2.709	8.62	44.71
2.709	8.62	44.71
2.711	8.62	44.71
2.713	8.59	44.71
2.716	8.60	44.71
2.718	8.59	44.71
2.720	8.55	44.71
2.722	8.54	44.71
2.724	8.55	44.71
2.725	8.54	44.71
2.726	8.54	44.71
2.727	8.53	44.71
2.728	8.54	44.71
2.728	8.53	44.71
2.729	8.54	44.71
2.729	8.53	44.71
2.730	8.55	44.71
2.731	8.54	44.71
2.733	8.54	44.71
2.734	8.53	44.71
2.735	8.54	44.71
2.737	8.50	44.71
2.739	8.50	44.71
2.742	8.49	44.71
2.745	8.51	44.71
2.746	8.49	44.71
2.747	8.50	44.71
2.748	8.50	44.71
2.748	8.48	44.71
2.749	8.49	44.71
2.749	8.49	44.71
2.750	8.48	44.71
2.752	8.49	44.71
2.754	8.48	44.71
2.756	8.47	44.71
2.758	8.45	44.71
2.761	8.46	44.71
2.763	8.45	44.71
2.765	8.45	44.71
2.767	8.44	44.70
2.769	8.44	44.70
2.771	8.43	44.70
2.773	8.42	44.70
2.774	8.42	44.70
2.776	8.40	44.70
2.778	8.41	44.70
2.780	8.41	44.70
2.781	8.40	44.70
2.782	8.41	44.70
2.784	8.39	44.70
2.786	8.39	44.70
2.788	8.37	44.70
2.789	8.38	44.70
2.790	8.38	44.70
2.791	8.40	44.70
2.793	8.36	44.70
2.793	8.37	44.70
2.795	8.37	44.70
2.796	8.35	44.70
2.798	8.36	44.70
2.800	8.35	44.70
2.801	8.31	44.70
2.803	8.30	44.70
2.805	8.30	44.70
2.807	8.30	44.70
2.809	8.27	44.70
2.811	8.27	44.70
2.813	8.28	44.70
2.813	8.26	44.70
2.814	8.29	44.70
2.814	8.30	44.70
2.815	8.28	44.70
2.816	8.25	44.70
2.816	8.28	44.70
2.818	8.27	44.70
2.820	8.26	44.70
2.821	8.27	44.70
2.821	8.27	44.70
2.822	8.27	44.70
2.822	8.27	44.70
2.823	8.27	44.70
2.823	8.26	44.70
2.824	8.25	44.70
2.824	8.26	44.70
2.825	8.25	44.70
2.826	8.21	44.70
2.828	8.22	44.70
2.829	8.21	44.70
2.829	8.19	44.70
2.829	8.20	44.70
2.830	8.21	44.70
2.830	8.21	44.70
2.831	8.21	44.70
2.832	8.21	44.70
2.833	8.21	44.70
2.835	8.18	44.70
2.836	8.21	44.70
2.837	8.23	44.70
2.837	8.22	44.69
2.837	8.22	44.69
2.838	8.18	44.69
2.839	8.17	44.69
2.840	8.18	44.69
2.842	8.20	44.69
2.842	8.16	44.69
2.843	8.17	44.69
2.845	8.14	44.69
2.847	8.15	44.69
2.849	8.15	44.69
2.850	8.16	44.69
2.851	8.14	44.69
2.853	8.12	44.69
2.854	8.11	44.69
2.855	8.11	44.69
2.856	8.10	44.69
2.858	8.12	44.69
2.860	8.11	44.69
2.861	8.12	44.69
2.863	8.12	44.69
2.865	8.11	44.69
2.868	8.12	44.69
2.869	8.09	44.69
2.871	8.08	44.69
2.872	8.09	44.69
2.874	8.07	44.69
2.875	8.10	44.69
2.876	8.07	44.69
2.877	8.02	44.69
2.878	8.03	44.69
2.879	8.00	44.68
2.879	8.00	44.68
2.879	7.99	44.68
2.880	7.97	44.68
2.881	7.99	44.68
2.882	7.99	44.68
2.883	7.96	44.68
2.884	7.97	44.68
2.885	7.98	44.68
2.886	7.96	44.68
2.887	7.94	44.68
2.887	7.97	44.68
2.889	7.94	44.68
2.891	7.95	44.68
2.892	7.95	44.68
2.894	7.93	44.68
2.896	7.92	44.68
2.898	7.92	44.68
2.900	7.92	44.68
2.902	7.92	44.68
2.903	7.90	44.68
2.905	7.88	44.68
2.907	7.89	44.68
2.908	7.86	44.68
2.910	7.87	44.68
2.911	7.87	44.68
2.913	7.87	44.68
2.914	7.86	44.68
2.915	7.87	44.68
2.917	7.87	44.68
2.919	7.86	44.68
2.920	7.84	44.68
2.921	7.84	44.68
2.922	7.86	44.68
2.923	7.85	44.68
2.925	7.84	44.68
2.926	7.84	44.68
2.928	7.83	44.68
2.930	7.84	44.68
2.934	7.83	44.68
2.937	7.81	44.68
2.938	7.81	44.68
2.940	7.82	44.68
2.941	7.81	44.68
2.942	7.81	44.68
2.942	7.81	44.68
2.943	7.81	44.68
2.944	7.82	44.68
2.945	7.81	44.68
2.947	7.79	44.68
2.948	7.81	44.68
2.949	7.80	44.68
2.950	7.77	44.68
2.951	7.78	44.68
2.952	7.77	44.68
2.953	7.77	44.68
2.953	7.77	44.68
2.954	7.78	44.68
2.955	7.78	44.68
2.956	7.78	44.68
2.957	7.77	44.68
2.957	7.77	44.68
2.958	7.77	44.68
2.959	7.78	44.68
2.960	7.78	44.68
2.961	7.77	44.68
2.962	7.77	44.68
2.963	7.78	44.68
2.964	7.76	44.67
2.965	7.76	44.67
2.966	7.74	44.67
2.967	7.75	44.67
2.967	7.71	44.67
2.968	7.74	44.67
2.968	7.72	44.67
2.969	7.73	44.67
2.969	7.73	44.67
2.970	7.70	44.67
2.971	7.72	44.67
2.972	7.72	44.67
2.973	7.73	44.67
2.973	7.71	44.67
2.974	7.70	44.67
2.974	7.70	44.67
2.974	7.70	44.67
2.974	7.70	44.67
2.974	7.70	44.67
2.975	7.71	44.67
2.975	7.72	44.67
2.976	7.71	44.67
2.977	7.70	44.67
2.978	7.71	44.67
2.980	7.69	44.67
2.982	7.69	44.67
2.984	7.68	44.67
2.986	7.68	44.67
2.988	7.68	44.67
2.990	7.68	44.67
2.992	7.68	44.67
2.993	7.69	44.67
2.995	7.68	44.67
2.996	7.67	44.67
2.998	7.65	44.67
3.000	7.65	44.67
3.001	7.65	44.67
3.002	7.64	44.67
3.004	7.65	44.67
3.006	7.64	44.67
3.008	7.62	44.67
3.010	7.63	44.67
3.011	7.60	44.67
3.014	7.59	44.67
3.016	7.56	44.67
3.017	7.55	44.67
3.019	7.54	44.67
3.020	7.53	44.67
3.021	7.52	44.67
3.022	7.52	44.67
3.023	7.52	44.67
3.025	7.52	44.67
3.026	7.50	44.67
3.027	7.49	44.67
3.029	7.50	44.67
3.030	7.49	44.67
3.032	7.51	44.67
3.033	7.51	44.67
3.035	7.49	44.67
3.037	7.49	44.67
3.038	7.49	44.67
3.040	7.49	44.67
3.042	7.50	44.67
3.043	7.49	44.67
3.045	7.49	44.66
3.045	7.48	44.66
3.046	7.50	44.66
3.046	7.50	44.66
3.047	7.50	44.66
3.047	7.50	44.66
3.048	7.49	44.66
3.049	7.49	44.66
3.051	7.50	44.66
3.052	7.49	44.66
3.054	7.50	44.66
3.056	7.49	44.66
3.058	7.46	44.66
3.061	7.45	44.66
3.063	7.47	44.66
3.064	7.46	44.66
3.066	7.44	44.66
3.068	7.46	44.66
3.070	7.44	44.66
3.071	7.45	44.66
3.071	7.44	44.66
3.072	7.44	44.66
3.073	7.44	44.66
3.073	7.43	44.66
3.074	7.42	44.66
3.075	7.42	44.66
3.075	7.43	44.66
3.076	7.43	44.66
3.078	7.43	44.66
3.081	7.43	44.66
3.083	7.42	44.66
3.085	7.43	44.66
3.086	7.42	44.66
3.089	7.39	44.66
3.091	7.38	44.66
3.092	7.37	44.66
3.093	7.36	44.65
3.094	7.35	44.65
3.094	7.38	44.66
3.094	7.33	44.65
3.095	7.33	44.65
3.096	7.33	44.65
3.097	7.33	44.65
3.099	7.33	44.65
3.101	7.33	44.65
3.102	7.32	44.65
3.104	7.31	44.65
3.105	7.31	44.65
3.106	7.33	44.65
3.107	7.32	44.65
3.108	7.31	44.65
3.109	7.32	44.65
3.110	7.32	44.65
3.111	7.31	44.65
3.112	7.30	44.65
3.114	7.29	44.65
3.115	7.31	44.65
3.116	7.30	44.65
3.117	7.29	44.65
3.118	7.28	44.65
3.119	7.29	44.65
3.121	7.29	44.65
3.123	7.28	44.65
3.125	7.26	44.65
3.126	7.28	44.65
3.127	7.28	44.65
3.130	7.27	44.65
3.131	7.25	44.65
3.132	7.28	44.65
3.135	7.24	44.65
3.136	7.26	44.65
3.137	7.24	44.65
3.137	7.23	44.65
3.138	7.22	44.65
3.138	7.24	44.65
3.139	7.24	44.65
3.140	7.22	44.65
3.140	7.24	44.65
3.141	7.22	44.65
3.142	7.23	44.65
3.143	7.22	44.65
3.145	7.21	44.65
3.147	7.21	44.65
3.150	7.20	44.65
3.153	7.20	44.65
3.157	7.18	44.65
3.159	7.18	44.65
3.161	7.16	44.65
3.163	7.16	44.65
3.165	7.16	44.65
3.166	7.15	44.65
3.168	7.15	44.65
3.169	7.15	44.65
3.171	7.14	44.65
3.172	7.13	44.65
3.174	7.12	44.65
3.176	7.14	44.64
3.178	7.13	44.64
3.180	7.13	44.64
3.182	7.13	44.64
3.183	7.14	44.64
3.185	7.11	44.64
3.186	7.11	44.64
3.186	7.11	44.64
3.188	7.10	44.64
3.192	7.09	44.64
3.193	7.10	44.64
3.195	7.08	44.64
3.196	7.06	44.64
3.197	7.08	44.64
3.199	7.08	44.64
3.201	7.06	44.64
3.204	7.07	44.64
3.207	7.07	44.64
3.209	7.05	44.64
3.211	7.07	44.64
3.212	7.08	44.64
3.213	7.06	44.64
3.215	7.05	44.64
3.219	7.00	44.64
3.221	7.00	44.64
3.222	7.01	44.64
3.222	7.00	44.64
3.221	6.99	44.64
3.221	6.98	44.64
3.223	7.00	44.64
3.225	7.01	44.64
3.227	6.99	44.64
3.229	6.96	44.64
3.231	6.97	44.64
3.233	6.95	44.64
3.236	6.96	44.64
3.239	6.96	44.64
3.240	6.96	44.64
3.242	6.96	44.64
3.243	6.94	44.64
3.244	6.95	44.64
3.246	6.95	44.64
3.249	6.93	44.64
3.250	6.94	44.64
3.252	6.96	44.64
3.252	6.94	44.64
3.252	6.93	44.64
3.253	6.93	44.64
3.254	6.93	44.64
3.256	6.91	44.64
3.257	6.93	44.64
3.259	6.91	44.64
3.260	6.92	44.64
3.263	6.91	44.64
3.265	6.93	44.64
3.267	6.92	44.64
3.268	6.90	44.64
3.269	6.88	44.64
3.269	6.90	44.64
3.271	6.92	44.64
3.273	6.89	44.64
3.275	6.88	44.64
3.276	6.88	44.64
3.277	6.90	44.64
3.278	6.86	44.64
3.280	6.87	44.64
3.282	6.84	44.64
3.284	6.85	44.63
3.286	6.83	44.63
3.288	6.87	44.63
3.289	6.85	44.63
3.291	6.84	44.63
3.293	6.80	44.63
3.293	6.83	44.63
3.295	6.82	44.63
3.296	6.81	44.63
3.297	6.83	44.63
3.298	6.81	44.63
3.300	6.80	44.63
3.301	6.78	44.63
3.302	6.79	44.63
3.303	6.79	44.63
3.304	6.76	44.63
3.306	6.75	44.63
3.309	6.76	44.63
3.310	6.76	44.63
3.311	6.75	44.63
3.312	6.75	44.63
3.313	6.73	44.63
3.314	6.74	44.63
3.316	6.71	44.63
3.318	6.72	44.63
3.319	6.69	44.63
3.320	6.69	44.63
3.323	6.69	44.63
3.326	6.67	44.63
3.327	6.66	44.63
3.328	6.65	44.63
3.330	6.66	44.63
3.332	6.66	44.63
3.333	6.66	44.63
3.332	6.65	44.63
3.332	6.66	44.63
3.332	6.64	44.63
3.334	6.63	44.63
3.336	6.66	44.63
3.340	6.65	44.63
3.345	6.62	44.63
3.350	6.61	44.63
3.355	6.57	44.63
3.359	6.58	44.63
3.363	6.60	44.63
3.366	6.60	44.63
3.369	6.60	44.63
3.373	6.56	44.63
3.377	6.57	44.63
3.380	6.55	44.63
3.382	6.54	44.63
3.384	6.51	44.63
3.387	6.54	44.63
3.390	6.51	44.63
3.397	6.52	44.63
3.400	6.51	44.63
3.401	6.50	44.63
3.403	6.49	44.63
3.403	6.48	44.63
3.404	6.50	44.63
3.406	6.52	44.63
3.407	6.52	44.63
3.409	6.50	44.63
3.409	6.49	44.63
3.410	6.51	44.63
3.412	6.51	44.62
3.414	6.46	44.63
3.415	6.46	44.62
3.416	6.47	44.62
3.419	6.44	44.62
3.422	6.44	44.62
3.424	6.44	44.62
3.425	6.46	44.62
3.425	6.44	44.62
3.425	6.44	44.62
3.426	6.44	44.62
3.426	6.44	44.62
3.426	6.46	44.62
3.426	6.43	44.62
3.426	6.43	44.62
3.426	6.44	44.62
3.425	6.44	44.62
3.425	6.43	44.62
3.425	6.44	44.62
3.427	6.44	44.62
3.430	6.44	44.62
3.432	6.46	44.62
3.434	6.46	44.62
3.436	6.43	44.62
3.439	6.41	44.62
3.441	6.41	44.62
3.443	6.43	44.62
3.445	6.42	44.62
3.447	6.41	44.62
3.449	6.41	44.62
3.451	6.40	44.62
3.453	6.39	44.62
3.457	6.37	44.62
3.461	6.35	44.62
3.461	6.35	44.62
3.462	6.36	44.61
3.463	6.36	44.61
3.465	6.33	44.61
3.468	6.35	44.61
3.470	6.35	44.61
3.471	6.34	44.61
3.472	6.33	44.61
3.473	6.35	44.61
3.475	6.35	44.61
3.477	6.34	44.61
3.479	6.34	44.61
3.482	6.33	44.61
3.485	6.32	44.61
3.487	6.32	44.61
3.489	6.31	44.61
3.490	6.34	44.61
3.492	6.32	44.61
3.493	6.30	44.61
3.495	6.31	44.61
3.496	6.28	44.61
3.498	6.30	44.61
3.499	6.31	44.61
3.500	6.29	44.61
3.501	6.30	44.61
3.502	6.30	44.61
3.503	6.29	44.61
3.505	6.29	44.61
3.506	6.28	44.61
3.507	6.29	44.61
3.508	6.28	44.61
3.509	6.28	44.61
3.510	6.28	44.61
3.511	6.27	44.61
3.512	6.28	44.61
3.513	6.28	44.61
3.514	6.26	44.61
3.515	6.28	44.61
3.516	6.26	44.61
3.517	6.26	44.61
3.519	6.26	44.61
3.520	6.28	44.61
3.521	6.27	44.61
3.522	6.25	44.61
3.523	6.27	44.61
3.524	6.26	44.61
3.525	6.25	44.61
3.526	6.25	44.61
3.527	6.25	44.61
3.528	6.23	44.61
3.530	6.22	44.61
3.532	6.21	44.61
3.532	6.21	44.61
3.532	6.19	44.61
3.532	6.20	44.61
3.532	6.21	44.61
3.532	6.20	44.61
3.531	6.19	44.61
3.531	6.20	44.61
3.531	6.22	44.61
3.532	6.20	44.61
3.532	6.21	44.61
3.533	6.20	44.61
3.533	6.21	44.61
3.534	6.22	44.61
3.535	6.20	44.61
3.538	6.19	44.60
3.541	6.16	44.60
3.542	6.12	44.60
3.543	6.15	44.60
3.543	6.14	44.60
3.543	6.15	44.60
3.544	6.16	44.60
3.545	6.15	44.60
3.548	6.14	44.60
3.551	6.15	44.60
3.553	6.11	44.60
3.556	6.12	44.60
3.557	6.11	44.60
3.560	6.13	44.60
3.562	6.11	44.60
3.564	6.10	44.60
3.566	6.11	44.60
3.568	6.10	44.60
3.569	6.11	44.60
3.569	6.11	44.60
3.569	6.09	44.60
3.569	6.09	44.60
3.569	6.09	44.60
3.569	6.09	44.60
3.569	6.10	44.60
3.569	6.06	44.60
3.569	6.06	44.60
3.569	6.07	44.60
3.569	6.06	44.60
3.569	6.06	44.60
3.569	6.07	44.60
3.569	6.05	44.60
3.569	6.05	44.60
3.569	6.04	44.60
3.569	6.03	44.60
3.569	6.01	44.60
3.569	6.02	44.60
3.569	6.01	44.60
3.569	6.01	44.60
3.569	6.01	44.60
3.569	6.01	44.60
3.569	6.01	44.60
3.569	6.00	44.60
3.569	5.99	44.60
3.569	6.00	44.60
3.569	6.00	44.60
3.569	6.00	44.60
3.569	6.00	44.60
3.569	5.98	44.60
3.569	6.00	44.60
3.569	5.97	44.60
3.569	5.97	44.60
3.569	5.98	44.60
3.569	5.98	44.60
3.569	5.96	44.60
3.569	5.98	44.60
3.569	5.97	44.60
3.569	5.98	44.60
3.569	5.97	44.60
3.569	5.97	44.60
3.569	5.99	44.60
3.569	6.00	44.60
3.569	5.98	44.60
3.569	5.95	44.60
3.569	5.93	44.59
3.569	5.94	44.59
3.569	5.94	44.59
3.569	5.91	44.59
3.569	5.90	44.59
3.569	5.91	44.59
3.569	5.90	44.59
3.569	5.87	44.59
3.569	5.85	44.59
3.569	5.86	44.59
3.569	5.85	44.59
3.569	5.84	44.59
3.569	5.82	44.59
3.569	5.83	44.59
3.569	5.83	44.59
3.569	5.82	44.59
3.569	5.82	44.59
3.569	5.81	44.59
3.569	5.82	44.59
3.569	5.83	44.59
3.569	5.83	44.59
3.569	5.82	44.59
3.569	5.82	44.59
