3.568	5.81	45.27
3.568	5.83	45.27
3.568	5.82	45.27
3.568	5.80	45.27
3.568	5.80	45.27
3.568	5.78	45.26
3.568	5.82	45.27
3.568	5.79	45.27
3.568	5.79	45.27
3.568	5.80	45.27
3.568	5.78	45.27
3.568	5.79	45.26
3.568	5.80	45.26
3.568	5.80	45.26
3.568	5.80	45.26
3.568	5.81	45.26
3.568	5.81	45.26
3.568	5.81	45.26
3.568	5.80	45.26
3.568	5.82	45.26
3.568	5.83	45.26
3.568	5.83	45.26
3.568	5.82	45.26
3.568	5.83	45.26
3.568	5.84	45.26
3.568	5.83	45.26
3.568	5.85	45.26
3.568	5.87	45.26
3.568	5.88	45.26
3.568	5.92	45.26
3.568	5.88	45.26
3.568	5.91	45.26
3.568	5.90	45.26
3.568	5.87	45.26
3.568	5.93	45.26
3.568	5.88	45.26
3.568	5.95	45.26
3.568	5.97	45.26
3.568	5.95	45.26
3.568	5.95	45.26
3.568	6.00	45.26
3.568	6.01	45.26
3.568	6.04	45.26
3.568	6.06	45.26
3.568	6.07	45.26
3.568	6.05	45.26
3.568	6.08	45.26
3.568	6.01	45.26
3.568	6.08	45.26
3.568	6.04	45.26
3.568	6.08	45.26
3.568	6.07	45.26
3.568	6.07	45.26
3.568	6.08	45.26
3.568	6.09	45.26
3.567	6.11	45.26
3.563	6.10	45.26
3.559	6.09	45.26
3.554	6.16	45.26
3.549	6.20	45.26
3.545	6.18	45.26
3.544	6.20	45.26
3.540	6.19	45.26
3.536	6.23	45.26
3.534	6.19	45.26
3.534	6.18	45.26
3.533	6.19	45.26
3.533	6.21	45.26
3.533	6.21	45.26
3.533	6.22	45.26
3.533	6.21	45.26
3.531	6.19	45.26
3.528	6.31	45.26
3.521	6.25	45.26
3.513	6.28	45.26
3.509	6.32	45.26
3.506	6.30	45.26
3.504	6.26	45.26
3.501	6.28	45.26
3.499	6.28	45.26
3.496	6.25	45.26
3.493	6.36	45.26
3.491	6.28	45.26
3.489	6.32	45.26
3.487	6.32	45.26
3.485	6.34	45.26
3.483	6.29	45.26
3.480	6.33	45.26
3.478	6.34	45.26
3.476	6.32	45.26
3.473	6.29	45.26
3.472	6.36	45.26
3.469	6.35	45.26
3.467	6.35	45.26
3.464	6.32	45.26
3.462	6.36	45.26
3.460	6.36	45.26
3.458	6.37	45.26
3.457	6.37	45.26
3.456	6.29	45.26
3.454	6.41	45.26
3.451	6.37	45.26
3.450	6.38	45.26
3.448	6.39	45.26
3.445	6.45	45.26
3.443	6.40	45.26
3.442	6.42	45.26
3.440	6.42	45.26
3.438	6.40	45.26
3.436	6.45	45.26
3.433	6.43	45.26
3.428	6.42	45.26
3.423	6.41	45.26
3.417	6.45	45.26
3.410	6.40	45.26
3.401	6.44	45.26
3.392	6.49	45.25
3.386	6.52	45.25
3.384	6.47	45.25
3.382	6.54	45.25
3.378	6.50	45.25
3.375	6.54	45.25
3.374	6.51	45.25
3.373	6.49	45.25
3.372	6.56	45.25
3.370	6.53	45.25
3.368	6.51	45.25
3.367	6.53	45.25
3.365	6.57	45.25
3.363	6.55	45.25
3.360	6.56	45.25
3.355	6.56	45.25
3.353	6.63	45.25
3.350	6.58	45.25
3.346	6.61	45.25
3.343	6.62	45.25
3.340	6.61	45.25
3.338	6.62	45.25
3.337	6.65	45.24
3.336	6.63	45.24
3.335	6.62	45.24
3.334	6.66	45.24
3.332	6.64	45.24
3.329	6.72	45.24
3.328	6.67	45.24
3.326	6.69	45.24
3.323	6.68	45.24
3.318	6.70	45.24
3.314	6.68	45.24
3.312	6.70	45.24
3.309	6.71	45.24
3.304	6.70	45.24
3.299	6.70	45.24
3.296	6.74	45.24
3.294	6.74	45.24
3.294	6.70	45.24
3.294	6.65	45.24
3.292	6.67	45.24
3.290	6.74	45.24
3.288	6.79	45.24
3.283	6.79	45.24
3.281	6.82	45.24
3.277	6.83	45.24
3.277	6.81	45.24
3.277	6.81	45.24
3.277	6.86	45.24
3.278	6.79	45.24
3.278	6.80	45.24
3.278	6.81	45.23
3.278	6.81	45.23
3.278	6.78	45.23
3.277	6.79	45.23
3.275	6.81	45.23
3.273	6.82	45.23
3.270	6.80	45.23
3.267	6.82	45.23
3.265	6.82	45.23
3.265	6.84	45.23
3.263	6.85	45.23
3.258	6.90	45.23
3.255	6.91	45.23
3.254	6.89	45.23
3.254	6.87	45.23
3.254	6.82	45.23
3.254	6.95	45.23
3.254	6.90	45.23
3.253	6.88	45.23
3.252	6.88	45.23
3.252	6.92	45.23
3.251	6.94	45.23
3.251	6.89	45.23
3.249	6.93	45.23
3.247	6.92	45.23
3.246	6.92	45.23
3.246	6.98	45.23
3.247	6.92	45.23
3.247	6.92	45.23
3.247	6.93	45.22
3.247	6.93	45.22
3.247	6.91	45.22
3.247	6.92	45.22
3.245	6.93	45.22
3.241	6.92	45.22
3.235	6.98	45.22
3.233	6.98	45.22
3.233	6.93	45.22
3.230	6.95	45.22
3.227	6.93	45.22
3.226	6.97	45.22
3.216	6.99	45.22
3.204	7.01	45.22
3.202	7.00	45.22
3.202	7.04	45.22
3.199	7.02	45.21
3.197	7.04	45.21
3.195	7.07	45.21
3.194	7.09	45.21
3.193	7.10	45.21
3.191	7.09	45.21
3.189	7.08	45.21
3.187	7.09	45.21
3.186	7.03	45.21
3.184	7.08	45.21
3.181	7.07	45.21
3.179	7.07	45.21
3.177	7.08	45.21
3.174	7.08	45.21
3.171	7.07	45.21
3.167	7.11	45.21
3.164	7.11	45.21
3.160	7.11	45.21
3.157	7.16	45.21
3.153	7.15	45.21
3.149	7.16	45.21
3.145	7.17	45.21
3.142	7.18	45.21
3.140	7.16	45.21
3.137	7.18	45.21
3.133	7.20	45.21
3.131	7.21	45.21
3.129	7.19	45.21
3.128	7.27	45.21
3.127	7.23	45.21
3.125	7.24	45.21
3.123	7.23	45.21
3.121	7.28	45.20
3.120	7.26	45.20
3.119	7.27	45.20
3.117	7.27	45.20
3.115	7.22	45.20
3.113	7.21	45.20
3.111	7.29	45.20
3.110	7.27	45.20
3.110	7.28	45.20
3.110	7.29	45.20
3.110	7.26	45.20
3.109	7.27	45.20
3.107	7.30	45.20
3.105	7.33	45.20
3.104	7.38	45.20
3.103	7.29	45.20
3.101	7.29	45.20
3.099	7.29	45.20
3.098	7.29	45.20
3.097	7.32	45.20
3.096	7.30	45.20
3.095	7.31	45.20
3.094	7.31	45.20
3.093	7.26	45.20
3.092	7.33	45.20
3.091	7.31	45.20
3.090	7.30	45.20
3.090	7.31	45.20
3.089	7.26	45.20
3.088	7.28	45.20
3.087	7.32	45.20
3.086	7.32	45.20
3.086	7.30	45.20
3.085	7.37	45.20
3.085	7.32	45.20
3.084	7.31	45.20
3.082	7.32	45.20
3.080	7.33	45.20
3.079	7.35	45.20
3.078	7.33	45.20
3.078	7.33	45.19
3.078	7.34	45.19
3.078	7.35	45.19
3.078	7.35	45.19
3.078	7.34	45.19
3.077	7.33	45.19
3.076	7.34	45.19
3.074	7.33	45.19
3.073	7.33	45.19
3.072	7.35	45.19
3.071	7.34	45.19
3.070	7.38	45.19
3.070	7.34	45.19
3.069	7.33	45.19
3.069	7.35	45.19
3.068	7.39	45.19
3.065	7.38	45.19
3.064	7.41	45.19
3.062	7.43	45.19
3.061	7.43	45.19
3.060	7.41	45.19
3.059	7.47	45.19
3.057	7.47	45.19
3.056	7.44	45.19
3.055	7.46	45.19
3.055	7.43	45.19
3.054	7.42	45.18
3.053	7.46	45.18
3.051	7.46	45.18
3.048	7.45	45.18
3.044	7.47	45.18
3.042	7.47	45.18
3.041	7.49	45.18
3.040	7.47	45.18
3.039	7.47	45.18
3.039	7.42	45.18
3.037	7.48	45.18
3.036	7.47	45.18
3.035	7.48	45.18
3.034	7.47	45.18
3.034	7.47	45.18
3.033	7.52	45.18
3.032	7.49	45.18
3.032	7.48	45.18
3.031	7.53	45.18
3.031	7.52	45.18
3.030	7.48	45.18
3.029	7.50	45.18
3.029	7.51	45.18
3.028	7.51	45.18
3.027	7.49	45.18
3.026	7.50	45.18
3.026	7.49	45.18
3.025	7.49	45.18
3.024	7.50	45.18
3.023	7.47	45.18
3.021	7.51	45.18
3.020	7.49	45.18
3.019	7.51	45.18
3.017	7.53	45.18
3.016	7.49	45.18
3.014	7.53	45.18
3.013	7.53	45.18
3.011	7.54	45.18
3.009	7.56	45.18
3.008	7.56	45.18
3.007	7.54	45.18
3.005	7.57	45.17
3.003	7.58	45.17
3.001	7.57	45.17
2.999	7.58	45.17
2.999	7.55	45.17
2.999	7.57	45.17
2.998	7.57	45.17
2.997	7.59	45.17
2.996	7.60	45.17
2.994	7.58	45.17
2.992	7.61	45.17
2.990	7.65	45.17
2.988	7.64	45.17
2.986	7.66	45.17
2.984	7.65	45.17
2.982	7.66	45.17
2.981	7.66	45.17
2.980	7.67	45.17
2.978	7.67	45.17
2.976	7.66	45.17
2.975	7.67	45.17
2.972	7.68	45.17
2.971	7.69	45.17
2.969	7.68	45.17
2.968	7.68	45.17
2.968	7.71	45.17
2.966	7.72	45.17
2.965	7.70	45.17
2.962	7.70	45.17
2.960	7.68	45.17
2.959	7.69	45.17
2.958	7.70	45.17
2.957	7.70	45.17
2.956	7.72	45.17
2.955	7.74	45.17
2.953	7.71	45.17
2.952	7.75	45.17
2.950	7.75	45.17
2.949	7.74	45.17
2.948	7.79	45.17
2.947	7.74	45.17
2.946	7.76	45.16
2.945	7.77	45.16
2.944	7.72	45.16
2.943	7.72	45.16
2.942	7.71	45.16
2.941	7.78	45.16
2.939	7.77	45.16
2.938	7.76	45.16
2.937	7.76	45.16
2.936	7.78	45.16
2.935	7.77	45.16
2.934	7.78	45.16
2.933	7.81	45.16
2.932	7.74	45.16
2.931	7.78	45.16
2.930	7.78	45.16
2.930	7.79	45.16
2.928	7.79	45.16
2.927	7.82	45.16
2.926	7.79	45.16
2.925	7.79	45.16
2.924	7.78	45.16
2.923	7.81	45.16
2.922	7.81	45.16
2.921	7.83	45.16
2.919	7.83	45.16
2.918	7.79	45.16
2.916	7.84	45.16
2.915	7.81	45.16
2.913	7.82	45.16
2.912	7.82	45.16
2.910	7.84	45.15
2.908	7.84	45.15
2.907	7.84	45.15
2.905	7.83	45.15
2.905	7.82	45.15
2.904	7.83	45.15
2.904	7.85	45.15
2.904	7.84	45.15
2.903	7.85	45.15
2.902	7.85	45.15
2.901	7.86	45.15
2.900	7.85	45.15
2.899	7.85	45.15
2.898	7.85	45.15
2.898	7.89	45.15
2.897	7.84	45.15
2.897	7.86	45.15
2.896	7.87	45.15
2.895	7.85	45.15
2.894	7.88	45.15
2.894	7.87	45.15
2.893	7.86	45.15
2.892	7.86	45.15
2.891	7.86	45.15
2.889	7.91	45.15
2.888	7.88	45.15
2.887	7.88	45.15
2.886	7.88	45.15
2.885	7.89	45.15
2.884	7.88	45.15
2.883	7.91	45.15
2.882	7.92	45.15
2.881	7.92	45.15
2.880	7.90	45.15
2.879	7.96	45.15
2.878	7.95	45.15
2.877	7.95	45.15
2.876	7.99	45.15
2.875	7.97	45.15
2.875	7.99	45.15
2.874	7.96	45.15
2.873	7.94	45.15
2.872	7.96	45.15
2.871	7.98	45.15
2.871	7.97	45.15
2.869	7.92	45.15
2.868	7.98	45.15
2.867	7.99	45.15
2.866	7.99	45.15
2.865	8.02	45.15
2.864	8.01	45.15
2.863	8.06	45.15
2.863	7.97	45.15
2.862	8.01	45.15
2.862	8.05	45.14
2.862	8.03	45.14
2.861	8.00	45.14
2.860	8.05	45.14
2.859	8.02	45.14
2.859	8.04	45.14
2.858	8.04	45.14
2.857	8.03	45.14
2.856	8.05	45.14
2.856	8.04	45.14
2.854	8.05	45.14
2.853	8.03	45.14
2.851	8.14	45.14
2.850	8.05	45.14
2.849	8.09	45.14
2.848	8.09	45.14
2.847	8.13	45.14
2.846	8.12	45.14
2.845	8.08	45.14
2.844	8.10	45.14
2.843	8.10	45.14
2.842	8.15	45.14
2.841	8.09	45.14
2.840	8.12	45.14
2.839	8.11	45.14
2.837	8.15	45.14
2.835	8.10	45.14
2.834	8.12	45.14
2.833	8.12	45.14
2.832	8.12	45.14
2.832	8.13	45.14
2.831	8.16	45.14
2.829	8.13	45.14
2.828	8.15	45.14
2.826	8.15	45.14
2.825	8.18	45.14
2.824	8.16	45.14
2.824	8.15	45.14
2.823	8.15	45.14
2.823	8.16	45.14
2.821	8.21	45.14
2.819	8.19	45.14
2.817	8.21	45.14
2.817	8.20	45.14
2.816	8.18	45.14
2.816	8.15	45.14
2.815	8.22	45.14
2.813	8.21	45.14
2.812	8.22	45.14
2.810	8.21	45.14
2.809	8.23	45.14
2.808	8.19	45.14
2.807	8.23	45.14
2.806	8.26	45.13
2.805	8.21	45.13
2.805	8.19	45.13
2.805	8.23	45.13
2.804	8.24	45.13
2.804	8.22	45.13
2.803	8.23	45.13
2.803	8.26	45.13
2.802	8.25	45.13
2.801	8.24	45.13
2.800	8.25	45.13
2.799	8.25	45.13
2.798	8.29	45.13
2.797	8.29	45.13
2.796	8.30	45.13
2.795	8.30	45.13
2.794	8.29	45.13
2.793	8.27	45.13
2.792	8.30	45.13
2.791	8.30	45.13
2.791	8.31	45.13
2.790	8.28	45.13
2.788	8.32	45.13
2.788	8.34	45.13
2.787	8.34	45.13
2.786	8.32	45.13
2.785	8.31	45.13
2.784	8.34	45.13
2.783	8.36	45.13
2.782	8.33	45.13
2.782	8.35	45.13
2.782	8.34	45.13
2.781	8.36	45.13
2.781	8.33	45.13
2.781	8.35	45.13
2.780	8.34	45.13
2.780	8.34	45.13
2.779	8.35	45.13
2.779	8.35	45.13
2.778	8.35	45.13
2.778	8.35	45.13
2.777	8.37	45.13
2.776	8.38	45.13
2.775	8.39	45.13
2.774	8.38	45.13
2.773	8.37	45.13
2.772	8.38	45.13
2.771	8.39	45.13
2.770	8.39	45.13
2.768	8.40	45.12
2.768	8.40	45.12
2.767	8.39	45.12
2.767	8.38	45.12
2.766	8.40	45.12
2.766	8.41	45.12
2.766	8.40	45.12
2.765	8.40	45.12
2.764	8.42	45.12
2.762	8.44	45.12
2.761	8.44	45.12
2.759	8.43	45.12
2.758	8.43	45.12
2.757	8.43	45.12
2.757	8.43	45.12
2.757	8.43	45.12
2.756	8.43	45.12
2.756	8.44	45.12
2.756	8.44	45.12
2.756	8.45	45.12
2.755	8.42	45.12
2.754	8.45	45.12
2.753	8.45	45.12
2.752	8.47	45.12
2.752	8.45	45.11
2.752	8.46	45.11
2.752	8.45	45.11
2.751	8.44	45.11
2.750	8.46	45.11
2.750	8.45	45.11
2.750	8.45	45.11
2.749	8.46	45.11
2.749	8.44	45.11
2.748	8.47	45.11
2.747	8.45	45.11
2.747	8.46	45.11
2.746	8.48	45.11
2.745	8.45	45.11
2.745	8.46	45.11
2.743	8.46	45.11
2.742	8.48	45.11
2.741	8.50	45.11
2.740	8.48	45.11
2.739	8.48	45.11
2.739	8.45	45.11
2.738	8.48	45.11
2.737	8.47	45.11
2.736	8.48	45.11
2.735	8.46	45.11
2.735	8.47	45.11
2.735	8.46	45.11
2.734	8.48	45.11
2.734	8.46	45.11
2.734	8.48	45.11
2.734	8.48	45.11
2.733	8.49	45.11
2.733	8.51	45.11
2.733	8.51	45.11
2.732	8.47	45.11
2.732	8.48	45.11
2.731	8.49	45.11
2.730	8.49	45.11
2.730	8.49	45.11
2.729	8.50	45.11
2.729	8.52	45.11
2.728	8.49	45.11
2.728	8.52	45.11
2.727	8.51	45.11
2.726	8.51	45.10
2.725	8.51	45.10
2.725	8.53	45.10
2.724	8.53	45.10
2.723	8.52	45.10
2.722	8.52	45.10
2.722	8.53	45.10
2.721	8.53	45.10
2.721	8.53	45.10
2.720	8.54	45.10
2.720	8.54	45.10
2.720	8.54	45.10
2.720	8.54	45.10
2.720	8.55	45.10
2.719	8.54	45.10
2.719	8.55	45.10
2.719	8.53	45.10
2.718	8.56	45.10
2.718	8.57	45.10
2.717	8.55	45.10
2.716	8.55	45.10
2.716	8.53	45.10
2.715	8.54	45.10
2.714	8.53	45.10
2.714	8.53	45.10
2.713	8.54	45.10
2.713	8.58	45.10
2.712	8.56	45.10
2.711	8.55	45.10
2.710	8.56	45.10
2.709	8.58	45.10
2.708	8.56	45.10
2.708	8.57	45.10
2.707	8.57	45.10
2.706	8.55	45.10
2.706	8.55	45.10
2.705	8.56	45.10
2.705	8.54	45.10
2.704	8.55	45.10
2.704	8.55	45.10
2.703	8.55	45.10
2.702	8.54	45.10
2.702	8.56	45.10
2.701	8.56	45.10
2.700	8.57	45.10
2.700	8.58	45.10
2.699	8.58	45.10
2.698	8.56	45.10
2.698	8.57	45.10
2.697	8.56	45.09
2.697	8.56	45.09
2.696	8.60	45.09
2.696	8.58	45.09
2.696	8.58	45.09
2.696	8.58	45.09
2.696	8.59	45.09
2.695	8.56	45.09
2.695	8.59	45.09
2.694	8.57	45.09
2.693	8.57	45.09
2.692	8.59	45.09
2.692	8.59	45.09
2.691	8.60	45.09
2.690	8.61	45.09
2.689	8.65	45.09
2.687	8.65	45.09
2.685	8.63	45.09
2.685	8.62	45.09
2.685	8.61	45.09
2.684	8.64	45.09
2.684	8.64	45.09
2.684	8.65	45.09
2.683	8.65	45.09
2.682	8.65	45.08
2.681	8.67	45.08
2.679	8.67	45.08
2.678	8.67	45.08
2.677	8.67	45.08
2.677	8.67	45.08
2.676	8.70	45.08
2.675	8.69	45.08
2.675	8.69	45.08
2.674	8.65	45.08
2.673	8.70	45.08
2.673	8.69	45.08
2.672	8.70	45.08
2.671	8.70	45.08
2.671	8.65	45.08
2.670	8.68	45.08
2.670	8.69	45.08
2.670	8.70	45.08
2.670	8.65	45.08
2.670	8.75	45.08
2.670	8.66	45.08
2.669	8.70	45.08
2.669	8.69	45.08
2.670	8.64	45.08
2.669	8.70	45.08
2.669	8.70	45.08
2.669	8.71	45.08
2.668	8.67	45.08
2.668	8.70	45.08
2.667	8.72	45.08
2.666	8.70	45.08
2.666	8.72	45.08
2.666	8.72	45.08
2.665	8.70	45.08
2.665	8.70	45.08
2.665	8.73	45.08
2.664	8.72	45.08
2.664	8.72	45.08
2.664	8.71	45.08
2.663	8.72	45.08
2.662	8.71	45.08
2.662	8.73	45.08
2.661	8.71	45.08
2.660	8.72	45.08
2.659	8.73	45.08
2.658	8.74	45.08
2.658	8.73	45.08
2.657	8.76	45.08
2.657	8.73	45.08
2.656	8.76	45.07
2.656	8.73	45.07
2.656	8.72	45.07
2.655	8.79	45.07
2.655	8.75	45.07
2.654	8.75	45.07
2.653	8.75	45.07
2.653	8.74	45.07
2.652	8.74	45.07
2.651	8.75	45.07
2.650	8.76	45.07
2.650	8.77	45.07
2.649	8.75	45.07
2.648	8.75	45.07
2.647	8.77	45.07
2.646	8.77	45.07
2.646	8.81	45.07
2.645	8.81	45.07
2.644	8.78	45.07
2.644	8.78	45.07
2.643	8.80	45.07
2.642	8.77	45.07
2.641	8.81	45.07
2.640	8.81	45.07
2.639	8.81	45.07
2.639	8.84	45.07
2.639	8.80	45.07
2.639	8.83	45.07
2.638	8.81	45.07
2.638	8.80	45.07
2.637	8.82	45.07
2.637	8.79	45.07
2.636	8.82	45.07
2.636	8.82	45.07
2.636	8.81	45.07
2.636	8.84	45.07
2.635	8.84	45.07
2.634	8.83	45.07
2.634	8.82	45.07
2.634	8.84	45.07
2.633	8.83	45.07
2.633	8.82	45.07
2.633	8.83	45.07
2.632	8.83	45.07
2.632	8.82	45.07
2.632	8.86	45.07
2.631	8.82	45.07
2.631	8.84	45.07
2.630	8.83	45.07
2.629	8.81	45.07
2.629	8.84	45.07
2.628	8.83	45.06
2.627	8.85	45.06
2.627	8.86	45.06
2.627	8.83	45.06
2.626	8.87	45.06
2.625	8.87	45.06
2.624	8.87	45.06
2.624	8.89	45.06
2.623	8.87	45.06
2.623	8.87	45.06
2.622	8.87	45.06
2.621	8.87	45.06
2.620	8.86	45.06
2.619	8.87	45.06
2.618	8.87	45.06
2.618	8.87	45.06
2.618	8.89	45.06
2.617	8.89	45.06
2.617	8.89	45.06
2.616	8.89	45.06
2.615	8.88	45.06
2.614	8.87	45.06
2.614	8.89	45.06
2.613	8.89	45.06
2.613	8.89	45.06
2.612	8.90	45.06
2.612	8.90	45.06
2.611	8.89	45.06
2.611	8.89	45.05
2.610	8.88	45.05
2.610	8.88	45.05
2.610	8.87	45.05
2.609	8.88	45.05
2.609	8.89	45.05
2.608	8.88	45.05
2.608	8.88	45.05
2.607	8.89	45.05
2.607	8.90	45.05
2.606	8.89	45.05
2.606	8.89	45.05
2.605	8.89	45.05
2.604	8.89	45.05
2.604	8.90	45.05
2.603	8.90	45.05
2.603	8.90	45.05
2.603	8.91	45.05
2.603	8.92	45.05
2.602	8.91	45.05
2.601	8.92	45.05
2.601	8.91	45.05
2.601	8.92	45.05
2.600	8.91	45.05
2.600	8.91	45.05
2.600	8.91	45.05
2.599	8.93	45.05
2.599	8.91	45.05
2.599	8.91	45.05
2.599	8.91	45.05
2.599	8.92	45.05
2.599	8.90	45.05
2.599	8.91	45.05
2.599	8.91	45.05
2.598	8.91	45.05
2.598	8.92	45.05
2.598	8.91	45.05
2.597	8.91	45.05
2.597	8.92	45.05
2.596	8.92	45.05
2.595	8.93	45.05
2.595	8.93	45.05
2.594	8.93	45.05
2.593	8.94	45.05
2.592	8.94	45.05
2.591	8.94	45.05
2.590	8.94	45.05
2.589	8.93	45.05
2.588	8.93	45.05
2.588	8.93	45.05
2.587	8.94	45.04
2.586	8.93	45.04
2.585	8.94	45.04
2.584	8.95	45.04
2.583	8.94	45.04
2.583	8.94	45.04
2.582	8.94	45.04
2.582	8.94	45.04
2.581	8.95	45.04
2.581	8.94	45.04
2.580	8.96	45.04
2.579	8.96	45.04
2.579	8.97	45.04
2.579	8.97	45.04
2.579	8.96	45.04
2.578	8.98	45.04
2.578	8.98	45.04
2.577	8.98	45.04
2.576	8.98	45.04
2.576	8.97	45.04
2.576	8.98	45.04
2.576	8.99	45.04
2.576	8.99	45.04
2.576	8.98	45.04
2.576	8.98	45.04
2.575	9.00	45.04
2.573	9.01	45.04
2.570	9.01	45.04
2.567	9.01	45.04
2.566	9.02	45.04
2.566	9.01	45.04
2.565	9.02	45.04
2.565	9.02	45.04
2.564	9.02	45.04
2.564	9.03	45.04
2.563	9.03	45.04
2.562	9.04	45.04
2.561	9.03	45.04
2.560	9.04	45.04
2.559	9.03	45.04
2.559	9.03	45.04
2.559	9.03	45.04
2.558	9.03	45.04
2.557	9.04	45.04
2.556	9.04	45.04
2.556	9.04	45.04
2.556	9.05	45.04
2.556	9.04	45.04
2.555	9.05	45.04
2.554	9.05	45.04
2.554	9.05	45.04
2.554	9.05	45.04
2.554	9.06	45.04
2.554	9.05	45.04
2.554	9.05	45.04
2.553	9.05	45.04
2.552	9.05	45.03
2.551	9.05	45.03
2.549	9.06	45.03
2.549	9.06	45.03
2.548	9.05	45.03
2.547	9.05	45.03
2.546	9.06	45.03
2.545	9.06	45.03
2.545	9.05	45.03
2.544	9.06	45.03
2.543	9.06	45.03
2.542	9.06	45.03
2.542	9.06	45.03
2.542	9.05	45.03
2.541	9.05	45.03
2.540	9.06	45.03
2.540	9.05	45.03
2.540	9.05	45.03
2.540	9.06	45.03
2.540	9.06	45.03
2.539	9.07	45.03
2.538	9.07	45.03
2.537	9.06	45.03
2.537	9.07	45.03
2.537	9.06	45.03
2.537	9.06	45.02
2.537	9.06	45.02
2.537	9.07	45.02
2.537	9.07	45.02
2.536	9.07	45.02
2.536	9.08	45.02
2.536	9.08	45.02
2.535	9.08	45.02
2.535	9.08	45.02
2.534	9.07	45.02
2.533	9.07	45.02
2.533	9.07	45.02
2.533	9.08	45.02
2.532	9.07	45.02
2.531	9.07	45.02
2.531	9.07	45.02
2.530	9.08	45.02
2.530	9.07	45.02
2.530	9.08	45.02
2.530	9.08	45.02
2.530	9.08	45.02
2.530	9.08	45.02
2.529	9.10	45.02
2.528	9.11	45.02
2.527	9.11	45.02
2.526	9.12	45.02
2.525	9.12	45.02
2.524	9.12	45.02
2.523	9.12	45.02
2.523	9.13	45.02
2.523	9.13	45.02
2.523	9.13	45.02
2.522	9.13	45.02
2.521	9.14	45.02
2.521	9.14	45.02
2.521	9.14	45.02
2.521	9.14	45.02
2.521	9.14	45.02
2.520	9.14	45.02
2.520	9.14	45.02
2.520	9.14	45.02
2.520	9.14	45.02
2.519	9.15	45.02
2.519	9.14	45.02
2.519	9.15	45.02
2.519	9.14	45.02
2.518	9.14	45.02
2.518	9.15	45.02
2.518	9.17	45.02
2.516	9.17	45.02
2.515	9.17	45.02
2.514	9.16	45.02
2.514	9.17	45.01
2.514	9.18	45.01
2.514	9.18	45.01
2.513	9.18	45.01
2.513	9.18	45.01
2.513	9.18	45.01
2.513	9.17	45.01
2.513	9.17	45.01
2.513	9.18	45.01
2.512	9.18	45.01
2.512	9.19	45.01
2.512	9.19	45.01
2.511	9.18	45.01
2.511	9.18	45.01
2.511	9.18	45.01
2.511	9.19	45.01
2.511	9.18	45.01
2.511	9.18	45.01
2.511	9.19	45.01
2.511	9.20	45.01
2.511	9.19	45.01
2.510	9.20	45.01
2.510	9.21	45.01
2.509	9.23	45.01
2.508	9.23	45.01
2.507	9.22	45.01
2.506	9.24	45.01
2.505	9.23	45.01
2.505	9.24	45.01
2.504	9.25	45.01
2.503	9.27	45.01
2.502	9.30	45.01
2.500	9.32	45.01
2.499	9.33	45.01
2.498	9.34	45.01
2.496	9.34	45.01
2.495	9.34	45.01
2.494	9.34	45.01
2.493	9.34	45.01
2.493	9.34	45.01
2.493	9.34	45.01
2.493	9.34	45.01
2.493	9.34	45.01
2.493	9.35	45.01
2.492	9.35	45.01
2.491	9.35	45.01
2.490	9.35	45.01
2.489	9.35	45.01
2.488	9.35	45.01
2.487	9.36	45.01
2.486	9.36	45.00
2.486	9.37	45.00
2.486	9.37	45.00
2.485	9.37	45.00
2.484	9.37	45.00
2.484	9.37	45.00
2.483	9.37	45.00
2.481	9.38	45.00
2.481	9.38	45.00
2.479	9.39	45.00
2.479	9.39	45.00
2.479	9.39	45.00
2.478	9.39	45.00
2.477	9.39	45.00
2.475	9.39	45.00
2.474	9.39	45.00
2.473	9.39	45.00
2.472	9.40	45.00
2.471	9.41	45.00
2.471	9.41	45.00
2.470	9.41	45.00
2.470	9.41	45.00
2.469	9.42	45.00
2.468	9.42	45.00
2.467	9.43	45.00
2.466	9.43	45.00
2.465	9.43	45.00
2.464	9.44	45.00
2.463	9.44	45.00
2.462	9.44	45.00
2.461	9.44	45.00
2.460	9.44	45.00
2.460	9.44	45.00
2.460	9.44	45.00
2.460	9.44	45.00
2.460	9.44	45.00
2.460	9.44	45.00
2.460	9.44	45.00
2.459	9.45	45.00
2.459	9.45	45.00
2.459	9.45	45.00
2.458	9.45	45.00
2.458	9.44	45.00
2.458	9.45	45.00
2.457	9.45	45.00
2.457	9.45	45.00
2.456	9.45	45.00
2.455	9.46	45.00
2.452	9.49	45.00
2.448	9.49	45.00
2.448	9.50	45.00
2.447	9.49	45.00
2.447	9.50	45.00
2.447	9.50	45.00
2.447	9.50	45.00
2.446	9.51	45.00
2.445	9.52	45.00
2.444	9.53	45.00
2.444	9.53	45.00
2.444	9.53	45.00
2.444	9.55	45.00
2.443	9.56	45.00
2.443	9.56	45.00
2.442	9.56	45.00
2.442	9.56	45.00
2.441	9.57	44.99
2.440	9.57	44.99
2.440	9.57	44.99
2.440	9.57	44.99
2.440	9.56	44.99
2.440	9.56	44.99
2.440	9.57	44.99
2.439	9.57	44.99
2.439	9.58	44.99
2.438	9.59	44.99
2.438	9.59	44.99
2.438	9.59	44.99
2.437	9.59	44.99
2.437	9.59	44.99
2.436	9.60	44.99
2.436	9.60	44.99
2.435	9.61	44.99
2.434	9.61	44.99
2.432	9.63	44.99
2.431	9.63	44.99
2.431	9.62	44.99
2.431	9.62	44.99
2.431	9.63	44.99
2.430	9.63	44.99
2.429	9.63	44.99
2.429	9.64	44.99
2.428	9.64	44.98
2.428	9.64	44.98
2.427	9.64	44.98
2.427	9.64	44.98
2.427	9.64	44.98
2.427	9.64	44.98
2.427	9.65	44.98
2.427	9.65	44.98
2.427	9.65	44.98
2.426	9.65	44.98
2.425	9.65	44.98
2.425	9.66	44.98
2.424	9.66	44.98
2.423	9.66	44.98
2.421	9.67	44.98
2.420	9.68	44.98
2.419	9.68	44.98
2.419	9.68	44.98
2.419	9.68	44.98
2.419	9.68	44.98
2.419	9.68	44.98
2.418	9.68	44.98
2.417	9.69	44.98
2.416	9.69	44.98
2.414	9.70	44.98
2.414	9.70	44.98
2.414	9.70	44.98
2.413	9.70	44.98
2.413	9.71	44.98
2.413	9.71	44.98
2.413	9.71	44.98
2.412	9.71	44.98
2.412	9.71	44.98
2.412	9.71	44.98
2.412	9.71	44.98
2.412	9.72	44.98
2.411	9.73	44.98
2.411	9.72	44.98
2.411	9.73	44.98
2.411	9.72	44.98
2.411	9.73	44.98
2.411	9.73	44.98
2.411	9.72	44.98
2.410	9.73	44.98
2.410	9.73	44.98
2.409	9.73	44.98
2.409	9.73	44.98
2.409	9.73	44.98
2.409	9.73	44.98
2.409	9.73	44.98
2.409	9.73	44.98
2.409	9.73	44.98
2.409	9.73	44.98
2.408	9.74	44.97
2.408	9.74	44.98
2.406	9.74	44.97
2.406	9.74	44.97
2.405	9.74	44.97
2.405	9.75	44.97
2.404	9.75	44.97
2.403	9.76	44.97
2.402	9.76	44.97
2.402	9.76	44.97
2.401	9.76	44.97
2.401	9.76	44.97
2.401	9.76	44.97
2.401	9.77	44.97
2.400	9.77	44.97
2.400	9.77	44.97
2.400	9.77	44.97
2.400	9.77	44.97
2.399	9.77	44.97
2.399	9.77	44.97
2.398	9.78	44.97
2.398	9.78	44.97
2.398	9.78	44.97
2.397	9.78	44.97
2.397	9.78	44.97
2.396	9.79	44.97
2.396	9.79	44.97
2.395	9.80	44.97
2.394	9.80	44.97
2.393	9.80	44.97
2.393	9.80	44.97
2.393	9.80	44.97
2.392	9.80	44.97
2.392	9.80	44.97
2.392	9.80	44.97
2.392	9.80	44.97
2.391	9.80	44.97
2.391	9.81	44.97
2.390	9.81	44.97
2.390	9.82	44.97
2.389	9.83	44.97
2.389	9.83	44.97
2.388	9.83	44.97
2.387	9.84	44.97
2.386	9.84	44.97
2.386	9.84	44.97
2.386	9.84	44.97
2.386	9.84	44.97
2.386	9.84	44.97
2.385	9.85	44.97
2.384	9.85	44.97
2.383	9.86	44.97
2.382	9.87	44.97
2.381	9.87	44.97
2.381	9.87	44.97
2.380	9.88	44.97
2.380	9.88	44.97
2.380	9.88	44.97
2.379	9.88	44.97
2.378	9.88	44.97
2.378	9.89	44.97
2.377	9.90	44.96
2.376	9.90	44.96
2.376	9.90	44.96
2.376	9.90	44.96
2.375	9.91	44.96
2.374	9.91	44.96
2.374	9.91	44.96
2.373	9.92	44.96
2.372	9.92	44.96
2.372	9.93	44.96
2.371	9.93	44.96
2.370	9.93	44.96
2.370	9.94	44.96
2.368	9.95	44.96
2.366	9.96	44.96
2.365	9.96	44.96
2.365	9.97	44.96
2.364	9.97	44.96
2.364	9.97	44.96
2.362	9.98	44.96
2.360	9.99	44.96
2.358	10.00	44.96
2.357	10.00	44.96
2.356	10.00	44.96
2.356	10.00	44.96
2.356	10.01	44.96
2.355	10.02	44.96
2.354	10.02	44.96
2.353	10.02	44.96
2.351	10.03	44.96
2.351	10.03	44.96
2.350	10.04	44.95
2.349	10.04	44.95
2.348	10.05	44.95
2.347	10.06	44.95
2.346	10.06	44.95
2.345	10.06	44.95
2.343	10.07	44.95
2.342	10.07	44.95
2.341	10.08	44.95
2.341	10.08	44.95
2.340	10.09	44.95
2.339	10.09	44.95
2.338	10.09	44.95
2.338	10.09	44.95
2.337	10.10	44.95
2.336	10.10	44.95
2.335	10.11	44.95
2.334	10.11	44.95
2.333	10.11	44.95
2.333	10.12	44.95
2.332	10.12	44.95
2.332	10.12	44.95
2.331	10.12	44.95
2.331	10.13	44.95
2.331	10.13	44.95
2.330	10.14	44.95
2.330	10.13	44.95
2.329	10.14	44.95
2.329	10.14	44.95
2.329	10.14	44.95
2.328	10.14	44.95
2.327	10.15	44.95
2.327	10.14	44.95
2.327	10.15	44.95
2.327	10.15	44.95
2.327	10.15	44.95
2.327	10.15	44.95
2.327	10.15	44.95
2.326	10.15	44.95
2.326	10.15	44.95
2.325	10.15	44.95
2.325	10.15	44.95
2.325	10.15	44.95
2.324	10.15	44.95
2.324	10.16	44.95
2.324	10.16	44.95
2.324	10.16	44.95
2.324	10.16	44.95
2.323	10.16	44.95
2.323	10.16	44.95
2.322	10.17	44.95
2.322	10.17	44.95
2.322	10.17	44.95
2.321	10.18	44.95
2.321	10.18	44.95
2.321	10.18	44.95
2.320	10.18	44.95
2.320	10.18	44.95
2.319	10.18	44.95
2.319	10.19	44.95
2.319	10.18	44.95
2.319	10.19	44.95
2.319	10.19	44.95
2.319	10.19	44.95
2.318	10.19	44.95
2.318	10.19	44.94
2.317	10.20	44.94
2.316	10.20	44.94
2.316	10.20	44.94
2.316	10.20	44.94
2.315	10.20	44.94
2.315	10.21	44.94
2.314	10.21	44.94
2.314	10.21	44.94
2.313	10.21	44.94
2.313	10.21	44.94
2.313	10.22	44.94
2.312	10.22	44.94
2.312	10.22	44.94
2.312	10.22	44.94
2.311	10.22	44.94
2.310	10.23	44.94
2.309	10.23	44.94
2.308	10.23	44.94
2.307	10.24	44.94
2.307	10.24	44.94
2.306	10.24	44.94
2.305	10.25	44.94
2.305	10.24	44.94
2.305	10.24	44.94
2.304	10.25	44.94
2.304	10.25	44.94
2.304	10.25	44.94
2.304	10.25	44.94
2.303	10.26	44.94
2.303	10.26	44.94
2.303	10.26	44.94
2.302	10.26	44.94
2.302	10.26	44.94
2.302	10.26	44.94
2.301	10.26	44.94
2.301	10.26	44.94
2.301	10.26	44.94
2.301	10.26	44.94
2.301	10.26	44.94
2.300	10.27	44.94
2.300	10.27	44.94
2.299	10.27	44.94
2.299	10.27	44.94
2.299	10.27	44.94
2.299	10.27	44.94
2.299	10.27	44.94
2.299	10.27	44.94
2.299	10.27	44.94
2.299	10.27	44.94
2.299	10.27	44.93
2.299	10.27	44.94
2.299	10.27	44.93
2.299	10.27	44.93
2.299	10.27	44.93
2.299	10.28	44.93
2.298	10.28	44.93
2.298	10.28	44.93
2.297	10.29	44.93
2.296	10.29	44.93
2.295	10.29	44.93
2.294	10.30	44.93
2.294	10.30	44.93
2.294	10.30	44.93
2.293	10.31	44.93
2.292	10.31	44.93
2.291	10.32	44.93
2.289	10.33	44.93
2.288	10.34	44.93
2.288	10.34	44.93
2.287	10.34	44.93
2.286	10.35	44.93
2.285	10.35	44.93
2.284	10.36	44.93
2.283	10.36	44.93
2.282	10.38	44.93
2.280	10.39	44.92
2.278	10.40	44.92
2.277	10.40	44.92
2.277	10.40	44.92
2.277	10.41	44.92
2.276	10.41	44.92
2.276	10.42	44.92
2.275	10.45	44.92
2.274	10.44	44.92
2.274	10.43	44.92
2.273	10.43	44.92
2.272	10.44	44.92
2.271	10.44	44.92
2.271	10.44	44.92
2.271	10.44	44.92
2.270	10.44	44.92
2.270	10.44	44.92
2.270	10.44	44.92
2.269	10.44	44.92
2.268	10.44	44.92
2.268	10.44	44.92
2.267	10.44	44.92
2.267	10.45	44.92
2.267	10.45	44.92
2.267	10.45	44.92
2.266	10.45	44.92
2.265	10.46	44.92
2.265	10.46	44.92
2.265	10.46	44.92
2.264	10.46	44.92
2.264	10.47	44.92
2.263	10.48	44.92
2.262	10.49	44.92
2.261	10.49	44.92
2.260	10.49	44.92
2.260	10.49	44.92
2.260	10.50	44.92
2.260	10.50	44.92
2.259	10.50	44.92
2.259	10.50	44.92
2.259	10.50	44.92
2.257	10.51	44.92
2.255	10.52	44.92
2.254	10.53	44.92
2.253	10.53	44.92
2.251	10.54	44.92
2.250	10.55	44.92
2.249	10.55	44.92
2.249	10.55	44.92
2.248	10.56	44.92
2.247	10.57	44.92
2.246	10.57	44.92
2.245	10.57	44.92
2.244	10.58	44.91
2.244	10.58	44.91
2.243	10.58	44.91
2.243	10.58	44.91
2.243	10.58	44.91
2.242	10.59	44.91
2.241	10.59	44.91
2.241	10.59	44.91
2.241	10.59	44.91
2.240	10.60	44.91
2.239	10.61	44.91
2.239	10.61	44.91
2.238	10.61	44.91
2.237	10.62	44.91
2.237	10.62	44.91
2.236	10.62	44.91
2.235	10.62	44.91
2.235	10.62	44.91
2.234	10.63	44.91
2.234	10.63	44.91
2.233	10.63	44.91
2.233	10.63	44.91
2.232	10.64	44.91
2.232	10.64	44.91
2.232	10.64	44.91
2.232	10.64	44.91
2.232	10.64	44.91
2.231	10.64	44.91
2.231	10.65	44.91
2.230	10.65	44.91
2.230	10.65	44.91
2.230	10.65	44.91
2.230	10.65	44.91
2.229	10.66	44.91
2.228	10.67	44.91
2.227	10.67	44.91
2.226	10.67	44.91
2.225	10.68	44.91
2.225	10.68	44.91
2.225	10.68	44.91
2.224	10.69	44.91
2.222	10.69	44.91
2.222	10.69	44.91
2.222	10.69	44.91
2.221	10.70	44.91
2.220	10.70	44.91
2.219	10.71	44.91
2.219	10.71	44.91
2.218	10.72	44.91
2.217	10.72	44.91
2.217	10.72	44.91
2.216	10.72	44.90
2.216	10.73	44.91
2.215	10.73	44.90
2.215	10.74	44.90
2.214	10.74	44.90
2.214	10.74	44.90
2.213	10.74	44.90
2.212	10.74	44.90
2.211	10.75	44.90
2.210	10.76	44.90
2.209	10.76	44.90
2.208	10.77	44.90
2.207	10.77	44.90
2.207	10.77	44.90
2.207	10.77	44.90
2.206	10.77	44.90
2.206	10.78	44.90
2.204	10.79	44.90
2.204	10.79	44.90
2.203	10.80	44.90
2.203	10.80	44.90
2.202	10.80	44.90
2.201	10.80	44.90
2.201	10.81	44.90
2.200	10.82	44.90
2.200	10.82	44.90
2.199	10.83	44.90
2.198	10.83	44.90
2.198	10.83	44.90
2.198	10.83	44.90
2.197	10.84	44.90
2.196	10.84	44.90
2.194	10.85	44.90
2.193	10.85	44.90
2.193	10.85	44.90
2.192	10.86	44.90
2.192	10.87	44.90
2.191	10.87	44.90
2.191	10.87	44.90
2.190	10.87	44.90
2.190	10.88	44.90
2.189	10.88	44.90
2.188	10.89	44.90
2.187	10.90	44.90
2.186	10.91	44.90
2.185	10.91	44.90
2.185	10.91	44.90
2.185	10.91	44.90
2.185	10.91	44.90
2.185	10.91	44.90
2.185	10.92	44.90
2.184	10.92	44.90
2.183	10.93	44.90
2.181	10.94	44.90
2.180	10.94	44.89
2.178	10.95	44.89
2.178	10.95	44.89
2.178	10.95	44.89
2.178	10.95	44.89
2.178	10.95	44.89
2.178	10.95	44.89
2.178	10.95	44.89
2.178	10.96	44.89
2.178	10.96	44.89
2.178	10.96	44.89
2.178	10.96	44.89
2.177	10.97	44.89
2.177	10.97	44.89
2.176	10.97	44.89
2.176	10.98	44.89
2.175	10.97	44.89
2.175	10.98	44.89
2.175	10.98	44.89
2.175	10.98	44.89
2.174	10.98	44.89
2.174	10.98	44.89
2.174	10.98	44.89
2.174	10.98	44.89
2.174	10.98	44.89
2.174	10.98	44.89
2.174	10.99	44.89
2.174	11.00	44.89
2.173	11.00	44.89
2.173	11.01	44.88
2.173	11.01	44.88
2.173	11.02	44.88
2.172	11.02	44.88
2.171	11.04	44.88
2.170	11.05	44.88
2.169	11.04	44.88
2.170	11.04	44.88
2.169	11.04	44.88
2.169	11.04	44.88
2.169	11.05	44.88
2.169	11.05	44.88
2.168	11.05	44.88
2.167	11.06	44.88
2.166	11.06	44.88
2.166	11.06	44.88
2.166	11.06	44.88
2.166	11.07	44.88
2.166	11.06	44.88
2.166	11.07	44.88
2.166	11.06	44.88
2.165	11.06	44.88
2.165	11.06	44.88
2.164	11.06	44.88
2.163	11.06	44.88
2.161	11.07	44.88
2.160	11.07	44.88
2.159	11.07	44.88
2.158	11.07	44.88
2.158	11.07	44.88
2.158	11.07	44.88
2.157	11.08	44.88
2.157	11.08	44.88
2.155	11.09	44.88
2.154	11.10	44.88
2.154	11.10	44.88
2.153	11.10	44.88
2.153	11.10	44.88
2.152	11.11	44.88
2.152	11.11	44.88
2.151	11.11	44.88
2.151	11.11	44.88
2.151	11.12	44.88
2.150	11.12	44.88
2.150	11.13	44.88
2.149	11.13	44.88
2.149	11.13	44.88
2.149	11.13	44.88
2.149	11.13	44.88
2.149	11.14	44.88
2.148	11.14	44.88
2.148	11.14	44.87
2.148	11.14	44.87
2.147	11.15	44.87
2.147	11.16	44.87
2.146	11.16	44.87
2.145	11.16	44.87
2.144	11.16	44.87
2.144	11.16	44.87
2.144	11.16	44.87
2.143	11.16	44.87
2.143	11.16	44.87
2.142	11.17	44.87
2.142	11.17	44.87
2.142	11.17	44.87
2.141	11.17	44.87
2.140	11.18	44.87
2.140	11.18	44.87
2.140	11.18	44.87
2.139	11.18	44.87
2.138	11.19	44.87
2.138	11.19	44.87
2.138	11.19	44.87
2.138	11.19	44.87
2.137	11.19	44.87
2.137	11.19	44.87
2.137	11.19	44.87
2.137	11.20	44.87
2.136	11.19	44.87
2.136	11.20	44.87
2.136	11.20	44.87
2.135	11.21	44.87
2.135	11.21	44.87
2.135	11.21	44.87
2.134	11.21	44.87
2.134	11.22	44.87
2.134	11.22	44.87
2.133	11.22	44.87
2.133	11.22	44.87
2.132	11.22	44.87
2.132	11.22	44.87
2.132	11.22	44.87
2.131	11.23	44.87
2.131	11.23	44.87
2.131	11.23	44.87
2.131	11.23	44.87
2.131	11.23	44.87
2.130	11.24	44.87
2.130	11.24	44.87
2.129	11.24	44.87
2.129	11.25	44.87
2.129	11.25	44.86
2.128	11.26	44.86
2.128	11.26	44.86
2.127	11.26	44.86
2.127	11.26	44.86
2.127	11.26	44.86
2.126	11.27	44.86
2.125	11.27	44.86
2.125	11.27	44.86
2.124	11.28	44.86
2.124	11.27	44.86
2.124	11.28	44.86
2.123	11.28	44.86
2.123	11.28	44.86
2.123	11.29	44.86
2.122	11.29	44.86
2.122	11.29	44.86
2.122	11.29	44.86
2.122	11.29	44.86
2.121	11.30	44.86
2.121	11.30	44.86
2.121	11.30	44.86
2.120	11.30	44.86
2.120	11.31	44.86
2.119	11.31	44.86
2.119	11.31	44.86
2.118	11.31	44.86
2.118	11.32	44.86
2.117	11.32	44.86
2.117	11.32	44.86
2.116	11.33	44.86
2.116	11.33	44.86
2.116	11.32	44.85
2.115	11.33	44.85
2.114	11.33	44.85
2.114	11.34	44.85
2.113	11.34	44.85
2.113	11.35	44.85
2.112	11.36	44.85
2.111	11.36	44.85
2.110	11.37	44.85
2.109	11.37	44.85
2.109	11.38	44.85
2.109	11.38	44.85
2.109	11.38	44.85
2.108	11.38	44.85
2.108	11.39	44.85
2.107	11.39	44.85
2.106	11.40	44.85
2.105	11.40	44.85
2.105	11.40	44.85
2.105	11.41	44.85
2.104	11.41	44.85
2.104	11.41	44.85
2.103	11.41	44.85
2.103	11.41	44.85
2.103	11.42	44.85
2.102	11.42	44.85
2.102	11.42	44.85
2.101	11.42	44.85
2.101	11.42	44.85
2.101	11.42	44.85
2.101	11.43	44.85
2.101	11.43	44.85
2.100	11.43	44.85
2.100	11.43	44.85
2.100	11.43	44.85
2.100	11.44	44.85
2.099	11.44	44.85
2.099	11.44	44.85
2.099	11.44	44.85
2.098	11.44	44.85
2.098	11.45	44.85
2.097	11.45	44.85
2.097	11.46	44.85
2.096	11.46	44.85
2.095	11.47	44.85
2.095	11.47	44.85
2.094	11.48	44.85
2.094	11.47	44.85
2.094	11.48	44.85
2.093	11.48	44.85
2.093	11.48	44.85
2.093	11.48	44.85
2.093	11.48	44.85
2.093	11.48	44.85
2.093	11.48	44.85
2.093	11.48	44.85
2.093	11.48	44.85
2.093	11.48	44.84
2.093	11.48	44.84
2.092	11.49	44.84
2.092	11.49	44.84
2.092	11.49	44.84
2.092	11.49	44.84
2.092	11.49	44.84
2.092	11.49	44.84
2.092	11.49	44.84
2.092	11.49	44.84
2.091	11.49	44.84
2.091	11.50	44.84
2.091	11.50	44.84
2.090	11.50	44.84
2.090	11.50	44.84
2.090	11.51	44.84
2.089	11.51	44.84
2.089	11.51	44.84
2.089	11.51	44.84
2.089	11.51	44.84
2.088	11.52	44.84
2.088	11.52	44.84
2.088	11.52	44.84
2.088	11.52	44.84
2.087	11.52	44.84
2.087	11.52	44.84
2.087	11.52	44.84
2.087	11.52	44.84
2.087	11.52	44.84
2.087	11.52	44.84
2.087	11.52	44.84
2.087	11.53	44.84
2.087	11.52	44.84
2.086	11.53	44.84
2.086	11.52	44.84
2.085	11.53	44.84
2.085	11.53	44.84
2.085	11.53	44.84
2.084	11.53	44.84
2.084	11.53	44.84
2.083	11.53	44.84
2.083	11.54	44.84
2.083	11.54	44.84
2.083	11.54	44.84
2.082	11.54	44.84
2.082	11.54	44.84
2.081	11.55	44.84
2.081	11.55	44.84
2.080	11.55	44.84
2.080	11.55	44.84
2.079	11.55	44.83
2.079	11.55	44.83
2.078	11.56	44.83
2.077	11.56	44.83
2.076	11.57	44.83
2.076	11.57	44.83
2.076	11.57	44.83
2.075	11.58	44.83
2.074	11.58	44.83
2.074	11.58	44.83
2.073	11.59	44.83
2.073	11.59	44.83
2.073	11.59	44.83
2.072	11.59	44.83
2.072	11.59	44.83
2.072	11.59	44.83
2.071	11.59	44.83
2.071	11.59	44.83
2.070	11.60	44.83
2.069	11.61	44.83
2.069	11.62	44.83
2.068	11.62	44.83
2.067	11.62	44.83
2.067	11.62	44.83
2.067	11.62	44.83
2.066	11.62	44.83
2.066	11.63	44.83
2.065	11.63	44.83
2.065	11.64	44.83
2.064	11.64	44.83
2.064	11.65	44.82
2.063	11.65	44.82
2.063	11.65	44.82
2.062	11.65	44.82
2.062	11.65	44.82
2.062	11.66	44.82
2.061	11.66	44.82
2.061	11.66	44.82
2.061	11.66	44.82
2.061	11.66	44.82
2.061	11.66	44.82
2.060	11.66	44.82
2.060	11.66	44.82
2.059	11.66	44.82
2.059	11.67	44.82
2.059	11.67	44.82
2.058	11.67	44.82
2.058	11.67	44.82
2.058	11.67	44.82
2.058	11.67	44.82
2.058	11.67	44.82
2.058	11.67	44.82
2.057	11.68	44.82
2.057	11.68	44.82
2.056	11.68	44.82
2.056	11.69	44.82
2.056	11.69	44.82
2.055	11.69	44.82
2.055	11.69	44.82
2.055	11.70	44.82
2.055	11.70	44.82
2.055	11.70	44.82
2.055	11.70	44.82
2.054	11.71	44.82
2.054	11.71	44.82
2.054	11.71	44.82
2.053	11.71	44.82
2.053	11.71	44.82
2.053	11.71	44.82
2.053	11.71	44.82
2.052	11.71	44.82
2.052	11.71	44.82
2.052	11.71	44.82
2.052	11.71	44.82
2.052	11.72	44.82
2.051	11.72	44.82
2.051	11.72	44.82
2.051	11.72	44.82
2.051	11.72	44.82
2.050	11.72	44.82
2.050	11.73	44.82
2.050	11.73	44.82
2.050	11.73	44.82
2.050	11.73	44.82
2.050	11.73	44.82
2.050	11.73	44.82
2.050	11.73	44.81
2.050	11.73	44.81
2.050	11.73	44.81
2.050	11.73	44.81
2.050	11.73	44.81
2.050	11.74	44.81
2.049	11.74	44.81
2.049	11.74	44.81
2.049	11.75	44.81
2.049	11.75	44.81
2.049	11.75	44.81
2.048	11.75	44.81
2.048	11.75	44.81
2.048	11.75	44.81
2.048	11.75	44.81
2.048	11.75	44.81
2.047	11.76	44.81
2.047	11.75	44.81
2.047	11.76	44.81
2.047	11.76	44.81
2.046	11.77	44.81
2.046	11.77	44.81
2.045	11.77	44.81
2.045	11.77	44.81
2.045	11.78	44.81
2.045	11.78	44.81
2.045	11.78	44.81
2.044	11.78	44.81
2.044	11.78	44.81
2.044	11.78	44.81
2.044	11.78	44.81
2.044	11.79	44.81
2.044	11.79	44.81
2.043	11.80	44.81
2.043	11.80	44.81
2.043	11.80	44.81
2.042	11.80	44.81
2.042	11.80	44.81
2.042	11.80	44.81
2.042	11.81	44.81
2.042	11.81	44.81
2.042	11.80	44.81
2.041	11.81	44.81
2.041	11.81	44.81
2.040	11.81	44.81
2.039	11.82	44.81
2.039	11.82	44.81
2.038	11.83	44.81
2.037	11.84	44.81
2.035	11.84	44.81
2.034	11.85	44.81
2.033	11.86	44.81
2.033	11.86	44.81
2.032	11.86	44.81
2.032	11.86	44.81
2.032	11.86	44.81
2.032	11.87	44.81
2.030	11.88	44.81
2.029	11.89	44.81
2.029	11.89	44.80
2.028	11.89	44.80
2.028	11.89	44.80
2.027	11.89	44.80
2.027	11.89	44.80
2.026	11.90	44.80
2.026	11.91	44.80
2.025	11.91	44.80
2.024	11.91	44.80
2.024	11.91	44.80
2.024	11.91	44.80
2.024	11.93	44.80
2.023	11.93	44.80
2.022	11.94	44.80
2.022	11.94	44.80
2.022	11.94	44.80
2.022	11.94	44.80
2.021	11.94	44.80
2.021	11.95	44.80
2.020	11.95	44.80
2.020	11.95	44.80
2.020	11.96	44.80
2.019	11.96	44.80
2.019	11.96	44.80
2.019	11.96	44.80
2.019	11.96	44.80
2.019	11.96	44.80
2.018	11.96	44.80
2.018	11.96	44.80
2.018	11.97	44.80
2.018	11.97	44.80
2.017	11.97	44.80
2.016	11.97	44.80
2.016	11.98	44.80
2.016	11.98	44.80
2.015	11.99	44.80
2.014	11.98	44.80
2.014	11.99	44.80
2.013	11.99	44.80
2.012	11.99	44.80
2.011	12.00	44.80
2.011	12.00	44.80
2.011	12.00	44.80
2.011	12.00	44.80
2.011	12.00	44.80
2.010	12.01	44.80
2.010	12.02	44.80
2.009	12.02	44.80
2.010	12.02	44.80
2.010	12.01	44.80
2.010	12.02	44.80
2.009	12.02	44.80
2.009	12.02	44.80
2.009	12.02	44.80
2.009	12.03	44.80
2.008	12.03	44.80
2.007	12.03	44.79
2.006	12.04	44.79
2.005	12.04	44.79
2.003	12.06	44.79
2.001	12.08	44.79
1.999	12.08	44.79
1.998	12.09	44.79
1.997	12.09	44.79
1.996	12.10	44.79
1.995	12.10	44.79
1.995	12.11	44.79
1.994	12.11	44.79
1.994	12.11	44.79
1.993	12.11	44.79
1.993	12.12	44.79
1.992	12.13	44.79
1.992	12.13	44.79
1.991	12.14	44.79
1.990	12.14	44.79
1.989	12.14	44.79
1.989	12.15	44.79
1.989	12.15	44.79
1.988	12.15	44.79
1.988	12.16	44.79
1.987	12.16	44.79
1.986	12.17	44.79
1.986	12.17	44.79
1.985	12.18	44.79
1.985	12.18	44.78
1.985	12.18	44.78
1.984	12.18	44.78
1.984	12.17	44.78
1.983	12.18	44.78
1.983	12.18	44.78
1.983	12.18	44.78
1.983	12.18	44.78
1.982	12.19	44.78
1.982	12.19	44.78
1.982	12.19	44.78
1.982	12.19	44.78
1.982	12.19	44.78
1.981	12.20	44.78
1.981	12.20	44.78
1.981	12.20	44.78
1.981	12.21	44.78
1.980	12.21	44.78
1.980	12.21	44.78
1.979	12.21	44.78
1.979	12.21	44.78
1.979	12.21	44.78
1.979	12.21	44.78
1.978	12.22	44.78
1.977	12.22	44.78
1.977	12.23	44.78
1.977	12.24	44.78
1.976	12.24	44.78
1.976	12.24	44.78
1.976	12.24	44.78
1.975	12.24	44.78
1.975	12.24	44.78
1.975	12.25	44.78
1.974	12.25	44.78
1.974	12.25	44.78
1.974	12.25	44.78
1.974	12.25	44.78
1.974	12.25	44.78
1.974	12.26	44.78
1.973	12.26	44.78
1.973	12.26	44.78
1.972	12.26	44.78
1.972	12.26	44.78
1.972	12.27	44.78
1.971	12.28	44.78
1.971	12.28	44.78
1.970	12.29	44.78
1.970	12.28	44.78
1.969	12.29	44.78
1.968	12.30	44.78
1.968	12.30	44.78
1.967	12.30	44.78
1.967	12.30	44.78
1.967	12.30	44.78
1.967	12.31	44.78
1.966	12.31	44.78
1.966	12.32	44.78
1.965	12.32	44.78
1.965	12.33	44.78
1.964	12.33	44.78
1.964	12.34	44.77
1.963	12.33	44.78
1.963	12.34	44.78
1.963	12.33	44.77
1.962	12.34	44.77
1.961	12.35	44.77
1.961	12.35	44.77
1.960	12.35	44.77
1.960	12.35	44.77
1.959	12.37	44.77
1.959	12.37	44.77
1.959	12.37	44.77
1.958	12.38	44.77
1.958	12.38	44.77
1.958	12.38	44.77
1.957	12.39	44.77
1.957	12.39	44.77
1.956	12.40	44.77
1.956	12.40	44.77
1.955	12.40	44.77
1.955	12.41	44.77
1.954	12.41	44.77
1.953	12.42	44.77
1.953	12.42	44.77
1.952	12.42	44.77
1.952	12.42	44.77
1.952	12.43	44.77
1.951	12.43	44.77
1.951	12.43	44.77
1.950	12.44	44.77
1.950	12.43	44.77
1.950	12.43	44.77
1.950	12.43	44.77
1.950	12.44	44.77
1.950	12.44	44.77
1.950	12.44	44.77
1.949	12.44	44.77
1.949	12.45	44.77
1.949	12.44	44.77
1.949	12.45	44.77
1.949	12.44	44.77
1.948	12.45	44.77
1.948	12.46	44.77
1.948	12.45	44.77
1.948	12.45	44.77
1.948	12.45	44.77
1.947	12.45	44.77
1.947	12.45	44.77
1.947	12.45	44.77
1.947	12.46	44.77
1.947	12.46	44.77
1.946	12.46	44.77
1.946	12.46	44.77
1.946	12.46	44.77
1.946	12.46	44.77
1.945	12.47	44.77
1.945	12.46	44.77
1.945	12.46	44.76
1.945	12.46	44.76
1.945	12.46	44.76
1.944	12.47	44.76
1.944	12.47	44.76
1.944	12.46	44.76
1.944	12.47	44.76
1.944	12.47	44.76
1.944	12.47	44.76
1.944	12.48	44.76
1.943	12.48	44.76
1.943	12.48	44.76
1.942	12.48	44.76
1.942	12.48	44.76
1.941	12.49	44.76
1.941	12.49	44.76
1.940	12.49	44.76
1.940	12.50	44.76
1.939	12.50	44.76
1.938	12.50	44.76
1.938	12.50	44.76
1.938	12.50	44.76
1.937	12.51	44.76
1.937	12.51	44.76
1.937	12.51	44.76
1.937	12.52	44.76
1.937	12.50	44.76
1.937	12.50	44.76
1.936	12.51	44.76
1.936	12.51	44.75
1.936	12.51	44.76
1.935	12.51	44.75
1.935	12.52	44.75
1.935	12.52	44.75
1.935	12.52	44.75
1.934	12.52	44.75
1.934	12.53	44.75
1.933	12.53	44.75
1.933	12.53	44.75
1.933	12.53	44.75
1.933	12.54	44.75
1.932	12.54	44.75
1.932	12.54	44.75
1.932	12.55	44.75
1.932	12.55	44.75
1.931	12.56	44.75
1.931	12.56	44.75
1.930	12.56	44.75
1.930	12.56	44.75
1.930	12.56	44.75
1.930	12.57	44.75
1.929	12.56	44.75
1.929	12.56	44.75
1.929	12.57	44.75
1.929	12.56	44.75
1.929	12.57	44.75
1.928	12.57	44.75
1.928	12.57	44.75
1.927	12.57	44.75
1.927	12.58	44.75
1.927	12.58	44.75
1.927	12.58	44.75
1.926	12.58	44.75
1.926	12.59	44.75
1.926	12.59	44.75
1.925	12.60	44.75
1.925	12.60	44.75
1.925	12.60	44.75
1.925	12.59	44.75
1.924	12.60	44.75
1.924	12.60	44.75
1.924	12.60	44.75
1.924	12.59	44.75
1.924	12.60	44.75
1.924	12.60	44.75
1.924	12.60	44.75
1.924	12.60	44.75
1.924	12.60	44.75
1.924	12.60	44.75
1.923	12.61	44.75
1.923	12.61	44.75
1.923	12.61	44.75
1.922	12.61	44.75
1.922	12.62	44.75
1.922	12.62	44.75
1.922	12.62	44.75
1.922	12.62	44.75
1.922	12.62	44.75
1.921	12.62	44.75
1.921	12.62	44.75
1.921	12.62	44.74
1.921	12.62	44.75
1.921	12.62	44.74
1.920	12.63	44.74
1.920	12.63	44.74
1.920	12.63	44.74
1.919	12.63	44.74
1.919	12.63	44.74
1.919	12.63	44.74
1.919	12.64	44.74
1.918	12.64	44.74
1.918	12.64	44.74
1.918	12.64	44.74
1.918	12.64	44.74
1.918	12.64	44.74
1.918	12.65	44.74
1.917	12.65	44.74
1.917	12.65	44.74
1.917	12.65	44.74
1.917	12.66	44.74
1.917	12.65	44.74
1.917	12.65	44.74
1.917	12.65	44.74
1.916	12.66	44.74
1.916	12.65	44.74
1.916	12.66	44.74
1.916	12.66	44.74
1.916	12.66	44.74
1.916	12.67	44.74
1.915	12.67	44.74
1.915	12.67	44.74
1.915	12.67	44.74
1.914	12.67	44.74
1.914	12.68	44.74
1.913	12.69	44.74
1.913	12.69	44.74
1.913	12.70	44.74
1.913	12.70	44.74
1.912	12.71	44.74
1.912	12.71	44.74
1.912	12.70	44.74
1.912	12.71	44.74
1.912	12.70	44.74
1.911	12.71	44.74
1.911	12.70	44.74
1.911	12.71	44.74
1.911	12.71	44.74
1.911	12.71	44.74
1.910	12.71	44.74
1.910	12.71	44.74
1.910	12.72	44.74
1.910	12.71	44.74
1.910	12.72	44.74
1.909	12.72	44.74
1.909	12.72	44.74
1.909	12.72	44.74
1.908	12.73	44.74
1.908	12.73	44.74
1.908	12.73	44.74
1.908	12.74	44.74
1.907	12.74	44.74
1.907	12.73	44.74
1.907	12.74	44.74
1.907	12.74	44.74
1.907	12.74	44.74
1.907	12.73	44.73
1.906	12.74	44.73
1.906	12.74	44.73
1.906	12.75	44.73
1.906	12.75	44.73
1.905	12.75	44.73
1.905	12.75	44.73
1.905	12.76	44.73
1.905	12.76	44.73
1.905	12.76	44.73
1.904	12.77	44.73
1.904	12.77	44.73
1.904	12.77	44.73
1.903	12.76	44.73
1.903	12.77	44.73
1.903	12.77	44.73
1.903	12.77	44.73
1.903	12.77	44.73
1.902	12.78	44.73
1.902	12.78	44.73
1.901	12.78	44.73
1.901	12.79	44.73
1.901	12.80	44.73
1.900	12.80	44.73
1.900	12.79	44.73
1.900	12.80	44.73
1.899	12.80	44.73
1.899	12.80	44.73
1.899	12.81	44.73
1.898	12.80	44.73
1.898	12.81	44.73
1.898	12.82	44.73
1.897	12.81	44.73
1.897	12.81	44.73
1.896	12.82	44.73
1.896	12.82	44.73
1.896	12.82	44.73
1.896	12.82	44.73
1.895	12.83	44.73
1.895	12.83	44.73
1.895	12.83	44.73
1.895	12.84	44.73
1.894	12.83	44.73
1.894	12.85	44.73
1.894	12.85	44.73
1.893	12.85	44.73
1.893	12.85	44.73
1.893	12.86	44.73
1.892	12.86	44.73
1.892	12.86	44.73
1.892	12.86	44.72
1.892	12.87	44.72
1.891	12.87	44.72
1.891	12.88	44.72
1.891	12.88	44.72
1.891	12.88	44.72
1.890	12.89	44.72
1.890	12.88	44.72
1.890	12.88	44.72
1.890	12.89	44.72
1.890	12.88	44.72
1.889	12.89	44.72
1.889	12.90	44.72
1.889	12.89	44.72
1.889	12.89	44.72
1.889	12.89	44.72
1.888	12.90	44.72
1.888	12.90	44.72
1.888	12.91	44.72
1.887	12.91	44.72
1.887	12.91	44.72
1.887	12.91	44.72
1.887	12.91	44.72
1.887	12.91	44.72
1.887	12.91	44.72
1.887	12.92	44.72
1.886	12.91	44.72
1.886	12.91	44.72
1.886	12.91	44.71
1.886	12.91	44.71
1.886	12.92	44.71
1.886	12.92	44.71
1.886	12.92	44.71
1.886	12.92	44.71
1.886	12.91	44.71
1.886	12.92	44.71
1.886	12.92	44.71
1.886	12.92	44.71
1.885	12.92	44.71
1.885	12.92	44.71
1.885	12.92	44.71
1.884	12.93	44.71
1.884	12.93	44.71
1.884	12.93	44.71
1.883	12.94	44.71
1.883	12.93	44.71
1.883	12.93	44.71
1.883	12.93	44.71
1.882	12.94	44.71
1.882	12.94	44.71
1.881	12.93	44.71
1.881	12.94	44.71
1.881	12.94	44.71
1.880	12.95	44.71
1.880	12.95	44.71
1.879	12.95	44.71
1.879	12.95	44.71
1.879	12.96	44.71
1.879	12.96	44.71
1.878	12.96	44.71
1.878	12.96	44.71
1.878	12.96	44.71
1.877	12.97	44.71
1.877	12.97	44.71
1.877	12.98	44.71
1.876	12.97	44.71
1.876	12.97	44.71
1.875	12.97	44.71
1.875	12.98	44.71
1.875	12.99	44.71
1.874	12.99	44.71
1.874	13.00	44.71
1.873	12.99	44.71
1.873	12.99	44.71
1.873	13.00	44.71
1.873	12.99	44.71
1.872	13.01	44.71
1.872	13.00	44.71
1.871	13.01	44.71
1.871	13.01	44.71
1.871	13.01	44.71
1.871	13.00	44.71
1.871	13.01	44.71
1.871	13.01	44.71
1.870	13.02	44.71
1.870	13.02	44.71
1.869	13.02	44.71
1.869	13.03	44.71
1.869	13.03	44.70
1.869	13.03	44.71
1.869	13.02	44.70
1.868	13.03	44.70
1.868	13.03	44.70
1.868	13.04	44.70
1.868	13.04	44.70
1.867	13.04	44.70
1.867	13.05	44.70
1.867	13.04	44.70
1.866	13.05	44.70
1.866	13.06	44.70
1.865	13.05	44.70
1.865	13.07	44.70
1.865	13.06	44.70
1.864	13.06	44.70
1.864	13.06	44.70
1.864	13.07	44.70
1.863	13.06	44.70
1.863	13.07	44.70
1.863	13.07	44.70
1.863	13.07	44.70
1.863	13.07	44.70
1.863	13.07	44.70
1.863	13.08	44.70
1.863	13.08	44.70
1.862	13.07	44.70
1.862	13.07	44.70
1.863	13.08	44.70
1.863	13.08	44.70
1.862	13.08	44.70
1.862	13.08	44.70
1.862	13.09	44.70
1.862	13.08	44.70
1.862	13.09	44.70
1.861	13.09	44.70
1.861	13.08	44.70
1.861	13.09	44.70
1.861	13.09	44.70
1.861	13.09	44.70
1.861	13.09	44.70
1.861	13.09	44.70
1.861	13.09	44.70
1.861	13.09	44.70
1.860	13.10	44.70
1.860	13.10	44.70
1.860	13.10	44.70
1.860	13.10	44.70
1.860	13.10	44.70
1.860	13.10	44.70
1.860	13.10	44.70
1.860	13.10	44.70
1.860	13.09	44.70
1.860	13.10	44.70
1.860	13.10	44.70
1.860	13.10	44.70
1.860	13.10	44.70
1.860	13.10	44.70
1.859	13.10	44.70
1.859	13.11	44.69
1.858	13.11	44.70
1.858	13.11	44.69
1.858	13.12	44.69
1.857	13.12	44.69
1.857	13.12	44.69
1.857	13.13	44.69
1.857	13.13	44.69
1.856	13.13	44.69
1.856	13.13	44.69
1.856	13.14	44.69
1.856	13.14	44.69
1.855	13.14	44.69
1.855	13.15	44.69
1.854	13.15	44.69
1.854	13.15	44.69
1.854	13.15	44.69
1.853	13.15	44.69
1.853	13.15	44.69
1.852	13.16	44.69
1.852	13.15	44.69
1.852	13.16	44.69
1.852	13.16	44.69
1.852	13.16	44.69
1.851	13.17	44.69
1.851	13.16	44.69
1.851	13.17	44.69
1.851	13.17	44.69
1.851	13.17	44.69
1.850	13.17	44.69
1.850	13.17	44.69
1.850	13.18	44.68
1.850	13.17	44.68
1.850	13.17	44.68
1.850	13.17	44.68
1.850	13.17	44.68
1.850	13.17	44.68
1.850	13.17	44.68
1.850	13.18	44.68
1.850	13.18	44.68
1.850	13.18	44.68
1.849	13.18	44.68
1.849	13.18	44.68
1.849	13.18	44.68
1.849	13.18	44.68
1.849	13.18	44.68
1.849	13.18	44.68
1.848	13.18	44.68
1.848	13.18	44.68
1.848	13.19	44.68
1.847	13.19	44.68
1.847	13.19	44.68
1.847	13.20	44.68
1.847	13.20	44.68
1.846	13.20	44.68
1.846	13.21	44.68
1.845	13.21	44.68
1.845	13.22	44.68
1.844	13.23	44.68
1.844	13.23	44.68
1.844	13.24	44.68
1.843	13.24	44.68
1.843	13.24	44.68
1.842	13.24	44.68
1.842	13.25	44.68
1.842	13.24	44.68
1.841	13.26	44.68
1.840	13.26	44.68
1.840	13.27	44.68
1.839	13.27	44.68
1.839	13.28	44.68
1.839	13.28	44.68
1.839	13.28	44.68
1.838	13.29	44.68
1.838	13.28	44.68
1.838	13.28	44.68
1.838	13.29	44.68
1.837	13.29	44.68
1.837	13.30	44.68
1.836	13.30	44.68
1.836	13.31	44.68
1.836	13.31	44.68
1.835	13.32	44.68
1.835	13.31	44.68
1.834	13.32	44.68
1.834	13.32	44.68
1.833	13.33	44.68
1.833	13.33	44.68
1.832	13.34	44.67
1.832	13.34	44.67
1.831	13.34	44.67
1.831	13.35	44.67
1.831	13.35	44.67
1.831	13.35	44.67
1.830	13.35	44.67
1.830	13.35	44.67
1.830	13.35	44.67
1.829	13.35	44.67
1.829	13.36	44.67
1.828	13.36	44.67
1.828	13.37	44.67
1.828	13.37	44.67
1.828	13.38	44.67
1.827	13.37	44.67
1.827	13.38	44.67
1.827	13.39	44.67
1.827	13.39	44.67
1.827	13.39	44.67
1.826	13.38	44.67
1.826	13.39	44.67
1.825	13.39	44.67
1.825	13.38	44.67
1.825	13.39	44.67
1.825	13.39	44.67
1.825	13.39	44.67
1.825	13.39	44.67
1.824	13.39	44.67
1.824	13.39	44.67
1.824	13.40	44.67
1.824	13.40	44.67
1.823	13.40	44.67
1.823	13.41	44.67
1.823	13.41	44.67
1.823	13.40	44.67
1.823	13.40	44.67
1.822	13.41	44.67
1.822	13.41	44.67
1.821	13.41	44.67
1.820	13.42	44.67
1.819	13.43	44.67
1.818	13.44	44.67
1.818	13.43	44.67
1.818	13.43	44.67
1.818	13.43	44.67
1.818	13.43	44.67
1.818	13.43	44.67
1.818	13.44	44.67
1.818	13.44	44.67
1.817	13.44	44.67
1.816	13.45	44.67
1.815	13.46	44.67
1.814	13.47	44.67
1.814	13.47	44.67
1.814	13.47	44.67
1.813	13.47	44.67
1.813	13.48	44.67
1.813	13.48	44.67
1.812	13.48	44.66
1.811	13.49	44.66
1.810	13.49	44.66
1.810	13.49	44.66
1.810	13.49	44.66
1.810	13.49	44.66
1.810	13.48	44.66
1.810	13.49	44.66
1.810	13.50	44.66
1.810	13.50	44.66
1.809	13.51	44.66
1.808	13.51	44.66
1.808	13.51	44.66
1.808	13.51	44.66
1.808	13.51	44.66
1.808	13.52	44.66
1.808	13.51	44.66
1.808	13.51	44.66
1.808	13.51	44.66
1.808	13.51	44.66
1.807	13.52	44.66
1.806	13.53	44.66
1.805	13.53	44.66
1.804	13.54	44.66
1.804	13.54	44.66
1.803	13.55	44.66
1.803	13.54	44.66
1.803	13.55	44.66
1.803	13.55	44.66
1.802	13.56	44.65
1.801	13.57	44.65
1.800	13.57	44.65
1.800	13.57	44.65
1.800	13.58	44.65
1.799	13.58	44.65
1.799	13.58	44.65
1.798	13.59	44.65
1.798	13.59	44.65
1.798	13.60	44.65
1.797	13.60	44.65
1.797	13.61	44.65
1.796	13.62	44.65
1.795	13.62	44.65
1.794	13.63	44.65
1.794	13.63	44.65
1.793	13.64	44.65
1.792	13.65	44.65
1.792	13.65	44.65
1.791	13.65	44.65
1.790	13.66	44.65
1.790	13.66	44.65
1.790	13.66	44.65
1.789	13.67	44.65
1.788	13.68	44.65
1.787	13.69	44.65
1.787	13.69	44.65
1.786	13.70	44.65
1.785	13.71	44.65
1.785	13.72	44.65
1.784	13.72	44.65
1.783	13.73	44.65
1.782	13.73	44.65
1.782	13.73	44.65
1.781	13.73	44.65
1.781	13.73	44.65
1.781	13.74	44.65
1.780	13.75	44.65
1.779	13.76	44.65
1.779	13.76	44.65
1.778	13.76	44.65
1.778	13.77	44.65
1.777	13.78	44.65
1.776	13.79	44.65
1.776	13.80	44.65
1.775	13.80	44.65
1.775	13.80	44.65
1.774	13.80	44.65
1.774	13.82	44.65
1.773	13.82	44.65
1.773	13.81	44.65
1.772	13.82	44.65
1.771	13.83	44.64
1.771	13.83	44.64
1.770	13.84	44.64
1.770	13.84	44.64
1.769	13.84	44.64
1.768	13.85	44.64
1.767	13.85	44.64
1.767	13.86	44.64
1.766	13.87	44.64
1.766	13.87	44.64
1.765	13.88	44.64
1.765	13.89	44.64
1.763	13.89	44.64
1.761	13.90	44.64
1.759	13.92	44.64
1.757	13.95	44.64
1.756	13.95	44.64
1.755	13.97	44.64
1.754	13.98	44.64
1.753	13.98	44.64
1.753	13.97	44.64
1.752	13.98	44.64
1.752	13.98	44.64
1.752	13.98	44.64
1.752	13.98	44.64
1.752	13.98	44.64
1.752	13.98	44.64
1.752	13.98	44.64
1.751	13.99	44.64
1.750	13.99	44.64
1.750	13.99	44.64
1.750	13.99	44.64
1.749	14.00	44.64
1.749	14.00	44.64
1.749	14.02	44.64
1.748	14.02	44.64
1.748	14.02	44.64
1.747	14.03	44.64
1.747	14.04	44.64
1.746	14.04	44.64
1.746	14.05	44.64
1.745	14.06	44.64
1.745	14.06	44.64
1.744	14.05	44.64
1.744	14.06	44.64
1.743	14.06	44.64
1.743	14.07	44.64
1.742	14.08	44.64
1.742	14.08	44.64
1.741	14.09	44.64
1.740	14.09	44.64
1.739	14.09	44.64
1.738	14.10	44.64
1.738	14.11	44.64
1.737	14.11	44.64
1.737	14.12	44.64
1.736	14.12	44.64
1.736	14.13	44.64
1.735	14.13	44.64
1.734	14.13	44.64
1.734	14.15	44.63
1.733	14.16	44.63
1.732	14.15	44.63
1.732	14.16	44.63
1.732	14.17	44.63
1.731	14.18	44.63
1.730	14.19	44.63
1.729	14.20	44.63
1.728	14.21	44.63
1.727	14.21	44.63
1.726	14.22	44.63
1.726	14.22	44.63
1.726	14.22	44.63
1.726	14.23	44.63
1.726	14.22	44.63
1.726	14.23	44.63
1.726	14.23	44.63
1.726	14.23	44.63
1.726	14.24	44.63
1.725	14.24	44.63
1.725	14.25	44.63
1.725	14.25	44.63
1.724	14.25	44.63
1.724	14.26	44.63
1.724	14.27	44.63
1.723	14.27	44.63
1.723	14.27	44.63
1.723	14.27	44.63
1.722	14.28	44.63
1.722	14.28	44.63
1.722	14.29	44.63
1.722	14.28	44.63
1.721	14.29	44.63
1.721	14.28	44.63
1.721	14.28	44.63
1.721	14.29	44.63
1.721	14.29	44.63
1.721	14.29	44.63
1.720	14.28	44.63
1.720	14.31	44.63
1.720	14.30	44.63
1.719	14.30	44.63
1.719	14.31	44.63
1.719	14.32	44.63
1.719	14.29	44.63
1.719	14.31	44.63
1.718	14.31	44.63
1.718	14.30	44.63
1.717	14.33	44.63
1.717	14.32	44.63
1.717	14.32	44.63
1.717	14.32	44.63
1.716	14.33	44.63
1.716	14.33	44.63
1.715	14.33	44.63
1.715	14.34	44.63
1.714	14.34	44.63
1.713	14.35	44.63
1.713	14.37	44.63
1.712	14.36	44.63
1.711	14.36	44.63
1.710	14.37	44.63
1.709	14.37	44.63
1.708	14.39	44.62
1.708	14.38	44.62
1.708	14.38	44.62
1.708	14.38	44.62
1.706	14.41	44.62
1.705	14.41	44.62
1.704	14.42	44.62
1.703	14.42	44.62
1.703	14.44	44.62
1.703	14.43	44.62
1.703	14.43	44.62
1.703	14.44	44.62
1.702	14.44	44.62
1.701	14.44	44.62
1.701	14.45	44.62
1.701	14.46	44.62
1.700	14.46	44.62
1.700	14.47	44.62
1.700	14.47	44.62
1.700	14.47	44.62
1.700	14.47	44.62
1.699	14.47	44.62
1.699	14.47	44.62
1.699	14.47	44.62
1.699	14.47	44.62
1.699	14.48	44.62
1.699	14.48	44.62
1.698	14.49	44.62
1.698	14.50	44.62
1.698	14.51	44.62
1.697	14.51	44.61
1.697	14.51	44.62
1.696	14.52	44.61
1.696	14.52	44.61
1.696	14.52	44.61
1.696	14.52	44.61
1.695	14.53	44.61
1.695	14.52	44.61
1.695	14.53	44.61
1.695	14.53	44.61
1.694	14.53	44.61
1.694	14.53	44.61
1.694	14.54	44.61
1.693	14.54	44.61
1.693	14.54	44.61
1.693	14.54	44.61
1.693	14.55	44.61
1.692	14.55	44.61
1.692	14.55	44.61
1.692	14.56	44.61
1.691	14.56	44.61
1.691	14.56	44.61
1.691	14.56	44.61
1.691	14.56	44.61
1.690	14.57	44.61
1.690	14.57	44.61
1.690	14.57	44.61
1.690	14.58	44.61
1.690	14.58	44.61
1.690	14.58	44.61
1.689	14.58	44.61
1.689	14.58	44.61
1.689	14.58	44.61
1.689	14.58	44.61
1.688	14.59	44.61
1.688	14.58	44.61
1.688	14.59	44.61
1.688	14.58	44.61
1.688	14.59	44.61
1.688	14.59	44.61
1.687	14.59	44.61
1.688	14.59	44.61
1.688	14.59	44.61
1.687	14.59	44.61
1.687	14.60	44.61
1.687	14.60	44.61
1.687	14.60	44.61
1.686	14.61	44.61
1.686	14.61	44.61
1.686	14.61	44.61
1.685	14.61	44.61
1.685	14.62	44.61
1.685	14.61	44.61
1.685	14.61	44.61
1.685	14.62	44.61
1.684	14.62	44.61
1.684	14.62	44.61
1.684	14.62	44.61
1.683	14.63	44.60
1.683	14.63	44.60
1.683	14.63	44.60
1.683	14.63	44.60
1.682	14.64	44.60
1.682	14.64	44.60
1.682	14.64	44.60
1.682	14.65	44.60
1.681	14.65	44.60
1.681	14.65	44.60
1.681	14.65	44.60
1.681	14.66	44.60
1.680	14.66	44.60
1.680	14.66	44.60
1.679	14.67	44.60
1.679	14.69	44.60
1.678	14.69	44.60
1.677	14.70	44.60
1.677	14.71	44.60
1.677	14.70	44.60
1.676	14.71	44.60
1.676	14.72	44.60
1.675	14.72	44.60
1.675	14.71	44.60
1.674	14.73	44.60
1.674	14.72	44.60
1.674	14.72	44.60
1.674	14.73	44.60
1.673	14.72	44.60
1.672	14.73	44.60
1.672	14.74	44.60
1.672	14.74	44.60
1.671	14.75	44.60
1.671	14.75	44.60
1.670	14.76	44.60
1.670	14.76	44.60
1.670	14.76	44.60
1.669	14.77	44.60
1.669	14.77	44.60
1.669	14.77	44.60
1.669	14.77	44.60
1.668	14.77	44.60
1.668	14.79	44.60
1.667	14.78	44.60
1.667	14.79	44.60
1.666	14.80	44.60
1.666	14.80	44.60
1.665	14.80	44.60
1.665	14.81	44.60
1.665	14.81	44.60
1.664	14.81	44.60
1.664	14.82	44.60
1.663	14.81	44.60
1.663	14.82	44.60
1.663	14.82	44.60
1.663	14.82	44.60
1.662	14.82	44.60
1.662	14.83	44.60
1.662	14.83	44.60
1.662	14.84	44.59
1.662	14.84	44.59
1.661	14.83	44.59
1.661	14.84	44.59
1.661	14.84	44.59
1.660	14.85	44.59
1.660	14.85	44.59
1.659	14.85	44.59
1.659	14.86	44.59
1.659	14.86	44.59
1.659	14.87	44.59
1.659	14.87	44.59
1.659	14.87	44.59
1.659	14.86	44.59
1.658	14.86	44.59
1.658	14.87	44.59
1.657	14.88	44.59
1.657	14.88	44.59
1.657	14.88	44.59
1.657	14.88	44.59
1.656	14.89	44.59
1.656	14.89	44.59
1.656	14.90	44.59
1.655	14.90	44.59
1.655	14.91	44.59
1.654	14.92	44.59
1.654	14.92	44.59
1.654	14.91	44.59
1.653	14.92	44.59
1.653	14.92	44.59
1.653	14.93	44.59
1.653	14.93	44.59
1.652	14.92	44.59
1.652	14.92	44.58
1.652	14.93	44.58
1.652	14.94	44.58
1.652	14.93	44.58
1.652	14.93	44.58
1.651	14.93	44.58
1.651	14.93	44.58
1.651	14.94	44.58
1.651	14.94	44.58
1.651	14.95	44.58
1.651	14.95	44.58
1.651	14.95	44.58
1.650	14.95	44.58
1.650	14.95	44.58
1.650	14.95	44.58
1.650	14.95	44.58
1.650	14.95	44.58
1.650	14.95	44.58
1.650	14.95	44.58
1.650	14.95	44.58
1.650	14.95	44.58
1.650	14.94	44.58
1.650	14.95	44.58
1.650	14.95	44.58
1.650	14.96	44.58
1.650	14.95	44.58
1.650	14.95	44.58
1.650	14.95	44.58
1.650	14.95	44.58
1.650	14.96	44.58
1.650	14.95	44.58
1.650	14.95	44.58
1.650	14.95	44.58
1.650	14.95	44.58
1.650	14.95	44.58
1.650	14.96	44.58
1.650	14.96	44.58
1.650	14.95	44.58
1.650	14.96	44.58
1.650	14.95	44.58
1.650	14.95	44.58
1.650	14.96	44.58
1.650	14.95	44.58
1.650	14.95	44.58
1.650	14.96	44.58
1.650	14.96	44.58
1.650	14.95	44.58
1.650	14.96	44.58
1.650	14.96	44.58
1.650	14.95	44.58
1.650	14.96	44.58
1.650	14.96	44.58
1.650	14.96	44.58
1.650	14.96	44.58
1.650	14.95	44.58
1.650	14.96	44.58
1.650	14.95	44.58
1.650	14.96	44.58
1.650	14.96	44.58
1.650	14.96	44.58
1.650	14.96	44.58
1.650	14.96	44.58
1.650	14.95	44.58
1.650	14.96	44.58
1.650	14.96	44.58
1.650	14.96	44.58
1.650	14.96	44.57
1.650	14.96	44.57
1.650	14.97	44.57
1.650	14.96	44.57
1.650	14.96	44.57
1.650	14.96	44.57
1.650	14.95	44.57
1.650	14.96	44.57
1.650	14.96	44.57
1.650	14.96	44.57
1.650	14.96	44.57
1.650	14.95	44.57
1.650	14.96	44.57
1.650	14.97	44.57
1.650	14.96	44.57
1.650	14.96	44.57
1.650	14.97	44.57
1.650	14.96	44.57
1.649	14.96	44.57
1.649	14.97	44.57
1.648	14.98	44.57
1.640	15.05	44.57
1.634	15.09	44.57
1.634	15.09	44.57
1.634	15.10	44.57
1.634	15.11	44.57
1.634	15.11	44.57
1.634	15.11	44.57
1.633	15.12	44.57
1.633	15.12	44.57
1.633	15.12	44.57
1.633	15.12	44.57
1.632	15.12	44.57
1.632	15.12	44.57
1.631	15.12	44.57
1.631	15.12	44.57
1.631	15.12	44.57
1.631	15.13	44.57
1.630	15.14	44.57
1.630	15.14	44.57
1.630	15.14	44.57
1.630	15.15	44.57
1.629	15.15	44.57
1.629	15.15	44.57
1.629	15.16	44.57
1.628	15.17	44.57
1.628	15.18	44.57
1.627	15.19	44.57
1.627	15.19	44.57
1.626	15.19	44.57
1.626	15.19	44.57
1.626	15.20	44.57
1.626	15.20	44.57
1.626	15.20	44.57
1.626	15.20	44.57
1.625	15.20	44.57
1.625	15.20	44.57
1.625	15.20	44.57
1.625	15.21	44.57
1.625	15.20	44.57
1.626	15.20	44.57
1.625	15.20	44.57
1.625	15.21	44.57
1.625	15.21	44.56
1.626	15.20	44.56
1.626	15.20	44.56
1.626	15.21	44.56
1.626	15.22	44.56
1.626	15.21	44.56
1.626	15.20	44.56
1.626	15.20	44.56
1.625	15.21	44.56
1.625	15.20	44.56
1.626	15.20	44.56
1.626	15.20	44.56
1.625	15.20	44.56
1.625	15.20	44.56
1.626	15.19	44.56
1.626	15.20	44.56
1.626	15.20	44.56
1.626	15.20	44.56
1.626	15.19	44.56
1.626	15.20	44.56
1.626	15.20	44.56
1.626	15.20	44.56
1.626	15.20	44.56
1.626	15.21	44.56
1.626	15.20	44.56
1.626	15.20	44.56
1.625	15.20	44.56
1.625	15.21	44.56
1.625	15.21	44.56
1.626	15.20	44.56
1.626	15.20	44.56
1.625	15.19	44.56
1.625	15.21	44.56
1.625	15.20	44.56
1.626	15.20	44.56
1.626	15.20	44.56
1.625	15.19	44.56
1.625	15.20	44.56
1.625	15.20	44.56
1.626	15.20	44.56
1.626	15.20	44.56
1.626	15.20	44.56
1.626	15.20	44.56
1.626	15.20	44.56
1.626	15.20	44.56
1.625	15.20	44.56
1.625	15.20	44.56
1.625	15.20	44.56
1.626	15.20	44.56
1.626	15.20	44.56
1.625	15.20	44.56
1.625	15.20	44.56
1.625	15.20	44.56
1.626	15.20	44.56
1.626	15.20	44.56
1.625	15.20	44.56
1.625	15.20	44.56
1.626	15.20	44.56
1.626	15.20	44.56
1.626	15.20	44.56
1.626	15.19	44.55
1.626	15.20	44.55
1.626	15.21	44.55
1.626	15.21	44.55
1.625	15.21	44.55
1.625	15.21	44.55
1.625	15.21	44.55
1.625	15.21	44.55
1.625	15.21	44.55
1.625	15.22	44.55
1.625	15.22	44.55
1.625	15.22	44.55
1.625	15.22	44.55
1.625	15.23	44.55
1.624	15.23	44.55
1.624	15.23	44.55
1.624	15.23	44.55
1.624	15.23	44.55
1.624	15.23	44.55
1.624	15.23	44.55
1.624	15.23	44.55
1.624	15.24	44.55
1.624	15.24	44.55
1.624	15.24	44.55
1.624	15.24	44.55
1.624	15.24	44.55
1.624	15.24	44.55
1.624	15.23	44.55
1.624	15.24	44.55
1.624	15.24	44.55
1.624	15.24	44.55
1.624	15.24	44.54
1.624	15.24	44.54
1.624	15.24	44.54
1.624	15.24	44.54
1.624	15.24	44.54
1.624	15.24	44.54
1.624	15.24	44.54
1.623	15.24	44.54
1.623	15.24	44.54
1.623	15.24	44.54
1.622	15.24	44.54
1.621	15.24	44.54
1.620	15.25	44.54
1.619	15.26	44.54
1.618	15.28	44.54
1.613	15.34	44.54
1.592	15.53	44.54
1.583	15.60	44.54
1.578	15.65	44.54
1.572	15.71	44.54
1.570	15.73	44.54
1.570	15.73	44.54
1.571	15.73	44.54
1.572	15.74	44.54
1.572	15.75	44.54
1.572	15.75	44.54
1.572	15.75	44.54
1.572	15.75	44.54
1.572	15.76	44.54
1.571	15.76	44.54
1.571	15.77	44.54
1.570	15.79	44.54
1.568	15.81	44.54
1.566	15.82	44.54
1.566	15.82	44.54
1.566	15.82	44.54
1.566	15.82	44.54
1.566	15.84	44.54
1.566	15.84	44.54
1.565	15.85	44.54
1.565	15.85	44.54
1.565	15.86	44.54
1.565	15.86	44.54
1.565	15.86	44.54
1.564	15.87	44.54
1.564	15.87	44.54
1.564	15.87	44.54
1.563	15.87	44.54
1.563	15.87	44.54
1.563	15.87	44.54
1.562	15.88	44.54
1.562	15.88	44.54
1.562	15.89	44.54
1.561	15.90	44.54
1.561	15.91	44.54
1.560	15.91	44.53
1.560	15.91	44.53
1.560	15.91	44.53
1.560	15.91	44.53
1.560	15.92	44.53
1.560	15.91	44.53
1.561	15.92	44.53
1.561	15.91	44.53
1.560	15.92	44.53
1.560	15.92	44.53
1.560	15.92	44.53
1.560	15.92	44.53
1.560	15.92	44.53
1.560	15.92	44.53
1.561	15.92	44.53
1.561	15.92	44.53
1.560	15.92	44.53
1.560	15.92	44.53
1.560	15.92	44.53
1.561	15.92	44.53
1.561	15.92	44.53
1.561	15.92	44.53
1.560	15.92	44.53
1.561	15.92	44.53
1.561	15.92	44.53
1.561	15.92	44.53
1.560	15.92	44.53
1.560	15.92	44.53
1.561	15.92	44.53
1.561	15.92	44.53
1.561	15.91	44.53
1.561	15.91	44.53
1.561	15.92	44.53
1.561	15.92	44.53
1.561	15.92	44.53
1.561	15.92	44.53
1.561	15.92	44.53
1.561	15.92	44.53
1.561	15.92	44.53
1.561	15.92	44.53
1.561	15.91	44.53
1.561	15.92	44.53
1.561	15.92	44.53
1.561	15.92	44.53
1.561	15.91	44.53
1.561	15.92	44.53
1.561	15.91	44.53
1.561	15.92	44.53
1.561	15.92	44.53
1.561	15.92	44.53
1.561	15.92	44.53
1.561	15.92	44.53
1.561	15.92	44.53
1.561	15.92	44.53
1.561	15.92	44.53
1.560	15.92	44.53
1.560	15.92	44.53
1.560	15.92	44.53
1.560	15.92	44.53
1.560	15.92	44.53
1.560	15.92	44.53
1.560	15.93	44.52
1.560	15.93	44.52
1.560	15.92	44.52
1.560	15.92	44.52
1.560	15.93	44.52
1.560	15.92	44.52
1.560	15.93	44.52
1.560	15.93	44.52
1.560	15.93	44.52
1.560	15.93	44.52
1.560	15.93	44.52
1.560	15.93	44.52
1.560	15.93	44.52
1.560	15.93	44.52
1.560	15.93	44.52
1.560	15.93	44.52
1.560	15.93	44.52
1.560	15.93	44.52
1.560	15.93	44.52
1.560	15.93	44.52
1.560	15.93	44.52
1.560	15.93	44.52
1.560	15.93	44.52
1.560	15.93	44.52
1.560	15.93	44.52
1.560	15.93	44.52
1.560	15.93	44.52
1.560	15.93	44.52
1.560	15.93	44.52
1.560	15.93	44.52
1.560	15.93	44.52
1.560	15.93	44.52
1.560	15.93	44.51
1.560	15.93	44.51
1.560	15.93	44.51
1.560	15.93	44.51
1.560	15.93	44.51
1.560	15.93	44.51
1.560	15.93	44.51
1.560	15.93	44.51
1.560	15.93	44.51
1.560	15.93	44.51
1.560	15.93	44.51
1.560	15.93	44.51
1.560	15.93	44.51
1.560	15.93	44.51
1.560	15.93	44.51
1.560	15.93	44.51
1.560	15.93	44.51
1.560	15.93	44.51
1.560	15.93	44.51
1.560	15.93	44.51
1.560	15.93	44.51
1.560	15.93	44.51
1.560	15.93	44.51
1.560	15.93	44.51
1.560	15.93	44.51
1.560	15.93	44.51
1.560	15.93	44.51
1.560	15.93	44.51
1.560	15.93	44.51
1.560	15.93	44.51
1.560	15.93	44.51
1.560	15.93	44.51
1.560	15.93	44.51
1.560	15.93	44.51
1.560	15.92	44.51
1.560	15.93	44.51
1.560	15.93	44.51
1.560	15.93	44.51
1.560	15.93	44.51
1.560	15.93	44.51
1.560	15.93	44.51
1.560	15.93	44.51
1.560	15.93	44.51
1.560	15.93	44.51
1.560	15.93	44.51
1.560	15.93	44.51
1.560	15.93	44.51
1.560	15.93	44.51
1.560	15.93	44.51
1.560	15.93	44.51
1.560	15.93	44.51
1.560	15.93	44.51
1.560	15.93	44.51
1.560	15.93	44.51
1.560	15.93	44.51
1.560	15.93	44.51
1.560	15.93	44.51
1.560	15.93	44.51
1.560	15.93	44.51
1.560	15.93	44.50
1.560	15.93	44.50
1.560	15.94	44.50
1.559	15.94	44.50
1.559	15.95	44.50
1.558	15.95	44.50
1.557	15.96	44.50
1.556	15.98	44.50
1.555	15.98	44.50
1.555	15.98	44.50
1.554	15.99	44.50
1.554	15.99	44.50
1.553	16.00	44.50
1.553	16.01	44.50
1.552	16.00	44.50
1.552	16.01	44.50
1.552	16.01	44.50
1.552	16.02	44.50
1.551	16.02	44.50
1.551	16.02	44.50
1.550	16.03	44.50
1.550	16.05	44.50
1.549	16.05	44.50
1.548	16.05	44.50
1.548	16.05	44.50
1.547	16.06	44.50
1.547	16.06	44.50
1.547	16.07	44.50
1.547	16.07	44.50
1.546	16.07	44.50
1.546	16.08	44.50
1.546	16.08	44.50
1.545	16.08	44.50
1.545	16.08	44.50
1.545	16.09	44.50
1.544	16.09	44.50
1.544	16.09	44.50
1.544	16.09	44.50
1.544	16.10	44.50
1.544	16.10	44.50
1.544	16.10	44.50
1.543	16.10	44.50
1.543	16.11	44.50
1.543	16.11	44.50
1.543	16.12	44.50
1.543	16.11	44.50
1.543	16.12	44.50
1.542	16.12	44.50
1.542	16.12	44.50
1.542	16.12	44.50
1.542	16.13	44.50
1.541	16.12	44.50
1.541	16.13	44.50
1.541	16.13	44.50
1.540	16.14	44.50
1.539	16.15	44.50
1.539	16.16	44.50
1.538	16.17	44.50
1.537	16.18	44.50
1.536	16.20	44.50
1.535	16.20	44.50
1.534	16.21	44.50
1.534	16.21	44.50
1.533	16.22	44.50
1.533	16.22	44.50
1.532	16.22	44.49
1.532	16.22	44.49
1.532	16.23	44.49
1.532	16.24	44.49
1.531	16.24	44.49
1.531	16.24	44.49
1.530	16.25	44.49
1.530	16.25	44.49
1.530	16.26	44.49
1.529	16.27	44.49
1.529	16.28	44.49
1.528	16.29	44.49
1.528	16.29	44.49
1.528	16.29	44.49
1.528	16.29	44.49
1.527	16.30	44.49
1.527	16.30	44.49
1.527	16.31	44.49
1.527	16.31	44.49
1.526	16.32	44.49
1.526	16.32	44.49
1.526	16.32	44.49
1.526	16.33	44.49
1.525	16.33	44.49
1.525	16.34	44.49
1.525	16.35	44.49
1.525	16.35	44.49
1.524	16.35	44.49
1.524	16.35	44.49
1.524	16.36	44.49
1.524	16.36	44.49
1.524	16.36	44.49
1.524	16.35	44.49
1.523	16.35	44.49
1.523	16.36	44.49
1.523	16.37	44.49
1.522	16.37	44.49
1.522	16.37	44.49
1.522	16.37	44.49
1.521	16.38	44.49
1.521	16.38	44.49
1.521	16.38	44.49
1.521	16.38	44.49
1.520	16.39	44.49
1.520	16.39	44.49
1.520	16.39	44.49
1.520	16.40	44.49
1.519	16.41	44.49
1.519	16.41	44.49
1.519	16.41	44.49
1.519	16.42	44.49
1.518	16.43	44.49
1.518	16.43	44.49
1.517	16.43	44.49
1.517	16.44	44.49
1.517	16.44	44.49
1.517	16.44	44.49
1.516	16.44	44.49
1.516	16.45	44.49
1.516	16.46	44.48
1.515	16.46	44.48
1.515	16.46	44.48
1.514	16.46	44.48
1.514	16.46	44.48
1.514	16.48	44.48
1.514	16.48	44.48
1.513	16.48	44.48
1.513	16.48	44.48
1.512	16.48	44.48
1.512	16.49	44.48
1.512	16.49	44.48
1.512	16.49	44.48
1.512	16.49	44.48
1.512	16.49	44.48
1.512	16.49	44.48
1.511	16.50	44.48
1.511	16.50	44.48
1.511	16.50	44.48
1.511	16.51	44.48
1.511	16.51	44.48
1.510	16.51	44.48
1.510	16.52	44.48
1.509	16.53	44.48
1.509	16.53	44.48
1.509	16.53	44.48
1.508	16.53	44.48
1.508	16.53	44.47
1.508	16.53	44.47
1.508	16.53	44.47
1.508	16.53	44.47
1.507	16.54	44.47
1.507	16.54	44.47
1.507	16.55	44.47
1.507	16.55	44.47
1.507	16.55	44.47
1.506	16.55	44.47
1.506	16.55	44.47
1.506	16.56	44.47
1.506	16.56	44.47
1.506	16.56	44.47
1.506	16.57	44.47
1.506	16.57	44.47
1.505	16.57	44.47
1.505	16.57	44.47
1.505	16.57	44.47
1.504	16.58	44.47
1.504	16.58	44.47
1.504	16.58	44.47
1.503	16.58	44.47
1.503	16.59	44.47
1.503	16.59	44.47
1.503	16.60	44.47
1.503	16.60	44.47
1.503	16.60	44.47
1.502	16.60	44.47
1.502	16.61	44.47
1.502	16.61	44.47
1.502	16.61	44.47
1.502	16.62	44.47
1.501	16.62	44.47
1.501	16.62	44.47
1.501	16.62	44.47
1.500	16.63	44.47
1.500	16.63	44.47
1.500	16.63	44.47
1.500	16.63	44.47
1.500	16.64	44.47
1.500	16.64	44.47
1.500	16.64	44.47
1.500	16.64	44.47
1.500	16.64	44.47
1.500	16.64	44.47
1.499	16.65	44.47
1.499	16.65	44.47
1.498	16.65	44.47
1.498	16.66	44.47
1.497	16.66	44.47
1.497	16.67	44.46
1.496	16.67	44.46
1.496	16.68	44.46
1.496	16.69	44.46
1.495	16.69	44.46
1.495	16.70	44.46
1.495	16.71	44.46
1.495	16.71	44.46
1.494	16.71	44.46
1.494	16.71	44.46
1.494	16.72	44.46
1.493	16.72	44.46
1.493	16.72	44.46
1.492	16.73	44.46
1.492	16.73	44.46
1.492	16.73	44.46
1.492	16.74	44.46
1.492	16.74	44.46
1.492	16.74	44.46
1.491	16.75	44.46
1.491	16.75	44.46
1.491	16.75	44.46
1.491	16.75	44.46
1.490	16.76	44.46
1.490	16.76	44.46
1.490	16.76	44.46
1.490	16.76	44.46
1.490	16.76	44.46
1.489	16.76	44.46
1.489	16.77	44.46
1.489	16.77	44.46
1.489	16.77	44.46
1.488	16.78	44.46
1.488	16.78	44.46
1.488	16.79	44.46
1.488	16.79	44.46
1.488	16.79	44.46
1.487	16.79	44.46
1.487	16.79	44.46
1.487	16.79	44.46
1.487	16.79	44.46
1.487	16.80	44.46
1.487	16.80	44.46
1.487	16.80	44.46
1.486	16.81	44.46
1.486	16.81	44.46
1.486	16.82	44.46
1.486	16.82	44.46
1.486	16.82	44.46
1.486	16.83	44.46
1.485	16.83	44.46
1.485	16.83	44.46
1.485	16.83	44.46
1.485	16.83	44.46
1.485	16.84	44.46
1.485	16.84	44.46
1.484	16.84	44.46
1.484	16.85	44.46
1.484	16.85	44.46
1.484	16.85	44.46
1.484	16.86	44.46
1.483	16.86	44.46
1.483	16.86	44.46
1.483	16.86	44.46
1.483	16.86	44.46
1.483	16.87	44.45
1.483	16.87	44.45
1.483	16.86	44.45
1.483	16.87	44.45
1.482	16.87	44.45
1.482	16.87	44.45
1.482	16.87	44.45
1.482	16.87	44.45
1.481	16.87	44.45
1.481	16.87	44.45
1.481	16.88	44.45
1.480	16.89	44.45
1.480	16.89	44.45
1.480	16.89	44.45
1.480	16.90	44.45
1.479	16.90	44.45
1.479	16.90	44.45
1.479	16.90	44.45
1.479	16.91	44.45
1.479	16.91	44.45
1.478	16.91	44.45
1.478	16.91	44.45
1.478	16.92	44.45
1.477	16.92	44.45
1.477	16.92	44.45
1.477	16.92	44.45
1.477	16.93	44.45
1.476	16.93	44.45
1.476	16.93	44.45
1.476	16.93	44.45
1.476	16.94	44.45
1.475	16.95	44.45
1.475	16.95	44.45
1.475	16.96	44.45
1.474	16.96	44.44
1.474	16.96	44.44
1.474	16.97	44.44
1.474	16.97	44.44
1.473	16.98	44.44
1.473	16.98	44.44
1.473	16.98	44.44
1.472	16.98	44.44
1.472	16.99	44.44
1.471	16.99	44.44
1.471	17.00	44.44
1.471	17.00	44.44
1.471	17.00	44.44
1.471	17.00	44.44
1.471	17.00	44.44
1.471	17.01	44.44
1.471	17.01	44.44
1.471	17.01	44.44
1.470	17.01	44.44
1.470	17.01	44.44
1.470	17.01	44.44
1.470	17.01	44.44
1.469	17.02	44.44
1.469	17.02	44.44
1.469	17.02	44.44
1.469	17.02	44.44
1.468	17.03	44.44
1.468	17.03	44.44
1.468	17.03	44.44
1.468	17.03	44.44
1.468	17.03	44.44
1.468	17.03	44.44
1.467	17.03	44.44
1.467	17.04	44.44
1.467	17.04	44.44
1.467	17.04	44.44
1.467	17.05	44.44
1.467	17.05	44.44
1.467	17.05	44.44
1.467	17.05	44.44
1.467	17.06	44.44
1.466	17.06	44.44
1.466	17.06	44.44
1.466	17.06	44.44
1.466	17.06	44.44
1.465	17.07	44.44
1.465	17.07	44.44
1.465	17.07	44.44
1.465	17.08	44.44
1.464	17.08	44.44
1.464	17.08	44.44
1.464	17.08	44.44
1.464	17.09	44.44
1.464	17.09	44.44
1.463	17.09	44.44
1.463	17.09	44.44
1.463	17.10	44.44
1.463	17.10	44.44
1.463	17.10	44.43
1.463	17.10	44.43
1.463	17.10	44.43
1.463	17.11	44.43
1.462	17.11	44.43
1.462	17.11	44.43
1.461	17.11	44.43
1.461	17.12	44.43
1.461	17.12	44.43
1.461	17.12	44.43
1.461	17.12	44.43
1.461	17.12	44.43
1.460	17.13	44.43
1.460	17.13	44.43
1.460	17.13	44.43
1.460	17.13	44.43
1.460	17.14	44.43
1.460	17.14	44.43
1.459	17.15	44.43
1.459	17.16	44.43
1.458	17.16	44.43
1.458	17.16	44.43
1.458	17.16	44.43
1.458	17.16	44.43
1.458	17.16	44.43
1.458	17.16	44.43
1.458	17.17	44.43
1.458	17.17	44.43
1.458	17.17	44.43
1.458	17.17	44.43
1.458	17.17	44.43
1.458	17.17	44.43
1.457	17.17	44.43
1.457	17.17	44.43
1.457	17.17	44.43
1.457	17.17	44.43
1.457	17.17	44.43
1.457	17.17	44.43
1.457	17.18	44.43
1.457	17.18	44.43
1.457	17.18	44.43
1.457	17.18	44.43
1.457	17.19	44.43
1.456	17.20	44.43
1.456	17.20	44.43
1.456	17.20	44.43
1.455	17.20	44.43
1.455	17.20	44.43
1.454	17.20	44.43
1.454	17.21	44.43
1.454	17.21	44.43
1.454	17.22	44.43
1.453	17.22	44.43
1.453	17.22	44.43
1.453	17.23	44.43
1.453	17.24	44.43
1.453	17.24	44.43
1.452	17.24	44.42
1.452	17.25	44.42
1.452	17.25	44.42
1.452	17.26	44.42
1.452	17.26	44.42
1.451	17.26	44.42
1.451	17.27	44.42
1.451	17.27	44.42
1.450	17.28	44.42
1.450	17.28	44.42
1.450	17.28	44.42
1.449	17.28	44.42
1.449	17.29	44.42
1.449	17.29	44.42
1.449	17.29	44.42
1.448	17.30	44.42
1.448	17.30	44.42
1.448	17.31	44.42
1.447	17.31	44.42
1.447	17.31	44.42
1.447	17.31	44.42
1.447	17.32	44.42
1.446	17.34	44.42
1.446	17.34	44.42
1.445	17.34	44.42
1.445	17.34	44.42
1.445	17.34	44.42
1.445	17.35	44.42
1.445	17.35	44.42
1.445	17.35	44.42
1.445	17.35	44.42
1.445	17.35	44.42
1.444	17.35	44.42
1.444	17.35	44.42
1.444	17.35	44.42
1.444	17.35	44.42
1.444	17.36	44.42
1.444	17.35	44.42
1.444	17.35	44.42
1.444	17.36	44.42
1.443	17.36	44.42
1.443	17.37	44.42
1.443	17.37	44.42
1.443	17.38	44.42
1.442	17.38	44.42
1.442	17.38	44.42
1.442	17.38	44.42
1.442	17.38	44.42
1.442	17.39	44.42
1.441	17.39	44.42
1.441	17.39	44.42
1.441	17.39	44.42
1.441	17.40	44.42
1.441	17.40	44.42
1.441	17.40	44.42
1.440	17.41	44.42
1.440	17.41	44.42
1.440	17.41	44.41
1.440	17.41	44.41
1.440	17.41	44.41
1.440	17.41	44.41
1.439	17.42	44.41
1.439	17.42	44.41
1.439	17.42	44.41
1.438	17.42	44.41
1.438	17.43	44.41
1.438	17.43	44.41
1.438	17.43	44.41
1.438	17.43	44.41
1.437	17.44	44.41
1.437	17.44	44.41
1.437	17.44	44.41
1.437	17.45	44.41
1.436	17.45	44.41
1.436	17.46	44.41
1.435	17.46	44.41
1.435	17.46	44.41
1.435	17.47	44.41
1.434	17.47	44.41
1.434	17.47	44.41
1.434	17.48	44.41
1.434	17.48	44.41
1.434	17.48	44.41
1.433	17.48	44.41
1.433	17.49	44.41
1.433	17.50	44.41
1.433	17.50	44.41
1.432	17.50	44.41
1.432	17.51	44.40
1.432	17.51	44.40
1.432	17.51	44.40
1.432	17.51	44.40
1.432	17.51	44.40
1.431	17.51	44.40
1.431	17.51	44.40
1.431	17.51	44.40
1.431	17.52	44.40
1.431	17.52	44.40
1.430	17.52	44.40
1.430	17.53	44.40
1.430	17.53	44.40
1.430	17.53	44.40
1.430	17.54	44.40
1.429	17.54	44.40
1.429	17.54	44.40
1.429	17.55	44.40
1.429	17.55	44.40
1.429	17.55	44.40
1.428	17.55	44.40
1.428	17.56	44.40
1.428	17.56	44.40
1.428	17.56	44.40
1.428	17.56	44.40
1.427	17.56	44.40
1.427	17.57	44.40
1.427	17.57	44.40
1.427	17.57	44.40
1.427	17.58	44.40
1.426	17.58	44.40
1.426	17.59	44.40
1.426	17.59	44.40
1.426	17.60	44.40
1.425	17.60	44.40
1.425	17.61	44.40
1.425	17.61	44.40
1.425	17.61	44.40
1.424	17.62	44.40
1.424	17.62	44.40
1.424	17.62	44.40
1.424	17.63	44.40
1.424	17.63	44.40
1.423	17.64	44.40
1.423	17.64	44.40
1.423	17.64	44.40
1.423	17.64	44.40
1.422	17.64	44.40
1.422	17.65	44.40
1.422	17.66	44.40
1.421	17.67	44.40
1.421	17.68	44.40
1.421	17.69	44.40
1.420	17.70	44.40
1.420	17.72	44.40
1.419	17.74	44.40
1.419	17.75	44.40
1.419	17.75	44.40
1.419	17.76	44.40
1.419	17.77	44.40
1.418	17.77	44.40
1.418	17.77	44.40
1.418	17.77	44.40
1.418	17.78	44.40
1.418	17.78	44.40
1.418	17.78	44.40
1.417	17.78	44.40
1.417	17.78	44.40
1.417	17.78	44.40
1.417	17.78	44.39
1.417	17.78	44.39
1.416	17.77	44.39
1.416	17.76	44.39
1.416	17.75	44.39
1.416	17.76	44.39
1.416	17.76	44.39
1.415	17.76	44.39
1.415	17.77	44.39
1.415	17.77	44.39
1.415	17.77	44.39
1.414	17.77	44.39
1.414	17.78	44.39
1.414	17.78	44.39
1.414	17.78	44.39
1.414	17.78	44.39
1.414	17.78	44.39
1.413	17.79	44.39
1.413	17.79	44.39
1.413	17.79	44.39
1.413	17.79	44.39
1.413	17.80	44.39
1.413	17.80	44.39
1.413	17.80	44.39
1.413	17.80	44.39
1.412	17.80	44.39
1.412	17.80	44.39
1.412	17.80	44.39
1.411	17.80	44.39
1.411	17.80	44.39
1.411	17.80	44.39
1.411	17.80	44.39
1.411	17.80	44.39
1.411	17.80	44.39
1.410	17.80	44.39
1.410	17.81	44.39
1.410	17.81	44.39
1.410	17.81	44.39
1.409	17.81	44.39
1.409	17.82	44.39
1.409	17.81	44.39
1.409	17.81	44.39
1.409	17.82	44.39
1.408	17.83	44.39
1.408	17.83	44.39
1.408	17.85	44.39
1.408	17.85	44.39
1.407	17.86	44.39
1.407	17.86	44.39
1.407	17.86	44.39
1.407	17.86	44.39
1.406	17.87	44.39
1.406	17.89	44.39
1.406	17.90	44.39
1.405	17.91	44.39
1.405	17.90	44.39
1.405	17.89	44.39
1.405	17.90	44.39
1.404	17.88	44.39
1.403	17.89	44.39
1.403	17.90	44.39
1.402	17.93	44.39
1.402	17.95	44.39
1.401	17.97	44.39
1.401	17.97	44.39
1.400	17.98	44.39
1.400	17.99	44.39
1.400	17.99	44.39
1.399	17.99	44.39
1.398	18.00	44.39
1.398	18.02	44.39
1.397	18.03	44.38
1.397	18.03	44.39
1.397	18.03	44.38
1.397	18.03	44.38
1.396	18.03	44.38
1.396	18.04	44.38
1.396	18.04	44.38
1.396	18.05	44.38
1.395	18.06	44.38
1.395	18.07	44.38
1.395	18.07	44.38
1.395	18.07	44.38
1.395	18.08	44.38
1.395	18.09	44.38
1.395	18.09	44.38
1.394	18.09	44.38
1.394	18.09	44.38
1.394	18.09	44.38
1.394	18.09	44.38
1.394	18.09	44.38
1.393	18.09	44.38
1.393	18.10	44.38
1.393	18.10	44.38
1.393	18.11	44.38
1.392	18.12	44.38
1.392	18.12	44.38
1.392	18.12	44.38
1.392	18.12	44.38
1.392	18.12	44.38
1.391	18.12	44.38
1.391	18.12	44.38
1.391	18.13	44.38
1.390	18.13	44.38
1.390	18.14	44.38
1.390	18.14	44.38
1.389	18.14	44.38
1.389	18.14	44.38
1.389	18.14	44.38
1.388	18.15	44.38
1.388	18.16	44.38
1.387	18.16	44.38
1.387	18.16	44.38
1.387	18.17	44.38
1.387	18.17	44.38
1.387	18.18	44.38
1.386	18.18	44.38
1.386	18.18	44.38
1.386	18.18	44.38
1.386	18.19	44.38
1.386	18.18	44.38
1.386	18.19	44.38
1.386	18.19	44.38
1.386	18.19	44.38
1.385	18.19	44.38
1.385	18.19	44.38
1.385	18.19	44.38
1.385	18.19	44.38
1.384	18.20	44.38
1.384	18.20	44.38
1.384	18.20	44.38
1.384	18.21	44.38
1.384	18.21	44.38
1.383	18.23	44.38
1.383	18.23	44.38
1.383	18.24	44.38
1.382	18.23	44.38
1.382	18.24	44.37
1.382	18.24	44.37
1.382	18.24	44.37
1.382	18.24	44.37
1.382	18.24	44.37
1.381	18.24	44.37
1.381	18.25	44.37
1.381	18.25	44.37
1.381	18.25	44.37
1.381	18.26	44.37
1.380	18.26	44.37
1.380	18.26	44.37
1.380	18.25	44.37
1.380	18.25	44.37
1.379	18.26	44.37
1.379	18.26	44.37
1.379	18.26	44.37
1.379	18.26	44.37
1.378	18.26	44.37
1.378	18.27	44.37
1.378	18.27	44.37
1.378	18.27	44.37
1.377	18.27	44.37
1.377	18.27	44.37
1.377	18.27	44.37
1.376	18.28	44.37
1.376	18.28	44.37
1.376	18.28	44.37
1.376	18.28	44.37
1.376	18.28	44.37
1.375	18.28	44.37
1.375	18.29	44.37
1.375	18.29	44.37
1.375	18.30	44.36
1.374	18.31	44.36
1.374	18.33	44.36
1.374	18.34	44.36
1.374	18.33	44.36
1.373	18.33	44.36
1.373	18.33	44.36
1.373	18.33	44.36
1.372	18.32	44.36
1.372	18.33	44.36
1.371	18.33	44.36
1.371	18.35	44.36
1.371	18.36	44.36
1.370	18.38	44.36
1.369	18.39	44.36
1.369	18.39	44.36
1.369	18.39	44.36
1.368	18.39	44.36
1.368	18.39	44.36
1.368	18.41	44.36
1.368	18.42	44.36
1.368	18.42	44.36
1.368	18.42	44.36
1.367	18.43	44.36
1.367	18.43	44.36
1.367	18.43	44.36
1.367	18.43	44.36
1.367	18.43	44.36
1.366	18.43	44.36
1.366	18.44	44.36
1.366	18.45	44.36
1.365	18.46	44.36
1.365	18.46	44.36
1.365	18.46	44.36
1.365	18.47	44.36
1.364	18.46	44.36
1.364	18.47	44.36
1.364	18.47	44.36
1.363	18.48	44.36
1.363	18.48	44.36
1.363	18.48	44.36
1.362	18.49	44.36
1.362	18.50	44.36
1.362	18.50	44.36
1.362	18.51	44.36
1.362	18.51	44.36
1.361	18.51	44.36
1.361	18.51	44.36
1.361	18.52	44.36
1.361	18.51	44.36
1.360	18.51	44.36
1.360	18.53	44.36
1.360	18.53	44.36
1.359	18.54	44.36
1.359	18.55	44.36
1.359	18.55	44.36
1.358	18.56	44.36
1.358	18.55	44.36
1.358	18.55	44.36
1.358	18.55	44.36
1.357	18.56	44.36
1.357	18.58	44.36
1.357	18.59	44.36
1.356	18.59	44.36
1.356	18.59	44.35
1.356	18.59	44.36
1.355	18.59	44.36
1.355	18.59	44.35
1.355	18.58	44.35
1.355	18.59	44.35
1.354	18.61	44.35
1.354	18.61	44.35
1.353	18.62	44.35
1.353	18.63	44.35
1.353	18.64	44.35
1.352	18.64	44.35
1.352	18.65	44.35
1.352	18.66	44.35
1.352	18.66	44.35
1.352	18.66	44.35
1.351	18.66	44.35
1.351	18.65	44.35
1.351	18.65	44.35
1.351	18.66	44.35
1.351	18.66	44.35
1.350	18.66	44.35
1.350	18.67	44.35
1.350	18.67	44.35
1.350	18.67	44.35
1.350	18.67	44.35
1.349	18.67	44.35
1.349	18.68	44.35
1.349	18.70	44.35
1.349	18.70	44.35
1.348	18.70	44.35
1.348	18.70	44.35
1.348	18.71	44.35
1.347	18.71	44.35
1.347	18.71	44.35
1.347	18.70	44.35
1.347	18.70	44.35
1.347	18.70	44.35
1.346	18.73	44.35
1.346	18.75	44.35
1.345	18.75	44.35
1.345	18.75	44.35
1.345	18.75	44.35
1.344	18.76	44.35
1.344	18.75	44.35
1.344	18.78	44.35
1.344	18.77	44.35
1.343	18.77	44.35
1.343	18.79	44.35
1.342	18.77	44.35
1.342	18.78	44.35
1.342	18.79	44.35
1.342	18.78	44.35
1.341	18.78	44.35
1.341	18.79	44.35
1.341	18.79	44.35
1.341	18.78	44.35
1.340	18.77	44.35
1.340	18.77	44.35
1.340	18.78	44.35
1.340	18.78	44.35
1.339	18.79	44.35
1.339	18.81	44.35
1.338	18.83	44.35
1.338	18.83	44.35
1.338	18.82	44.35
1.337	18.83	44.35
1.337	18.85	44.34
1.337	18.87	44.34
1.336	18.89	44.34
1.336	18.90	44.34
1.336	18.90	44.34
1.335	18.90	44.34
1.335	18.90	44.34
1.335	18.91	44.34
1.334	18.91	44.34
1.334	18.91	44.34
1.334	18.92	44.34
1.334	18.93	44.34
1.334	18.93	44.34
1.333	18.93	44.34
1.333	18.93	44.34
1.332	18.94	44.34
1.332	18.95	44.34
1.332	18.95	44.34
1.332	18.96	44.34
1.331	18.97	44.34
1.331	18.97	44.34
1.331	18.98	44.34
1.331	18.98	44.34
1.330	18.98	44.34
1.330	18.98	44.34
1.330	18.98	44.34
1.330	18.98	44.34
1.330	18.99	44.34
1.329	18.99	44.34
1.329	19.00	44.34
1.329	19.00	44.34
1.329	19.02	44.34
1.328	19.02	44.34
1.328	19.03	44.34
1.328	19.01	44.34
1.327	19.01	44.34
1.327	19.03	44.34
1.326	19.05	44.34
1.326	19.04	44.34
1.326	19.05	44.34
1.325	19.06	44.34
1.325	19.06	44.33
1.324	19.05	44.33
1.324	19.06	44.33
1.324	19.07	44.33
1.323	19.09	44.33
1.323	19.09	44.33
1.323	19.11	44.33
1.322	19.11	44.33
1.322	19.10	44.33
1.322	19.10	44.33
1.322	19.10	44.33
1.322	19.11	44.33
1.322	19.11	44.33
1.321	19.12	44.33
1.321	19.12	44.33
1.321	19.12	44.33
1.321	19.12	44.33
1.320	19.13	44.33
1.320	19.13	44.33
1.320	19.13	44.33
1.319	19.14	44.33
1.319	19.15	44.33
1.319	19.15	44.33
1.318	19.13	44.33
1.318	19.14	44.33
1.318	19.15	44.33
1.318	19.17	44.33
1.317	19.17	44.33
1.317	19.16	44.33
1.316	19.18	44.33
1.316	19.19	44.33
1.315	19.19	44.33
1.315	19.19	44.33
1.314	19.19	44.33
1.314	19.22	44.33
1.313	19.23	44.33
1.313	19.24	44.33
1.313	19.25	44.33
1.312	19.24	44.33
1.312	19.25	44.33
1.311	19.25	44.33
1.311	19.27	44.33
1.310	19.26	44.33
1.310	19.29	44.33
1.309	19.30	44.33
1.309	19.30	44.33
1.309	19.29	44.33
1.308	19.30	44.33
1.307	19.31	44.33
1.308	19.32	44.33
1.307	19.33	44.33
1.307	19.35	44.33
1.306	19.36	44.33
1.305	19.38	44.33
1.305	19.39	44.33
1.305	19.40	44.33
1.304	19.41	44.33
1.304	19.43	44.33
1.304	19.43	44.33
1.303	19.43	44.33
1.303	19.43	44.33
1.303	19.43	44.33
1.303	19.43	44.33
1.303	19.43	44.33
1.302	19.43	44.33
1.302	19.44	44.33
1.301	19.45	44.33
1.301	19.46	44.33
1.300	19.47	44.32
1.300	19.47	44.32
1.300	19.47	44.32
1.299	19.47	44.32
1.299	19.48	44.32
1.298	19.48	44.32
1.298	19.51	44.32
1.297	19.51	44.32
1.297	19.51	44.32
1.297	19.52	44.32
1.297	19.52	44.32
1.296	19.53	44.32
1.296	19.53	44.32
1.295	19.53	44.32
1.295	19.55	44.32
1.295	19.54	44.32
1.294	19.57	44.32
1.294	19.58	44.32
1.294	19.58	44.32
1.293	19.57	44.32
1.293	19.55	44.32
1.293	19.55	44.32
1.292	19.55	44.32
1.292	19.55	44.32
1.292	19.55	44.32
1.292	19.54	44.32
1.292	19.52	44.32
1.291	19.53	44.32
1.291	19.58	44.32
1.291	19.58	44.32
1.290	19.59	44.32
1.290	19.61	44.32
1.289	19.62	44.32
1.289	19.62	44.32
1.289	19.62	44.32
1.289	19.60	44.32
1.288	19.61	44.32
1.288	19.60	44.32
1.288	19.59	44.32
1.287	19.64	44.32
1.287	19.65	44.32
1.286	19.67	44.32
1.286	19.71	44.32
1.286	19.72	44.32
1.285	19.72	44.32
1.285	19.72	44.32
1.284	19.72	44.32
1.284	19.74	44.32
1.284	19.73	44.32
1.283	19.72	44.32
1.283	19.71	44.32
1.283	19.72	44.32
1.282	19.74	44.32
1.282	19.75	44.32
1.281	19.75	44.32
1.280	19.76	44.32
1.280	19.76	44.32
1.280	19.77	44.32
1.279	19.79	44.32
1.278	19.82	44.32
1.278	19.84	44.32
1.278	19.84	44.32
1.277	19.85	44.32
1.277	19.85	44.32
1.276	19.87	44.32
1.276	19.88	44.32
1.276	19.88	44.31
1.275	19.89	44.31
1.275	19.90	44.31
1.274	19.91	44.31
1.274	19.92	44.31
1.274	19.92	44.31
1.274	19.90	44.31
1.274	19.90	44.31
1.273	19.90	44.31
1.273	19.90	44.31
1.273	19.91	44.31
1.273	19.91	44.31
1.272	19.92	44.31
1.272	19.94	44.31
1.271	19.96	44.31
1.271	19.98	44.31
1.270	19.98	44.31
1.269	19.99	44.31
1.269	20.01	44.31
1.269	20.01	44.31
1.268	20.01	44.31
1.268	20.01	44.31
1.267	20.03	44.31
1.267	20.03	44.31
1.267	20.03	44.31
1.266	20.04	44.31
1.266	20.06	44.31
1.265	20.05	44.31
1.265	20.06	44.31
1.264	20.07	44.31
1.263	20.09	44.31
1.262	20.09	44.31
1.262	20.10	44.31
1.261	20.11	44.31
1.261	20.12	44.31
1.260	20.11	44.31
1.260	20.11	44.31
1.260	20.12	44.31
1.260	20.11	44.31
1.260	20.13	44.31
1.260	20.15	44.31
1.260	20.14	44.31
1.259	20.15	44.31
1.259	20.16	44.31
1.258	20.17	44.31
1.258	20.18	44.31
1.258	20.20	44.31
1.257	20.19	44.31
1.257	20.18	44.31
1.256	20.19	44.31
1.256	20.23	44.31
1.256	20.23	44.31
1.256	20.23	44.31
1.255	20.27	44.31
1.255	20.27	44.31
1.254	20.26	44.31
1.254	20.25	44.31
1.253	20.28	44.31
1.253	20.29	44.31
1.253	20.31	44.31
1.252	20.31	44.31
1.252	20.32	44.31
1.252	20.31	44.31
1.251	20.31	44.31
1.251	20.32	44.31
1.251	20.33	44.30
1.251	20.35	44.30
1.250	20.35	44.30
1.250	20.36	44.30
1.248	20.38	44.30
1.248	20.40	44.30
1.247	20.42	44.30
1.246	20.43	44.30
1.245	20.44	44.30
1.245	20.44	44.30
1.245	20.45	44.30
1.245	20.45	44.30
1.245	20.47	44.30
1.244	20.48	44.30
1.244	20.48	44.30
1.244	20.48	44.30
1.244	20.48	44.30
1.243	20.49	44.30
1.243	20.50	44.30
1.243	20.50	44.30
1.243	20.49	44.30
1.243	20.50	44.30
1.242	20.50	44.30
1.242	20.52	44.30
1.241	20.54	44.30
1.241	20.55	44.30
1.240	20.55	44.30
1.240	20.56	44.30
1.239	20.57	44.30
1.238	20.57	44.30
1.237	20.58	44.30
1.236	20.58	44.30
1.236	20.58	44.30
1.235	20.62	44.30
1.235	20.60	44.29
1.235	20.60	44.29
1.234	20.65	44.29
1.234	20.64	44.29
1.233	20.65	44.29
1.233	20.64	44.29
1.232	20.63	44.29
1.232	20.65	44.29
1.232	20.65	44.29
1.232	20.67	44.29
1.232	20.69	44.29
1.231	20.68	44.29
1.231	20.68	44.29
1.231	20.69	44.29
1.230	20.71	44.29
1.230	20.72	44.29
1.230	20.74	44.29
1.230	20.75	44.29
1.229	20.77	44.29
1.229	20.77	44.29
1.229	20.77	44.29
1.228	20.76	44.29
1.228	20.76	44.29
1.228	20.78	44.29
1.227	20.79	44.29
1.227	20.80	44.29
1.226	20.81	44.29
1.226	20.81	44.29
1.226	20.81	44.29
1.225	20.82	44.29
1.225	20.83	44.29
1.225	20.83	44.29
1.225	20.84	44.29
1.225	20.85	44.29
1.224	20.87	44.29
1.224	20.87	44.29
1.223	20.87	44.29
1.223	20.88	44.29
1.223	20.89	44.29
1.222	20.89	44.29
1.222	20.89	44.29
1.222	20.89	44.29
1.222	20.89	44.29
1.221	20.88	44.29
1.221	20.89	44.29
1.221	20.88	44.29
1.221	20.89	44.29
1.220	20.91	44.29
1.220	20.92	44.29
1.219	20.94	44.29
1.219	20.95	44.29
1.219	20.96	44.29
1.218	20.98	44.29
1.217	20.98	44.29
1.217	20.98	44.29
1.217	20.99	44.29
1.217	20.99	44.29
1.216	21.00	44.29
1.216	21.00	44.29
1.216	21.00	44.29
1.216	21.01	44.29
1.215	21.02	44.29
1.215	21.02	44.29
1.214	21.02	44.29
1.214	21.02	44.29
1.214	21.03	44.29
1.213	21.03	44.28
1.213	21.04	44.28
1.213	21.04	44.28
1.213	21.04	44.28
1.213	21.04	44.28
1.213	21.05	44.28
1.212	21.04	44.28
1.212	21.04	44.28
1.212	21.05	44.28
1.211	21.06	44.28
1.211	21.08	44.28
1.210	21.07	44.28
1.210	21.09	44.28
1.210	21.09	44.28
1.210	21.08	44.28
1.209	21.07	44.28
1.209	21.08	44.28
1.209	21.10	44.28
1.208	21.10	44.28
1.208	21.10	44.28
1.208	21.12	44.28
1.208	21.13	44.28
1.207	21.14	44.28
1.207	21.15	44.28
1.207	21.16	44.28
1.207	21.17	44.28
1.207	21.15	44.28
1.207	21.15	44.28
1.206	21.15	44.28
1.206	21.15	44.28
1.206	21.15	44.28
1.205	21.15	44.28
1.205	21.16	44.28
1.205	21.19	44.28
1.205	21.21	44.28
1.205	21.22	44.28
1.205	21.22	44.28
1.204	21.23	44.28
1.204	21.23	44.28
1.204	21.23	44.28
1.204	21.24	44.28
1.204	21.24	44.28
1.203	21.26	44.28
1.203	21.26	44.28
1.203	21.26	44.28
1.202	21.26	44.28
1.202	21.27	44.28
1.202	21.28	44.28
1.201	21.28	44.28
1.201	21.28	44.28
1.201	21.28	44.28
1.201	21.29	44.28
1.200	21.30	44.28
1.200	21.30	44.28
1.200	21.32	44.28
1.200	21.32	44.28
1.200	21.32	44.28
1.200	21.32	44.28
1.200	21.32	44.28
1.200	21.32	44.28
1.200	21.32	44.28
1.199	21.32	44.27
1.199	21.32	44.27
1.199	21.33	44.28
1.199	21.34	44.27
1.199	21.34	44.27
1.199	21.35	44.27
1.199	21.36	44.27
1.199	21.34	44.27
1.198	21.34	44.27
1.198	21.34	44.27
1.198	21.34	44.27
1.198	21.34	44.27
1.198	21.34	44.27
1.197	21.35	44.27
1.197	21.38	44.27
1.197	21.38	44.27
1.196	21.39	44.27
1.196	21.41	44.27
1.196	21.41	44.27
1.195	21.41	44.27
1.195	21.41	44.27
1.195	21.41	44.27
1.195	21.41	44.27
1.194	21.42	44.27
1.194	21.45	44.27
1.194	21.44	44.27
1.193	21.45	44.27
1.193	21.45	44.27
1.193	21.45	44.27
1.192	21.47	44.27
1.192	21.48	44.27
1.192	21.49	44.27
1.191	21.49	44.27
1.191	21.51	44.26
1.190	21.51	44.26
1.190	21.51	44.26
1.189	21.51	44.26
1.189	21.51	44.26
1.189	21.52	44.26
1.188	21.53	44.26
1.188	21.54	44.26
1.187	21.54	44.26
1.186	21.55	44.26
1.186	21.54	44.26
1.185	21.54	44.26
1.185	21.56	44.26
1.185	21.56	44.26
1.184	21.56	44.26
1.184	21.56	44.26
1.183	21.62	44.26
1.183	21.62	44.26
1.183	21.60	44.26
1.182	21.60	44.26
1.182	21.60	44.26
1.182	21.62	44.26
1.181	21.63	44.26
1.181	21.67	44.26
1.181	21.67	44.26
1.180	21.66	44.26
1.180	21.66	44.26
1.180	21.66	44.26
1.180	21.68	44.26
1.179	21.70	44.26
1.179	21.70	44.26
1.179	21.70	44.26
1.179	21.70	44.26
1.179	21.72	44.26
1.179	21.72	44.26
1.178	21.72	44.26
1.178	21.75	44.26
1.178	21.76	44.26
1.178	21.76	44.26
1.177	21.76	44.26
1.177	21.78	44.26
1.176	21.78	44.26
1.176	21.78	44.26
1.175	21.78	44.26
1.175	21.78	44.26
1.175	21.80	44.26
1.174	21.81	44.26
1.174	21.80	44.26
1.174	21.80	44.26
1.173	21.82	44.26
1.173	21.82	44.26
1.173	21.83	44.26
1.172	21.86	44.26
1.171	21.87	44.26
1.171	21.88	44.26
1.171	21.89	44.26
1.170	21.90	44.26
1.169	21.93	44.26
1.169	21.93	44.26
1.169	21.93	44.26
1.168	21.95	44.26
1.168	21.97	44.26
1.167	21.98	44.26
1.167	21.99	44.26
1.167	22.00	44.25
1.166	22.01	44.25
1.166	22.01	44.25
1.166	22.01	44.25
1.166	22.01	44.25
1.165	22.03	44.25
1.165	22.03	44.25
1.165	22.03	44.25
1.165	22.03	44.25
1.165	22.03	44.25
1.164	22.04	44.25
1.164	22.04	44.25
1.163	22.10	44.25
1.163	22.09	44.25
1.162	22.10	44.25
1.162	22.10	44.25
1.162	22.11	44.25
1.161	22.09	44.25
1.161	22.12	44.25
1.161	22.14	44.25
1.161	22.15	44.25
1.160	22.19	44.25
1.160	22.15	44.25
1.160	22.21	44.25
1.159	22.27	44.25
1.159	22.31	44.25
1.159	22.30	44.25
1.158	22.27	44.25
1.158	22.26	44.25
1.158	22.26	44.25
1.157	22.26	44.25
1.157	22.28	44.25
1.157	22.27	44.25
1.156	22.31	44.25
1.156	22.33	44.25
1.156	22.30	44.25
1.156	22.27	44.25
1.156	22.29	44.25
1.155	22.31	44.25
1.155	22.33	44.25
1.154	22.35	44.25
1.153	22.38	44.25
1.153	22.38	44.25
1.153	22.38	44.25
1.153	22.35	44.25
1.152	22.35	44.25
1.152	22.37	44.25
1.151	22.39	44.25
1.151	22.38	44.25
1.150	22.39	44.25
1.150	22.39	44.25
1.150	22.34	44.25
1.150	22.33	44.25
1.149	22.35	44.25
1.149	22.36	44.25
1.149	22.39	44.25
1.148	22.41	44.25
1.148	22.43	44.25
1.147	22.48	44.25
1.147	22.50	44.25
1.147	22.49	44.25
1.146	22.48	44.25
1.146	22.48	44.25
1.145	22.50	44.24
1.145	22.52	44.25
1.145	22.52	44.24
1.145	22.52	44.24
1.144	22.52	44.24
1.144	22.52	44.24
1.143	22.52	44.24
1.143	22.52	44.24
1.143	22.52	44.24
1.142	22.52	44.24
1.142	22.52	44.24
1.142	22.52	44.24
1.142	22.52	44.24
1.141	22.52	44.24
1.141	22.52	44.24
1.140	22.52	44.24
1.140	22.52	44.24
1.140	22.52	44.24
1.140	22.52	44.24
1.140	22.52	44.24
1.139	22.52	44.24
1.139	22.52	44.24
1.138	22.48	44.24
1.138	22.49	44.24
1.138	22.52	44.24
1.138	22.52	44.24
1.138	22.52	44.24
1.137	22.52	44.24
1.137	22.52	44.24
1.137	22.52	44.24
1.136	22.52	44.24
1.136	22.52	44.24
1.135	22.52	44.24
1.135	22.52	44.24
1.135	22.52	44.24
1.135	22.52	44.24
1.135	22.52	44.24
1.134	22.52	44.24
1.134	22.52	44.24
1.134	22.52	44.24
1.134	22.52	44.24
1.133	22.52	44.24
1.133	22.52	44.24
1.133	22.52	44.24
1.133	22.52	44.24
1.132	22.52	44.24
1.132	22.52	44.24
1.131	22.52	44.24
1.131	22.52	44.24
1.131	22.52	44.24
1.131	22.52	44.24
1.130	22.52	44.24
1.130	22.52	44.24
1.130	22.52	44.24
1.130	22.52	44.24
1.130	22.52	44.24
1.129	22.52	44.24
1.129	22.52	44.24
1.130	22.52	44.24
1.130	22.52	44.24
1.129	22.52	44.24
1.129	22.52	44.24
1.130	22.52	44.24
1.130	22.52	44.24
1.130	22.52	44.24
1.129	22.52	44.24
1.129	22.52	44.23
1.130	22.52	44.24
1.130	22.52	44.23
1.130	22.52	44.23
1.129	22.52	44.23
1.130	22.52	44.23
1.130	22.52	44.23
1.130	22.52	44.23
1.130	22.52	44.23
1.130	22.52	44.23
1.130	22.52	44.23
1.130	22.52	44.23
1.130	22.52	44.23
1.130	22.52	44.23
1.130	22.52	44.23
1.130	22.52	44.23
1.130	22.52	44.23
1.130	22.52	44.23
1.130	22.52	44.23
1.130	22.52	44.23
1.130	22.52	44.23
1.130	22.52	44.23
1.130	22.52	44.23
