1.162	22.52	55.24
1.162	22.52	55.24
1.162	22.52	55.24
1.162	22.52	55.24
1.162	22.52	55.24
1.162	22.52	55.24
1.162	22.52	55.24
1.162	22.52	55.24
1.162	22.52	55.24
1.162	22.52	55.24
1.162	22.52	55.24
1.162	22.52	55.24
1.162	22.52	55.24
1.162	22.52	55.24
1.162	22.52	55.24
1.162	22.52	55.24
1.162	22.52	55.24
1.162	22.52	55.24
1.162	22.52	55.24
1.162	22.52	55.24
1.162	22.52	55.24
1.162	22.52	55.24
1.162	22.52	55.24
1.163	22.52	55.24
1.163	22.52	55.24
1.163	22.52	55.24
1.164	22.52	55.24
1.164	22.52	55.24
1.164	22.52	55.24
1.165	22.52	55.24
1.165	22.52	55.24
1.166	22.52	55.24
1.166	22.52	55.24
1.166	22.52	55.24
1.167	22.52	55.24
1.167	22.52	55.24
1.167	22.52	55.24
1.167	22.52	55.24
1.167	22.52	55.24
1.167	22.52	55.24
1.167	22.52	55.24
1.167	22.52	55.24
1.167	22.52	55.24
1.167	22.52	55.24
1.167	22.52	55.24
1.168	22.52	55.24
1.168	22.52	55.24
1.168	22.52	55.24
1.169	22.52	55.24
1.170	22.52	55.24
1.170	22.52	55.24
1.170	22.52	55.24
1.170	22.52	55.24
1.170	22.52	55.24
1.171	22.52	55.24
1.170	22.52	55.24
1.170	22.52	55.24
1.170	22.52	55.23
1.170	22.52	55.24
1.170	22.52	55.23
1.170	22.52	55.23
1.170	22.52	55.23
1.170	22.52	55.23
1.170	22.52	55.23
1.170	22.52	55.23
1.170	22.52	55.23
1.170	22.52	55.23
1.171	22.52	55.23
1.171	22.52	55.23
1.171	22.52	55.23
1.171	22.52	55.23
1.171	22.52	55.23
1.172	22.52	55.23
1.172	22.52	55.23
1.172	22.52	55.23
1.172	22.52	55.23
1.172	22.52	55.23
1.173	22.52	55.23
1.173	22.52	55.23
1.173	22.52	55.23
1.173	22.52	55.23
1.173	22.52	55.23
1.173	22.52	55.23
1.173	22.52	55.23
1.173	22.52	55.23
1.173	22.52	55.23
1.173	22.52	55.23
1.174	22.51	55.23
1.174	22.50	55.23
1.174	22.50	55.23
1.174	22.51	55.23
1.174	22.51	55.23
1.174	22.52	55.23
1.174	22.52	55.23
1.174	22.50	55.23
1.174	22.50	55.22
1.174	22.51	55.22
1.174	22.50	55.22
1.174	22.51	55.22
1.174	22.52	55.22
1.175	22.52	55.22
1.175	22.52	55.22
1.175	22.51	55.22
1.175	22.52	55.22
1.175	22.51	55.22
1.175	22.51	55.22
1.175	22.49	55.22
1.175	22.48	55.22
1.175	22.48	55.22
1.175	22.48	55.22
1.175	22.48	55.22
1.176	22.48	55.22
1.176	22.48	55.22
1.176	22.44	55.22
1.176	22.39	55.22
1.177	22.39	55.22
1.177	22.39	55.22
1.177	22.39	55.22
1.177	22.39	55.22
1.178	22.39	55.22
1.178	22.39	55.22
1.178	22.39	55.22
1.178	22.38	55.22
1.178	22.35	55.22
1.179	22.35	55.22
1.179	22.35	55.22
1.179	22.35	55.22
1.179	22.39	55.22
1.179	22.39	55.22
1.179	22.39	55.22
1.179	22.39	55.21
1.179	22.39	55.21
1.179	22.39	55.21
1.180	22.39	55.21
1.180	22.39	55.21
1.180	22.39	55.21
1.180	22.39	55.21
1.180	22.39	55.21
1.180	22.39	55.21
1.180	22.39	55.21
1.180	22.39	55.21
1.180	22.39	55.21
1.180	22.39	55.21
1.181	22.39	55.21
1.181	22.39	55.21
1.181	22.39	55.21
1.181	22.39	55.21
1.181	22.39	55.21
1.182	22.39	55.21
1.182	22.38	55.21
1.183	22.36	55.21
1.183	22.38	55.21
1.184	22.35	55.21
1.184	22.35	55.21
1.184	22.35	55.21
1.184	22.35	55.21
1.185	22.35	55.21
1.185	22.35	55.21
1.185	22.31	55.21
1.186	22.34	55.21
1.186	22.31	55.21
1.186	22.31	55.21
1.187	22.30	55.21
1.187	22.28	55.21
1.187	22.22	55.21
1.187	22.23	55.21
1.188	22.26	55.21
1.188	22.27	55.21
1.188	22.27	55.21
1.188	22.26	55.21
1.189	22.26	55.21
1.189	22.26	55.21
1.189	22.26	55.21
1.189	22.26	55.21
1.189	22.26	55.21
1.189	22.26	55.21
1.189	22.26	55.21
1.189	22.23	55.21
1.190	22.22	55.21
1.190	22.22	55.21
1.190	22.19	55.20
1.190	22.16	55.20
1.190	22.14	55.20
1.190	22.14	55.20
1.191	22.14	55.20
1.191	22.14	55.20
1.191	22.14	55.20
1.191	22.14	55.20
1.191	22.14	55.20
1.191	22.11	55.20
1.192	22.10	55.20
1.192	22.14	55.20
1.192	22.14	55.20
1.192	22.14	55.20
1.192	22.12	55.20
1.192	22.10	55.20
1.193	22.10	55.20
1.193	22.10	55.20
1.193	22.10	55.20
1.193	22.10	55.20
1.193	22.10	55.20
1.193	22.10	55.20
1.193	22.09	55.20
1.193	22.07	55.20
1.193	22.05	55.20
1.193	22.05	55.19
1.193	22.05	55.19
1.193	22.03	55.19
1.194	22.03	55.19
1.194	22.03	55.19
1.194	22.03	55.19
1.194	22.03	55.19
1.195	22.03	55.19
1.195	22.01	55.19
1.195	21.99	55.19
1.195	22.00	55.19
1.195	21.99	55.19
1.195	21.99	55.19
1.195	21.99	55.19
1.195	21.99	55.19
1.196	21.97	55.19
1.196	21.97	55.19
1.196	21.97	55.19
1.196	21.97	55.19
1.196	21.97	55.19
1.196	21.97	55.19
1.197	21.97	55.19
1.197	21.97	55.19
1.197	21.96	55.19
1.197	21.95	55.19
1.197	21.95	55.19
1.197	21.95	55.19
1.197	21.95	55.19
1.197	21.95	55.19
1.197	21.95	55.19
1.197	21.95	55.18
1.197	21.93	55.18
1.198	21.93	55.19
1.198	21.93	55.18
1.198	21.93	55.18
1.198	21.93	55.18
1.198	21.91	55.18
1.198	21.93	55.18
1.199	21.93	55.18
1.199	21.93	55.18
1.199	21.92	55.18
1.199	21.91	55.18
1.199	21.91	55.18
1.199	21.91	55.18
1.199	21.91	55.18
1.199	21.90	55.18
1.199	21.88	55.18
1.199	21.88	55.18
1.200	21.88	55.18
1.200	21.89	55.18
1.200	21.89	55.18
1.200	21.89	55.18
1.200	21.89	55.18
1.200	21.89	55.18
1.200	21.89	55.18
1.200	21.89	55.18
1.201	21.89	55.18
1.201	21.89	55.18
1.201	21.89	55.18
1.201	21.89	55.18
1.201	21.89	55.18
1.201	21.88	55.18
1.201	21.87	55.18
1.201	21.87	55.18
1.202	21.87	55.18
1.202	21.87	55.18
1.202	21.87	55.18
1.202	21.85	55.18
1.202	21.85	55.18
1.202	21.85	55.18
1.202	21.82	55.18
1.203	21.82	55.18
1.203	21.81	55.18
1.203	21.79	55.18
1.203	21.80	55.18
1.203	21.82	55.18
1.204	21.82	55.18
1.204	21.82	55.18
1.204	21.82	55.18
1.204	21.82	55.18
1.204	21.82	55.18
1.204	21.82	55.18
1.205	21.82	55.18
1.205	21.81	55.18
1.205	21.80	55.17
1.205	21.80	55.17
1.205	21.80	55.17
1.205	21.79	55.17
1.206	21.78	55.17
1.206	21.78	55.17
1.206	21.78	55.17
1.206	21.78	55.17
1.207	21.78	55.17
1.207	21.78	55.17
1.207	21.76	55.17
1.208	21.75	55.17
1.208	21.74	55.17
1.208	21.74	55.17
1.208	21.72	55.17
1.209	21.72	55.17
1.209	21.70	55.17
1.210	21.70	55.17
1.210	21.68	55.17
1.210	21.66	55.17
1.210	21.66	55.16
1.211	21.66	55.16
1.211	21.66	55.16
1.211	21.66	55.16
1.211	21.67	55.16
1.212	21.68	55.16
1.212	21.68	55.16
1.212	21.66	55.16
1.212	21.66	55.16
1.212	21.66	55.16
1.213	21.66	55.16
1.213	21.66	55.16
1.213	21.66	55.16
1.213	21.66	55.16
1.213	21.66	55.16
1.213	21.65	55.16
1.214	21.64	55.16
1.214	21.65	55.16
1.213	21.64	55.16
1.214	21.63	55.16
1.214	21.62	55.16
1.214	21.62	55.16
1.214	21.63	55.16
1.214	21.63	55.16
1.214	21.63	55.16
1.214	21.62	55.16
1.214	21.62	55.16
1.215	21.62	55.16
1.215	21.62	55.16
1.215	21.60	55.15
1.215	21.59	55.15
1.216	21.58	55.16
1.216	21.56	55.15
1.216	21.56	55.15
1.217	21.56	55.15
1.217	21.56	55.15
1.218	21.56	55.15
1.218	21.55	55.15
1.218	21.53	55.15
1.218	21.53	55.15
1.219	21.52	55.15
1.219	21.52	55.15
1.219	21.51	55.15
1.219	21.51	55.15
1.219	21.51	55.15
1.219	21.51	55.15
1.219	21.51	55.15
1.219	21.51	55.15
1.219	21.51	55.15
1.219	21.51	55.15
1.219	21.51	55.15
1.219	21.51	55.15
1.219	21.51	55.15
1.219	21.51	55.15
1.219	21.51	55.15
1.219	21.51	55.15
1.219	21.51	55.15
1.219	21.51	55.14
1.220	21.51	55.14
1.220	21.52	55.14
1.220	21.51	55.14
1.220	21.51	55.14
1.221	21.51	55.14
1.221	21.51	55.14
1.221	21.50	55.14
1.221	21.49	55.14
1.221	21.49	55.14
1.222	21.49	55.14
1.222	21.47	55.14
1.222	21.47	55.14
1.222	21.47	55.14
1.222	21.47	55.14
1.223	21.45	55.14
1.223	21.45	55.14
1.223	21.45	55.14
1.224	21.45	55.14
1.224	21.45	55.14
1.224	21.44	55.14
1.225	21.41	55.14
1.225	21.42	55.14
1.225	21.43	55.14
1.225	21.41	55.14
1.226	21.40	55.14
1.226	21.38	55.14
1.226	21.38	55.14
1.226	21.38	55.14
1.226	21.38	55.14
1.227	21.36	55.14
1.227	21.36	55.14
1.227	21.36	55.14
1.227	21.35	55.14
1.228	21.35	55.14
1.228	21.35	55.14
1.228	21.33	55.14
1.228	21.33	55.14
1.228	21.34	55.14
1.228	21.34	55.14
1.228	21.34	55.14
1.229	21.34	55.14
1.229	21.34	55.14
1.229	21.34	55.14
1.229	21.34	55.14
1.229	21.34	55.14
1.230	21.34	55.14
1.230	21.30	55.14
1.230	21.30	55.14
1.230	21.30	55.14
1.230	21.29	55.14
1.230	21.29	55.14
1.231	21.29	55.14
1.231	21.28	55.14
1.231	21.27	55.14
1.231	21.28	55.14
1.231	21.27	55.14
1.231	21.26	55.14
1.232	21.27	55.14
1.232	21.28	55.13
1.232	21.28	55.13
1.232	21.27	55.13
1.232	21.28	55.13
1.232	21.27	55.13
1.232	21.27	55.13
1.232	21.28	55.13
1.233	21.28	55.13
1.233	21.28	55.13
1.233	21.24	55.13
1.233	21.22	55.13
1.234	21.22	55.13
1.234	21.23	55.13
1.234	21.21	55.13
1.234	21.21	55.13
1.234	21.23	55.13
1.234	21.23	55.13
1.234	21.22	55.13
1.235	21.23	55.13
1.235	21.23	55.13
1.235	21.23	55.13
1.235	21.23	55.13
1.235	21.23	55.13
1.235	21.23	55.13
1.235	21.21	55.13
1.236	21.21	55.13
1.236	21.21	55.13
1.236	21.21	55.12
1.236	21.20	55.13
1.237	21.19	55.13
1.237	21.18	55.12
1.237	21.16	55.12
1.237	21.16	55.12
1.237	21.17	55.12
1.238	21.15	55.12
1.238	21.15	55.12
1.238	21.15	55.12
1.238	21.15	55.12
1.238	21.15	55.12
1.238	21.15	55.12
1.238	21.15	55.12
1.239	21.15	55.12
1.239	21.15	55.12
1.239	21.15	55.12
1.239	21.13	55.12
1.239	21.13	55.12
1.239	21.13	55.12
1.240	21.13	55.12
1.240	21.12	55.12
1.240	21.11	55.12
1.240	21.10	55.12
1.240	21.10	55.12
1.240	21.10	55.12
1.240	21.10	55.12
1.241	21.10	55.12
1.241	21.10	55.12
1.241	21.08	55.12
1.241	21.08	55.12
1.241	21.08	55.11
1.241	21.09	55.11
1.241	21.08	55.11
1.241	21.08	55.11
1.242	21.08	55.11
1.242	21.08	55.11
1.242	21.06	55.11
1.242	21.06	55.11
1.242	21.06	55.11
1.242	21.06	55.11
1.243	21.06	55.11
1.243	21.06	55.11
1.243	21.05	55.11
1.244	21.04	55.11
1.244	21.04	55.11
1.244	21.04	55.11
1.244	21.04	55.11
1.244	21.03	55.11
1.245	21.02	55.11
1.245	21.01	55.11
1.245	21.00	55.11
1.245	21.00	55.11
1.246	21.01	55.11
1.246	21.00	55.11
1.246	21.00	55.11
1.246	20.98	55.11
1.247	21.00	55.11
1.247	20.99	55.11
1.247	21.00	55.11
1.247	21.00	55.11
1.247	21.00	55.11
1.247	21.00	55.11
1.247	21.00	55.11
1.247	20.99	55.11
1.247	20.99	55.11
1.248	20.98	55.11
1.248	20.97	55.11
1.248	20.97	55.11
1.248	20.96	55.11
1.248	20.96	55.11
1.248	20.95	55.11
1.249	20.94	55.11
1.249	20.94	55.11
1.250	20.94	55.11
1.250	20.92	55.11
1.250	20.92	55.11
1.250	20.90	55.11
1.251	20.89	55.11
1.251	20.88	55.11
1.251	20.89	55.11
1.251	20.88	55.11
1.252	20.90	55.11
1.252	20.89	55.11
1.253	20.90	55.11
1.253	20.90	55.11
1.253	20.90	55.11
1.253	20.89	55.10
1.254	20.88	55.10
1.254	20.87	55.10
1.254	20.84	55.10
1.255	20.83	55.10
1.255	20.84	55.10
1.255	20.83	55.10
1.255	20.81	55.10
1.255	20.80	55.10
1.255	20.82	55.10
1.256	20.83	55.10
1.256	20.82	55.10
1.256	20.81	55.10
1.256	20.81	55.10
1.257	20.81	55.10
1.257	20.79	55.10
1.257	20.79	55.10
1.258	20.78	55.10
1.259	20.76	55.10
1.259	20.76	55.10
1.259	20.77	55.10
1.259	20.76	55.10
1.260	20.76	55.10
1.260	20.75	55.10
1.261	20.73	55.10
1.261	20.73	55.10
1.261	20.73	55.10
1.261	20.73	55.09
1.262	20.72	55.09
1.262	20.71	55.09
1.262	20.71	55.09
1.262	20.72	55.09
1.263	20.70	55.09
1.263	20.69	55.09
1.263	20.68	55.09
1.263	20.68	55.09
1.264	20.67	55.09
1.264	20.66	55.09
1.265	20.64	55.09
1.265	20.64	55.09
1.265	20.64	55.09
1.265	20.63	55.09
1.266	20.62	55.09
1.266	20.62	55.09
1.267	20.62	55.09
1.267	20.62	55.09
1.267	20.62	55.09
1.268	20.62	55.09
1.268	20.61	55.09
1.268	20.58	55.09
1.268	20.59	55.09
1.268	20.58	55.09
1.269	20.59	55.09
1.269	20.58	55.09
1.269	20.58	55.09
1.269	20.58	55.08
1.269	20.59	55.08
1.270	20.60	55.08
1.270	20.58	55.08
1.270	20.57	55.08
1.270	20.56	55.08
1.271	20.57	55.08
1.271	20.57	55.08
1.271	20.56	55.08
1.271	20.55	55.08
1.272	20.54	55.08
1.272	20.53	55.08
1.272	20.53	55.08
1.272	20.53	55.08
1.272	20.51	55.08
1.273	20.51	55.08
1.273	20.50	55.08
1.272	20.50	55.08
1.272	20.50	55.08
1.273	20.50	55.08
1.273	20.50	55.08
1.273	20.50	55.08
1.273	20.50	55.08
1.273	20.50	55.08
1.274	20.49	55.08
1.274	20.47	55.08
1.274	20.46	55.08
1.275	20.47	55.08
1.275	20.45	55.08
1.275	20.45	55.08
1.276	20.44	55.08
1.276	20.44	55.08
1.276	20.43	55.08
1.277	20.42	55.08
1.277	20.42	55.08
1.278	20.42	55.08
1.278	20.43	55.08
1.278	20.41	55.08
1.279	20.42	55.08
1.279	20.40	55.08
1.279	20.39	55.08
1.279	20.38	55.08
1.280	20.36	55.08
1.280	20.36	55.08
1.280	20.36	55.08
1.280	20.36	55.08
1.280	20.36	55.08
1.281	20.36	55.08
1.281	20.35	55.08
1.281	20.33	55.08
1.281	20.32	55.08
1.282	20.31	55.08
1.282	20.31	55.08
1.283	20.31	55.08
1.283	20.31	55.08
1.283	20.32	55.08
1.283	20.32	55.08
1.283	20.30	55.08
1.284	20.29	55.08
1.284	20.29	55.07
1.284	20.28	55.07
1.284	20.28	55.07
1.285	20.27	55.07
1.285	20.26	55.07
1.285	20.27	55.07
1.285	20.28	55.07
1.286	20.26	55.07
1.286	20.25	55.07
1.286	20.24	55.07
1.286	20.25	55.07
1.287	20.24	55.07
1.287	20.24	55.07
1.287	20.24	55.07
1.287	20.23	55.07
1.287	20.21	55.07
1.288	20.21	55.07
1.288	20.21	55.07
1.288	20.21	55.07
1.289	20.20	55.07
1.289	20.20	55.07
1.289	20.20	55.07
1.290	20.20	55.07
1.290	20.18	55.07
1.290	20.18	55.07
1.290	20.19	55.06
1.290	20.19	55.07
1.290	20.19	55.06
1.290	20.18	55.06
1.290	20.18	55.06
1.291	20.16	55.06
1.291	20.16	55.06
1.291	20.14	55.06
1.291	20.14	55.06
1.291	20.14	55.06
1.291	20.13	55.06
1.292	20.13	55.06
1.292	20.12	55.06
1.292	20.12	55.06
1.292	20.13	55.06
1.292	20.14	55.06
1.293	20.13	55.06
1.293	20.12	55.06
1.293	20.12	55.06
1.293	20.12	55.06
1.293	20.12	55.06
1.293	20.12	55.06
1.293	20.12	55.06
1.293	20.12	55.06
1.293	20.12	55.06
1.293	20.11	55.06
1.293	20.10	55.06
1.294	20.11	55.06
1.294	20.11	55.06
1.294	20.10	55.06
1.295	20.10	55.06
1.295	20.10	55.06
1.295	20.09	55.06
1.295	20.09	55.06
1.295	20.09	55.06
1.296	20.07	55.06
1.296	20.07	55.05
1.297	20.06	55.05
1.297	20.05	55.05
1.297	20.04	55.05
1.297	20.04	55.05
1.298	20.04	55.05
1.298	20.04	55.05
1.298	20.04	55.05
1.299	20.01	55.05
1.299	20.04	55.05
1.300	20.04	55.05
1.300	20.04	55.05
1.300	20.04	55.05
1.300	20.02	55.05
1.300	20.01	55.05
1.301	20.01	55.05
1.301	20.00	55.05
1.302	19.96	55.05
1.302	19.96	55.05
1.303	19.96	55.05
1.303	19.94	55.05
1.303	19.93	55.05
1.304	19.91	55.05
1.304	19.91	55.05
1.304	19.90	55.05
1.305	19.89	55.05
1.305	19.89	55.05
1.305	19.89	55.05
1.305	19.90	55.05
1.306	19.91	55.05
1.306	19.89	55.05
1.306	19.88	55.05
1.307	19.89	55.05
1.307	19.89	55.05
1.307	19.89	55.05
1.308	19.89	55.05
1.308	19.87	55.05
1.308	19.86	55.05
1.308	19.83	55.05
1.309	19.83	55.05
1.309	19.83	55.05
1.309	19.84	55.05
1.309	19.85	55.05
1.310	19.85	55.05
1.310	19.84	55.05
1.310	19.84	55.05
1.310	19.82	55.05
1.311	19.80	55.05
1.311	19.79	55.05
1.312	19.77	55.05
1.312	19.76	55.04
1.312	19.76	55.04
1.312	19.76	55.04
1.313	19.77	55.04
1.313	19.77	55.04
1.313	19.76	55.04
1.313	19.77	55.04
1.314	19.76	55.04
1.314	19.76	55.04
1.315	19.75	55.04
1.315	19.74	55.04
1.315	19.74	55.04
1.316	19.73	55.04
1.316	19.73	55.04
1.317	19.72	55.04
1.317	19.69	55.04
1.318	19.68	55.04
1.318	19.68	55.04
1.318	19.67	55.04
1.319	19.63	55.04
1.319	19.61	55.04
1.319	19.62	55.04
1.320	19.60	55.04
1.320	19.58	55.04
1.320	19.60	55.04
1.320	19.62	55.04
1.321	19.63	55.04
1.321	19.63	55.04
1.321	19.64	55.03
1.321	19.64	55.03
1.322	19.63	55.03
1.322	19.62	55.03
1.323	19.61	55.03
1.323	19.61	55.03
1.323	19.61	55.03
1.324	19.59	55.03
1.324	19.58	55.03
1.324	19.59	55.03
1.324	19.59	55.03
1.325	19.57	55.03
1.325	19.57	55.03
1.325	19.56	55.03
1.325	19.56	55.03
1.326	19.55	55.03
1.326	19.54	55.03
1.326	19.54	55.03
1.327	19.54	55.03
1.327	19.54	55.03
1.327	19.53	55.03
1.328	19.53	55.03
1.328	19.52	55.03
1.329	19.52	55.03
1.329	19.51	55.03
1.329	19.51	55.03
1.330	19.52	55.03
1.330	19.52	55.03
1.330	19.51	55.03
1.331	19.50	55.03
1.331	19.49	55.03
1.331	19.47	55.02
1.332	19.47	55.02
1.332	19.46	55.02
1.332	19.46	55.02
1.333	19.45	55.02
1.333	19.45	55.02
1.334	19.42	55.02
1.334	19.42	55.02
1.335	19.41	55.02
1.335	19.41	55.02
1.336	19.41	55.02
1.336	19.41	55.02
1.336	19.41	55.02
1.337	19.40	55.02
1.337	19.39	55.02
1.337	19.37	55.02
1.337	19.36	55.02
1.338	19.36	55.02
1.338	19.36	55.02
1.338	19.36	55.02
1.339	19.36	55.02
1.339	19.35	55.02
1.339	19.33	55.02
1.340	19.32	55.02
1.341	19.30	55.02
1.341	19.29	55.02
1.342	19.29	55.02
1.342	19.28	55.02
1.343	19.28	55.02
1.343	19.28	55.02
1.344	19.28	55.02
1.344	19.27	55.02
1.345	19.25	55.02
1.345	19.25	55.02
1.345	19.25	55.02
1.346	19.24	55.02
1.346	19.25	55.02
1.347	19.24	55.02
1.347	19.23	55.02
1.347	19.23	55.02
1.348	19.22	55.02
1.348	19.21	55.02
1.349	19.20	55.02
1.349	19.20	55.02
1.349	19.19	55.02
1.349	19.19	55.02
1.350	19.19	55.02
1.350	19.19	55.02
1.350	19.19	55.02
1.350	19.19	55.02
1.351	19.18	55.02
1.351	19.18	55.02
1.351	19.17	55.02
1.351	19.16	55.01
1.352	19.14	55.01
1.352	19.14	55.01
1.353	19.14	55.01
1.353	19.14	55.01
1.353	19.14	55.01
1.353	19.14	55.01
1.353	19.14	55.01
1.353	19.14	55.01
1.354	19.14	55.01
1.354	19.12	55.01
1.355	19.12	55.01
1.355	19.12	55.01
1.355	19.11	55.01
1.355	19.10	55.01
1.356	19.07	55.01
1.356	19.07	55.01
1.357	19.08	55.01
1.357	19.07	55.01
1.358	19.06	55.01
1.358	19.06	55.01
1.358	19.06	55.01
1.359	19.05	55.01
1.359	19.04	55.01
1.359	19.03	55.01
1.359	19.02	55.01
1.360	19.03	55.01
1.360	19.02	55.01
1.360	19.01	55.01
1.361	19.00	55.01
1.361	18.99	55.01
1.362	18.99	55.00
1.362	18.98	55.01
1.363	18.97	55.00
1.363	18.98	55.00
1.363	18.97	55.00
1.363	18.97	55.00
1.364	18.96	55.00
1.364	18.95	55.00
1.364	18.94	55.00
1.365	18.92	55.00
1.365	18.91	55.00
1.365	18.92	55.00
1.366	18.91	55.00
1.366	18.91	55.00
1.366	18.91	55.00
1.366	18.91	55.00
1.367	18.91	55.00
1.367	18.90	55.00
1.367	18.90	55.00
1.367	18.89	55.00
1.367	18.89	55.00
1.368	18.89	55.00
1.368	18.87	55.00
1.368	18.88	55.00
1.368	18.88	55.00
1.369	18.89	55.00
1.369	18.88	55.00
1.369	18.87	55.00
1.369	18.86	55.00
1.370	18.82	55.00
1.370	18.81	54.99
1.370	18.83	54.99
1.370	18.85	54.99
1.371	18.86	54.99
1.371	18.84	54.99
1.371	18.83	54.99
1.371	18.82	54.99
1.372	18.81	54.99
1.372	18.80	54.99
1.373	18.80	54.99
1.373	18.79	54.99
1.373	18.79	54.99
1.373	18.79	54.99
1.374	18.80	54.99
1.374	18.79	54.99
1.374	18.79	54.99
1.374	18.79	54.99
1.375	18.79	54.99
1.375	18.79	54.99
1.375	18.79	54.99
1.375	18.78	54.99
1.376	18.79	54.99
1.376	18.79	54.99
1.376	18.78	54.99
1.376	18.78	54.99
1.377	18.75	54.99
1.377	18.74	54.99
1.378	18.74	54.99
1.378	18.74	54.99
1.378	18.73	54.98
1.379	18.71	54.98
1.379	18.70	54.98
1.379	18.70	54.98
1.380	18.70	54.98
1.380	18.70	54.98
1.380	18.70	54.98
1.380	18.69	54.98
1.380	18.70	54.98
1.380	18.70	54.98
1.380	18.69	54.98
1.381	18.69	54.98
1.381	18.70	54.98
1.381	18.70	54.98
1.381	18.69	54.98
1.382	18.69	54.98
1.382	18.68	54.98
1.383	18.67	54.98
1.383	18.67	54.98
1.383	18.67	54.98
1.383	18.66	54.98
1.383	18.66	54.98
1.384	18.64	54.98
1.384	18.62	54.98
1.384	18.60	54.98
1.385	18.59	54.98
1.385	18.59	54.98
1.385	18.59	54.98
1.386	18.57	54.98
1.386	18.58	54.98
1.386	18.57	54.98
1.387	18.57	54.98
1.387	18.57	54.98
1.387	18.58	54.98
1.387	18.59	54.98
1.387	18.58	54.98
1.388	18.58	54.98
1.388	18.57	54.98
1.388	18.59	54.98
1.388	18.59	54.98
1.389	18.58	54.98
1.389	18.58	54.98
1.389	18.58	54.98
1.389	18.57	54.98
1.389	18.56	54.98
1.390	18.55	54.98
1.390	18.55	54.98
1.391	18.56	54.98
1.391	18.56	54.98
1.391	18.55	54.98
1.391	18.55	54.98
1.392	18.54	54.98
1.392	18.52	54.97
1.392	18.52	54.97
1.393	18.52	54.97
1.393	18.52	54.97
1.394	18.52	54.97
1.394	18.52	54.97
1.394	18.51	54.97
1.394	18.50	54.97
1.395	18.49	54.97
1.395	18.48	54.97
1.395	18.47	54.97
1.396	18.47	54.97
1.396	18.46	54.97
1.396	18.45	54.97
1.397	18.46	54.97
1.397	18.44	54.97
1.397	18.44	54.97
1.398	18.43	54.97
1.398	18.43	54.97
1.398	18.43	54.97
1.398	18.42	54.97
1.398	18.42	54.97
1.399	18.42	54.97
1.399	18.42	54.97
1.399	18.42	54.97
1.399	18.42	54.97
1.399	18.40	54.96
1.400	18.42	54.97
1.400	18.42	54.96
1.400	18.43	54.96
1.400	18.39	54.96
1.401	18.40	54.96
1.401	18.39	54.96
1.401	18.39	54.96
1.401	18.40	54.96
1.401	18.39	54.96
1.402	18.39	54.96
1.402	18.38	54.96
1.402	18.39	54.96
1.403	18.38	54.96
1.403	18.37	54.96
1.403	18.34	54.96
1.403	18.33	54.96
1.404	18.33	54.96
1.404	18.34	54.96
1.405	18.36	54.96
1.405	18.37	54.96
1.405	18.37	54.96
1.405	18.35	54.96
1.406	18.34	54.96
1.406	18.34	54.96
1.406	18.33	54.96
1.406	18.33	54.96
1.406	18.33	54.96
1.407	18.32	54.96
1.407	18.31	54.96
1.407	18.31	54.95
1.407	18.31	54.95
1.407	18.31	54.95
1.407	18.30	54.95
1.408	18.29	54.95
1.408	18.29	54.95
1.408	18.29	54.95
1.409	18.28	54.95
1.409	18.27	54.95
1.410	18.27	54.95
1.410	18.27	54.95
1.410	18.26	54.95
1.411	18.27	54.95
1.411	18.27	54.95
1.411	18.26	54.95
1.411	18.26	54.95
1.412	18.25	54.95
1.412	18.25	54.95
1.413	18.24	54.95
1.413	18.23	54.95
1.413	18.23	54.95
1.413	18.23	54.95
1.413	18.23	54.95
1.414	18.22	54.95
1.414	18.22	54.95
1.414	18.22	54.95
1.415	18.22	54.95
1.415	18.22	54.95
1.415	18.21	54.95
1.415	18.21	54.95
1.416	18.21	54.95
1.416	18.20	54.95
1.416	18.20	54.95
1.416	18.20	54.95
1.417	18.20	54.95
1.417	18.19	54.95
1.418	18.19	54.95
1.418	18.18	54.95
1.418	18.17	54.95
1.419	18.17	54.95
1.419	18.16	54.95
1.419	18.16	54.95
1.420	18.16	54.95
1.420	18.16	54.95
1.420	18.15	54.95
1.420	18.15	54.95
1.421	18.15	54.95
1.421	18.14	54.94
1.421	18.14	54.94
1.422	18.14	54.94
1.422	18.15	54.94
1.422	18.15	54.94
1.422	18.15	54.94
1.422	18.14	54.94
1.423	18.14	54.94
1.423	18.13	54.94
1.424	18.13	54.94
1.424	18.12	54.94
1.425	18.12	54.94
1.425	18.12	54.94
1.425	18.12	54.94
1.425	18.12	54.94
1.425	18.11	54.94
1.426	18.11	54.94
1.426	18.10	54.94
1.426	18.10	54.94
1.426	18.10	54.94
1.427	18.09	54.94
1.427	18.09	54.94
1.427	18.09	54.94
1.427	18.09	54.94
1.428	18.09	54.94
1.428	18.09	54.94
1.428	18.07	54.94
1.428	18.07	54.93
1.428	18.07	54.93
1.429	18.07	54.93
1.429	18.05	54.93
1.429	18.05	54.93
1.429	18.05	54.93
1.429	18.04	54.93
1.430	18.03	54.93
1.430	18.03	54.93
1.430	18.03	54.93
1.430	18.03	54.93
1.430	18.03	54.93
1.430	18.02	54.93
1.431	18.02	54.93
1.431	18.02	54.93
1.431	18.02	54.93
1.431	18.02	54.93
1.431	18.03	54.93
1.431	18.01	54.93
1.431	18.01	54.93
1.431	18.02	54.93
1.432	18.01	54.93
1.432	17.99	54.93
1.432	17.98	54.93
1.432	17.98	54.93
1.432	17.97	54.92
1.433	17.98	54.92
1.433	17.98	54.92
1.433	17.98	54.92
1.433	17.99	54.92
1.433	17.99	54.92
1.433	17.98	54.92
1.433	17.97	54.92
1.434	17.96	54.92
1.434	17.96	54.92
1.434	17.96	54.92
1.434	17.96	54.92
1.434	17.95	54.92
1.435	17.93	54.92
1.435	17.93	54.92
1.436	17.93	54.92
1.436	17.92	54.92
1.436	17.92	54.92
1.436	17.93	54.92
1.437	17.92	54.92
1.437	17.91	54.92
1.437	17.90	54.92
1.438	17.89	54.92
1.438	17.89	54.92
1.438	17.89	54.92
1.438	17.88	54.92
1.439	17.88	54.92
1.439	17.87	54.92
1.440	17.86	54.92
1.440	17.85	54.92
1.440	17.85	54.92
1.441	17.84	54.92
1.441	17.82	54.92
1.441	17.82	54.92
1.442	17.82	54.92
1.442	17.82	54.92
1.442	17.83	54.92
1.442	17.82	54.92
1.442	17.83	54.92
1.442	17.83	54.92
1.442	17.81	54.92
1.442	17.82	54.92
1.443	17.82	54.92
1.443	17.82	54.92
1.443	17.81	54.92
1.443	17.82	54.92
1.443	17.82	54.92
1.443	17.82	54.92
1.443	17.82	54.91
1.443	17.81	54.92
1.444	17.81	54.91
1.444	17.81	54.91
1.444	17.81	54.91
1.444	17.80	54.91
1.444	17.80	54.91
1.444	17.80	54.91
1.445	17.80	54.91
1.446	17.80	54.91
1.446	17.80	54.91
1.446	17.80	54.91
1.446	17.80	54.91
1.446	17.80	54.91
1.447	17.80	54.91
1.447	17.79	54.91
1.447	17.79	54.91
1.447	17.78	54.91
1.448	17.78	54.91
1.448	17.78	54.91
1.448	17.78	54.91
1.449	17.78	54.91
1.449	17.78	54.91
1.449	17.77	54.91
1.450	17.77	54.91
1.450	17.76	54.91
1.450	17.75	54.91
1.451	17.74	54.91
1.452	17.72	54.91
1.452	17.70	54.91
1.452	17.69	54.91
1.452	17.69	54.91
1.452	17.68	54.90
1.453	17.69	54.90
1.453	17.69	54.90
1.453	17.69	54.90
1.453	17.68	54.90
1.454	17.69	54.90
1.454	17.69	54.90
1.453	17.68	54.90
1.454	17.68	54.90
1.454	17.68	54.90
1.454	17.67	54.90
1.454	17.66	54.90
1.455	17.66	54.90
1.455	17.65	54.90
1.455	17.64	54.90
1.456	17.64	54.90
1.456	17.64	54.90
1.456	17.64	54.90
1.456	17.64	54.90
1.456	17.64	54.90
1.456	17.64	54.90
1.456	17.63	54.90
1.457	17.63	54.90
1.457	17.62	54.90
1.458	17.62	54.90
1.458	17.62	54.90
1.458	17.61	54.90
1.458	17.61	54.90
1.458	17.61	54.90
1.459	17.60	54.89
1.459	17.60	54.89
1.459	17.60	54.89
1.459	17.59	54.89
1.460	17.59	54.89
1.460	17.58	54.89
1.460	17.58	54.89
1.460	17.57	54.89
1.460	17.57	54.89
1.461	17.57	54.89
1.461	17.57	54.89
1.461	17.56	54.89
1.461	17.56	54.89
1.461	17.56	54.89
1.461	17.56	54.89
1.461	17.56	54.89
1.461	17.56	54.89
1.462	17.56	54.89
1.462	17.55	54.89
1.463	17.55	54.89
1.463	17.54	54.89
1.463	17.54	54.89
1.463	17.54	54.89
1.464	17.54	54.89
1.464	17.54	54.89
1.464	17.54	54.89
1.464	17.53	54.89
1.464	17.53	54.89
1.465	17.52	54.89
1.466	17.50	54.89
1.467	17.50	54.89
1.467	17.50	54.89
1.468	17.49	54.89
1.468	17.49	54.89
1.468	17.49	54.89
1.469	17.48	54.89
1.469	17.46	54.89
1.469	17.46	54.89
1.470	17.46	54.89
1.470	17.45	54.89
1.471	17.44	54.89
1.471	17.44	54.89
1.471	17.44	54.89
1.471	17.43	54.89
1.471	17.43	54.89
1.472	17.42	54.89
1.472	17.42	54.89
1.472	17.42	54.89
1.472	17.42	54.89
1.472	17.42	54.88
1.473	17.41	54.88
1.473	17.41	54.88
1.473	17.41	54.88
1.474	17.40	54.88
1.474	17.40	54.88
1.474	17.40	54.88
1.474	17.39	54.88
1.475	17.39	54.88
1.475	17.38	54.88
1.476	17.38	54.88
1.476	17.38	54.88
1.476	17.38	54.88
1.476	17.37	54.88
1.477	17.36	54.88
1.478	17.36	54.88
1.478	17.35	54.88
1.478	17.35	54.88
1.479	17.35	54.88
1.479	17.34	54.88
1.480	17.34	54.88
1.480	17.32	54.87
1.480	17.32	54.88
1.481	17.31	54.87
1.481	17.31	54.88
1.482	17.31	54.88
1.482	17.31	54.88
1.482	17.30	54.87
1.482	17.30	54.87
1.482	17.29	54.87
1.483	17.28	54.87
1.483	17.28	54.87
1.484	17.28	54.87
1.484	17.27	54.87
1.485	17.26	54.87
1.486	17.26	54.87
1.486	17.24	54.87
1.487	17.22	54.87
1.487	17.22	54.87
1.487	17.22	54.87
1.487	17.22	54.87
1.487	17.21	54.87
1.487	17.21	54.87
1.488	17.21	54.87
1.488	17.21	54.87
1.488	17.21	54.87
1.489	17.20	54.87
1.489	17.20	54.87
1.490	17.20	54.87
1.490	17.18	54.87
1.490	17.18	54.87
1.491	17.18	54.87
1.491	17.17	54.87
1.492	17.17	54.87
1.492	17.16	54.87
1.492	17.16	54.87
1.493	17.15	54.87
1.493	17.15	54.87
1.494	17.14	54.87
1.494	17.13	54.87
1.494	17.13	54.87
1.495	17.12	54.86
1.495	17.12	54.86
1.495	17.12	54.86
1.496	17.12	54.86
1.496	17.11	54.86
1.497	17.10	54.86
1.498	17.09	54.86
1.498	17.08	54.86
1.499	17.08	54.86
1.500	17.08	54.86
1.500	17.07	54.86
1.501	17.07	54.86
1.501	17.06	54.86
1.501	17.06	54.86
1.501	17.05	54.86
1.502	17.04	54.86
1.503	17.04	54.86
1.503	17.04	54.86
1.503	17.04	54.86
1.503	17.04	54.86
1.503	17.03	54.86
1.504	17.03	54.86
1.504	17.02	54.86
1.504	17.02	54.86
1.505	17.01	54.86
1.505	17.01	54.86
1.505	17.01	54.86
1.506	17.00	54.86
1.506	17.00	54.86
1.506	17.00	54.86
1.507	17.00	54.86
1.507	16.99	54.86
1.507	16.98	54.86
1.507	16.97	54.86
1.508	16.97	54.86
1.508	16.97	54.86
1.508	16.97	54.86
1.509	16.96	54.86
1.509	16.95	54.86
1.510	16.94	54.86
1.510	16.92	54.86
1.511	16.92	54.86
1.511	16.92	54.86
1.511	16.92	54.86
1.511	16.92	54.86
1.512	16.92	54.86
1.512	16.92	54.86
1.512	16.91	54.86
1.513	16.91	54.86
1.513	16.91	54.86
1.513	16.90	54.85
1.514	16.90	54.86
1.514	16.89	54.86
1.515	16.88	54.85
1.515	16.87	54.85
1.516	16.87	54.85
1.516	16.87	54.85
1.516	16.87	54.85
1.517	16.87	54.85
1.517	16.87	54.85
1.517	16.86	54.85
1.518	16.86	54.85
1.518	16.86	54.85
1.518	16.86	54.85
1.519	16.85	54.85
1.519	16.84	54.85
1.520	16.83	54.85
1.520	16.82	54.85
1.521	16.81	54.85
1.521	16.80	54.85
1.522	16.79	54.85
1.522	16.78	54.85
1.523	16.77	54.85
1.524	16.77	54.85
1.524	16.76	54.85
1.524	16.76	54.85
1.524	16.76	54.85
1.525	16.76	54.85
1.525	16.76	54.85
1.526	16.75	54.85
1.526	16.74	54.85
1.527	16.74	54.85
1.527	16.73	54.84
1.527	16.72	54.84
1.528	16.72	54.84
1.529	16.71	54.84
1.529	16.71	54.84
1.530	16.70	54.84
1.530	16.69	54.84
1.531	16.69	54.84
1.531	16.69	54.84
1.532	16.67	54.84
1.532	16.66	54.84
1.532	16.65	54.84
1.533	16.65	54.84
1.533	16.65	54.84
1.534	16.64	54.84
1.534	16.64	54.84
1.535	16.63	54.84
1.535	16.63	54.84
1.536	16.63	54.84
1.536	16.62	54.84
1.537	16.61	54.84
1.537	16.60	54.84
1.538	16.60	54.84
1.538	16.60	54.84
1.538	16.59	54.84
1.538	16.59	54.84
1.539	16.58	54.84
1.539	16.57	54.84
1.540	16.57	54.84
1.540	16.57	54.84
1.540	16.57	54.83
1.541	16.57	54.83
1.541	16.56	54.83
1.541	16.56	54.83
1.541	16.56	54.83
1.541	16.56	54.83
1.541	16.55	54.83
1.542	16.55	54.83
1.542	16.54	54.83
1.542	16.53	54.83
1.543	16.53	54.83
1.544	16.52	54.83
1.544	16.52	54.83
1.544	16.51	54.83
1.544	16.51	54.83
1.545	16.51	54.83
1.545	16.50	54.83
1.546	16.50	54.83
1.546	16.49	54.83
1.547	16.49	54.83
1.547	16.49	54.83
1.547	16.48	54.83
1.547	16.48	54.83
1.547	16.48	54.83
1.548	16.47	54.83
1.548	16.47	54.83
1.549	16.46	54.83
1.549	16.46	54.83
1.549	16.46	54.83
1.549	16.45	54.83
1.550	16.44	54.83
1.550	16.44	54.83
1.551	16.44	54.83
1.551	16.44	54.83
1.552	16.43	54.83
1.552	16.43	54.83
1.552	16.43	54.83
1.553	16.42	54.83
1.553	16.42	54.83
1.553	16.41	54.83
1.553	16.41	54.83
1.554	16.41	54.83
1.554	16.41	54.83
1.555	16.40	54.83
1.555	16.40	54.83
1.555	16.39	54.82
1.556	16.39	54.83
1.556	16.39	54.82
1.556	16.38	54.82
1.557	16.38	54.82
1.557	16.37	54.82
1.557	16.36	54.82
1.558	16.36	54.82
1.558	16.35	54.82
1.559	16.34	54.82
1.559	16.34	54.82
1.560	16.33	54.82
1.560	16.33	54.82
1.560	16.32	54.82
1.560	16.31	54.82
1.561	16.31	54.82
1.562	16.30	54.82
1.562	16.30	54.82
1.563	16.29	54.82
1.563	16.29	54.82
1.564	16.28	54.82
1.564	16.28	54.82
1.564	16.27	54.82
1.565	16.27	54.82
1.565	16.26	54.82
1.565	16.26	54.82
1.566	16.25	54.82
1.566	16.24	54.82
1.566	16.24	54.82
1.567	16.23	54.82
1.567	16.22	54.81
1.568	16.22	54.81
1.568	16.22	54.81
1.569	16.21	54.81
1.569	16.21	54.81
1.570	16.20	54.81
1.570	16.20	54.81
1.571	16.20	54.81
1.571	16.19	54.81
1.571	16.18	54.81
1.572	16.18	54.81
1.573	16.18	54.81
1.573	16.17	54.81
1.573	16.16	54.81
1.574	16.16	54.81
1.575	16.15	54.81
1.575	16.14	54.81
1.576	16.13	54.81
1.576	16.13	54.81
1.577	16.12	54.81
1.577	16.12	54.81
1.578	16.12	54.81
1.578	16.11	54.81
1.579	16.11	54.81
1.579	16.11	54.81
1.579	16.10	54.81
1.580	16.10	54.81
1.580	16.09	54.80
1.581	16.08	54.80
1.582	16.08	54.80
1.582	16.07	54.80
1.583	16.06	54.80
1.583	16.06	54.80
1.583	16.06	54.80
1.584	16.05	54.80
1.584	16.05	54.80
1.584	16.04	54.80
1.585	16.04	54.80
1.585	16.03	54.80
1.586	16.03	54.80
1.586	16.02	54.80
1.586	16.02	54.80
1.586	16.01	54.80
1.587	16.00	54.80
1.587	16.00	54.80
1.588	15.99	54.80
1.588	15.99	54.80
1.589	15.98	54.80
1.590	15.98	54.80
1.590	15.98	54.80
1.591	15.96	54.80
1.591	15.96	54.80
1.591	15.96	54.80
1.592	15.95	54.80
1.593	15.94	54.80
1.593	15.94	54.80
1.594	15.93	54.80
1.595	15.92	54.80
1.596	15.91	54.80
1.596	15.90	54.80
1.597	15.88	54.80
1.597	15.88	54.80
1.598	15.88	54.80
1.598	15.88	54.80
1.599	15.87	54.80
1.600	15.87	54.80
1.600	15.86	54.80
1.601	15.85	54.80
1.601	15.85	54.80
1.601	15.85	54.80
1.601	15.85	54.80
1.602	15.84	54.80
1.602	15.84	54.79
1.602	15.82	54.80
1.602	15.82	54.80
1.603	15.82	54.79
1.603	15.81	54.79
1.603	15.82	54.79
1.603	15.81	54.79
1.603	15.81	54.79
1.604	15.81	54.79
1.604	15.81	54.79
1.606	15.80	54.79
1.607	15.78	54.79
1.607	15.78	54.79
1.607	15.77	54.79
1.608	15.77	54.79
1.608	15.77	54.79
1.608	15.76	54.79
1.609	15.76	54.79
1.609	15.75	54.79
1.610	15.75	54.79
1.610	15.75	54.79
1.611	15.74	54.79
1.612	15.73	54.79
1.612	15.72	54.79
1.613	15.72	54.79
1.613	15.71	54.79
1.614	15.70	54.78
1.614	15.69	54.78
1.614	15.70	54.78
1.614	15.70	54.78
1.614	15.69	54.78
1.614	15.70	54.78
1.614	15.69	54.78
1.614	15.69	54.78
1.615	15.69	54.78
1.615	15.68	54.78
1.616	15.68	54.78
1.616	15.67	54.78
1.617	15.67	54.78
1.617	15.67	54.78
1.618	15.66	54.78
1.618	15.66	54.78
1.619	15.65	54.78
1.619	15.65	54.78
1.619	15.65	54.78
1.620	15.65	54.78
1.620	15.65	54.78
1.620	15.65	54.78
1.621	15.64	54.78
1.622	15.63	54.78
1.623	15.62	54.78
1.625	15.60	54.78
1.627	15.59	54.78
1.628	15.58	54.78
1.628	15.58	54.77
1.628	15.58	54.77
1.628	15.57	54.77
1.628	15.57	54.77
1.629	15.56	54.77
1.629	15.54	54.77
1.630	15.54	54.77
1.630	15.52	54.77
1.631	15.52	54.77
1.631	15.51	54.77
1.631	15.51	54.77
1.632	15.51	54.77
1.632	15.51	54.77
1.632	15.51	54.77
1.632	15.51	54.77
1.632	15.51	54.77
1.633	15.51	54.77
1.633	15.50	54.77
1.634	15.49	54.77
1.635	15.48	54.77
1.635	15.47	54.77
1.636	15.47	54.77
1.636	15.46	54.77
1.636	15.47	54.77
1.637	15.46	54.77
1.638	15.45	54.77
1.639	15.44	54.77
1.640	15.43	54.77
1.640	15.43	54.77
1.641	15.42	54.77
1.641	15.41	54.77
1.642	15.41	54.77
1.642	15.40	54.77
1.643	15.39	54.77
1.644	15.38	54.77
1.645	15.38	54.77
1.646	15.37	54.77
1.647	15.35	54.77
1.648	15.34	54.77
1.649	15.34	54.77
1.649	15.34	54.77
1.649	15.33	54.77
1.650	15.31	54.77
1.652	15.30	54.77
1.653	15.30	54.77
1.654	15.29	54.77
1.654	15.28	54.77
1.655	15.27	54.77
1.656	15.26	54.77
1.657	15.25	54.77
1.657	15.24	54.77
1.658	15.24	54.77
1.658	15.24	54.77
1.659	15.24	54.77
1.660	15.24	54.77
1.660	15.23	54.77
1.660	15.23	54.77
1.661	15.22	54.77
1.662	15.21	54.77
1.663	15.21	54.77
1.663	15.20	54.77
1.663	15.20	54.77
1.664	15.19	54.77
1.664	15.19	54.77
1.665	15.19	54.77
1.665	15.19	54.77
1.665	15.19	54.76
1.665	15.19	54.76
1.665	15.19	54.76
1.665	15.19	54.76
1.665	15.18	54.76
1.665	15.18	54.76
1.665	15.19	54.76
1.665	15.18	54.76
1.665	15.18	54.76
1.665	15.18	54.76
1.665	15.17	54.76
1.665	15.16	54.76
1.666	15.16	54.76
1.667	15.15	54.76
1.667	15.15	54.76
1.668	15.15	54.76
1.669	15.14	54.76
1.669	15.13	54.76
1.670	15.12	54.76
1.670	15.12	54.76
1.671	15.11	54.76
1.672	15.09	54.76
1.673	15.09	54.76
1.674	15.08	54.76
1.674	15.08	54.76
1.675	15.08	54.76
1.675	15.07	54.76
1.676	15.07	54.76
1.676	15.05	54.76
1.678	15.04	54.76
1.680	15.02	54.76
1.681	15.00	54.76
1.682	15.00	54.75
1.683	14.99	54.75
1.685	14.98	54.75
1.686	14.97	54.75
1.687	14.96	54.75
1.688	14.95	54.75
1.688	14.94	54.75
1.689	14.94	54.75
1.690	14.93	54.75
1.691	14.92	54.75
1.692	14.90	54.75
1.694	14.89	54.75
1.695	14.88	54.75
1.696	14.87	54.75
1.696	14.86	54.75
1.696	14.86	54.75
1.697	14.85	54.75
1.698	14.85	54.75
1.699	14.84	54.75
1.699	14.83	54.75
1.701	14.82	54.75
1.702	14.82	54.75
1.703	14.80	54.75
1.704	14.79	54.75
1.704	14.78	54.75
1.705	14.78	54.75
1.705	14.78	54.75
1.706	14.77	54.75
1.706	14.76	54.75
1.707	14.76	54.75
1.708	14.76	54.74
1.708	14.75	54.74
1.709	14.74	54.74
1.709	14.74	54.74
1.709	14.73	54.74
1.710	14.73	54.74
1.709	14.73	54.74
1.710	14.72	54.74
1.710	14.73	54.74
1.711	14.72	54.74
1.712	14.72	54.74
1.712	14.72	54.74
1.712	14.71	54.74
1.712	14.71	54.74
1.713	14.71	54.74
1.713	14.71	54.74
1.713	14.71	54.74
1.713	14.71	54.74
1.713	14.71	54.73
1.714	14.71	54.73
1.714	14.70	54.73
1.714	14.70	54.73
1.714	14.70	54.73
1.714	14.70	54.73
1.714	14.70	54.73
1.714	14.70	54.73
1.714	14.70	54.73
1.714	14.69	54.73
1.715	14.68	54.73
1.716	14.67	54.73
1.717	14.67	54.73
1.717	14.67	54.73
1.717	14.67	54.73
1.717	14.67	54.73
1.717	14.67	54.73
1.717	14.67	54.73
1.717	14.67	54.73
1.717	14.67	54.73
1.718	14.66	54.73
1.718	14.66	54.73
1.718	14.65	54.73
1.719	14.65	54.73
1.720	14.63	54.73
1.722	14.62	54.73
1.722	14.62	54.73
1.722	14.62	54.73
1.722	14.62	54.73
1.722	14.61	54.73
1.723	14.61	54.73
1.724	14.59	54.73
1.725	14.58	54.73
1.727	14.58	54.73
1.728	14.56	54.73
1.729	14.55	54.73
1.730	14.55	54.73
1.731	14.53	54.73
1.733	14.52	54.73
1.734	14.52	54.73
1.735	14.52	54.73
1.735	14.51	54.73
1.736	14.50	54.73
1.736	14.50	54.73
1.737	14.49	54.73
1.737	14.48	54.73
1.737	14.47	54.73
1.738	14.47	54.73
1.738	14.46	54.73
1.739	14.45	54.73
1.739	14.44	54.73
1.740	14.44	54.73
1.740	14.44	54.73
1.741	14.43	54.72
1.742	14.43	54.72
1.743	14.41	54.72
1.743	14.42	54.72
1.744	14.41	54.72
1.744	14.41	54.72
1.745	14.40	54.72
1.745	14.40	54.72
1.746	14.38	54.72
1.747	14.38	54.72
1.748	14.37	54.72
1.748	14.37	54.72
1.749	14.37	54.72
1.750	14.36	54.72
1.750	14.36	54.72
1.751	14.35	54.72
1.751	14.35	54.72
1.752	14.35	54.72
1.752	14.34	54.72
1.753	14.33	54.72
1.753	14.33	54.72
1.753	14.32	54.72
1.754	14.31	54.72
1.755	14.31	54.72
1.756	14.30	54.72
1.756	14.30	54.72
1.757	14.30	54.72
1.758	14.29	54.71
1.759	14.29	54.72
1.759	14.28	54.71
1.759	14.29	54.71
1.759	14.29	54.71
1.759	14.29	54.71
1.759	14.29	54.71
1.759	14.29	54.71
1.759	14.28	54.71
1.759	14.28	54.71
1.760	14.28	54.71
1.760	14.28	54.71
1.759	14.27	54.71
1.760	14.27	54.71
1.760	14.26	54.71
1.760	14.25	54.71
1.761	14.25	54.71
1.760	14.25	54.71
1.760	14.26	54.71
1.760	14.25	54.71
1.760	14.25	54.71
1.760	14.25	54.71
1.761	14.25	54.71
1.761	14.24	54.71
1.762	14.24	54.71
1.762	14.24	54.71
1.762	14.24	54.71
1.762	14.24	54.71
1.762	14.24	54.71
1.763	14.24	54.71
1.763	14.23	54.70
1.763	14.23	54.70
1.763	14.23	54.70
1.764	14.22	54.70
1.765	14.21	54.70
1.765	14.21	54.70
1.765	14.21	54.70
1.766	14.21	54.70
1.767	14.20	54.70
1.767	14.20	54.70
1.768	14.19	54.70
1.768	14.18	54.70
1.769	14.18	54.70
1.770	14.17	54.70
1.771	14.16	54.70
1.772	14.15	54.70
1.772	14.14	54.70
1.773	14.14	54.70
1.773	14.13	54.70
1.774	14.13	54.70
1.774	14.13	54.70
1.775	14.13	54.70
1.776	14.12	54.70
1.776	14.12	54.70
1.776	14.12	54.70
1.776	14.11	54.70
1.777	14.11	54.70
1.777	14.10	54.70
1.778	14.09	54.70
1.779	14.09	54.70
1.780	14.09	54.70
1.780	14.08	54.70
1.780	14.08	54.70
1.780	14.07	54.70
1.781	14.07	54.70
1.781	14.07	54.70
1.782	14.06	54.70
1.782	14.06	54.70
1.782	14.06	54.70
1.783	14.05	54.70
1.783	14.05	54.70
1.784	14.05	54.70
1.784	14.05	54.70
1.784	14.05	54.70
1.784	14.04	54.70
1.785	14.04	54.70
1.786	14.03	54.70
1.786	14.02	54.70
1.787	14.01	54.70
1.788	14.00	54.70
1.789	14.00	54.70
1.789	14.00	54.70
1.789	14.00	54.69
1.789	13.99	54.69
1.789	13.99	54.69
1.789	13.99	54.69
1.790	13.98	54.69
1.790	13.98	54.69
1.791	13.98	54.69
1.791	13.98	54.69
1.792	13.98	54.69
1.791	13.98	54.69
1.792	13.98	54.69
1.792	13.97	54.69
1.793	13.97	54.69
1.793	13.97	54.69
1.793	13.97	54.69
1.794	13.96	54.69
1.795	13.96	54.69
1.795	13.95	54.69
1.795	13.95	54.69
1.795	13.95	54.69
1.795	13.94	54.69
1.795	13.94	54.69
1.797	13.94	54.69
1.797	13.93	54.69
1.797	13.93	54.69
1.798	13.92	54.69
1.798	13.91	54.69
1.799	13.91	54.69
1.799	13.91	54.68
1.799	13.91	54.68
1.800	13.91	54.68
1.800	13.90	54.68
1.801	13.90	54.68
1.802	13.89	54.68
1.803	13.88	54.68
1.804	13.88	54.68
1.805	13.87	54.68
1.805	13.87	54.68
1.806	13.87	54.68
1.806	13.86	54.68
1.806	13.86	54.68
1.807	13.85	54.68
1.807	13.85	54.68
1.807	13.84	54.68
1.808	13.84	54.68
1.808	13.84	54.68
1.809	13.83	54.68
1.809	13.82	54.67
1.810	13.82	54.67
1.810	13.82	54.67
1.811	13.82	54.67
1.812	13.82	54.67
1.813	13.82	54.67
1.813	13.81	54.67
1.813	13.81	54.67
1.813	13.81	54.67
1.813	13.81	54.67
1.813	13.80	54.67
1.814	13.80	54.67
1.814	13.80	54.67
1.814	13.80	54.67
1.814	13.80	54.67
1.814	13.80	54.67
1.814	13.79	54.67
1.815	13.78	54.67
1.815	13.78	54.67
1.816	13.76	54.67
1.818	13.75	54.67
1.819	13.74	54.67
1.819	13.74	54.67
1.820	13.74	54.67
1.821	13.73	54.67
1.822	13.72	54.67
1.824	13.72	54.67
1.824	13.71	54.67
1.824	13.71	54.67
1.825	13.70	54.67
1.825	13.70	54.67
1.826	13.70	54.67
1.826	13.69	54.67
1.827	13.68	54.67
1.828	13.67	54.67
1.829	13.66	54.67
1.829	13.66	54.67
1.830	13.65	54.67
1.830	13.65	54.67
1.831	13.64	54.67
1.831	13.64	54.67
1.832	13.63	54.67
1.832	13.63	54.67
1.833	13.62	54.67
1.834	13.62	54.67
1.835	13.61	54.67
1.836	13.61	54.67
1.836	13.61	54.67
1.836	13.60	54.67
1.838	13.59	54.67
1.839	13.59	54.67
1.839	13.58	54.67
1.839	13.58	54.66
1.839	13.58	54.66
1.840	13.57	54.66
1.840	13.57	54.66
1.841	13.56	54.66
1.841	13.56	54.66
1.841	13.55	54.66
1.841	13.55	54.66
1.841	13.55	54.66
1.841	13.55	54.66
1.841	13.55	54.66
1.842	13.55	54.66
1.842	13.54	54.66
1.841	13.55	54.66
1.841	13.54	54.66
1.842	13.54	54.66
1.842	13.55	54.66
1.842	13.54	54.66
1.841	13.54	54.66
1.842	13.55	54.66
1.842	13.54	54.66
1.842	13.54	54.66
1.842	13.54	54.66
1.842	13.54	54.66
1.842	13.53	54.66
1.843	13.54	54.66
1.843	13.53	54.66
1.844	13.53	54.66
1.844	13.52	54.66
1.845	13.52	54.66
1.845	13.52	54.66
1.846	13.51	54.66
1.846	13.51	54.65
1.846	13.51	54.65
1.846	13.51	54.66
1.846	13.51	54.65
1.846	13.51	54.65
1.846	13.51	54.65
1.847	13.50	54.65
1.847	13.50	54.65
1.848	13.49	54.65
1.849	13.49	54.65
1.849	13.49	54.65
1.850	13.48	54.65
1.851	13.47	54.65
1.852	13.47	54.65
1.852	13.47	54.65
1.852	13.47	54.65
1.852	13.47	54.65
1.853	13.46	54.65
1.854	13.45	54.65
1.854	13.46	54.65
1.854	13.45	54.65
1.854	13.45	54.65
1.854	13.44	54.65
1.854	13.45	54.65
1.855	13.44	54.65
1.855	13.44	54.65
1.855	13.44	54.65
1.855	13.44	54.65
1.855	13.44	54.65
1.855	13.44	54.65
1.856	13.43	54.65
1.857	13.43	54.65
1.858	13.42	54.65
1.858	13.42	54.65
1.859	13.41	54.64
1.859	13.41	54.64
1.859	13.41	54.64
1.860	13.41	54.64
1.860	13.40	54.64
1.861	13.40	54.64
1.861	13.40	54.64
1.861	13.41	54.64
1.862	13.39	54.64
1.863	13.39	54.64
1.863	13.39	54.64
1.864	13.39	54.64
1.865	13.38	54.64
1.865	13.38	54.64
1.865	13.37	54.64
1.865	13.36	54.64
1.866	13.36	54.64
1.866	13.35	54.64
1.866	13.35	54.64
1.866	13.35	54.64
1.867	13.34	54.64
1.867	13.34	54.64
1.867	13.34	54.64
1.868	13.34	54.64
1.868	13.34	54.64
1.868	13.34	54.64
1.867	13.34	54.64
1.867	13.33	54.64
1.868	13.33	54.64
1.869	13.33	54.64
1.870	13.33	54.64
1.870	13.32	54.64
1.870	13.32	54.64
1.870	13.32	54.64
1.871	13.32	54.64
1.872	13.31	54.64
1.872	13.31	54.64
1.872	13.30	54.64
1.873	13.30	54.64
1.874	13.29	54.64
1.875	13.28	54.64
1.875	13.28	54.64
1.875	13.28	54.64
1.876	13.28	54.64
1.876	13.27	54.64
1.877	13.26	54.64
1.878	13.26	54.64
1.878	13.25	54.64
1.879	13.25	54.64
1.879	13.25	54.64
1.879	13.25	54.64
1.880	13.25	54.63
1.880	13.25	54.63
1.880	13.24	54.63
1.880	13.24	54.63
1.881	13.24	54.63
1.882	13.24	54.63
1.883	13.23	54.63
1.883	13.23	54.63
1.883	13.23	54.63
1.883	13.23	54.63
1.883	13.23	54.63
1.883	13.22	54.63
1.884	13.20	54.63
1.886	13.19	54.63
1.886	13.20	54.63
1.887	13.19	54.63
1.887	13.18	54.63
1.888	13.18	54.63
1.888	13.17	54.63
1.891	13.16	54.63
1.892	13.16	54.63
1.892	13.16	54.63
1.892	13.15	54.63
1.893	13.15	54.63
1.893	13.15	54.63
1.893	13.15	54.63
1.893	13.14	54.62
1.893	13.14	54.62
1.894	13.14	54.62
1.895	13.13	54.62
1.895	13.12	54.62
1.896	13.11	54.62
1.896	13.11	54.62
1.896	13.11	54.62
1.897	13.11	54.62
1.897	13.11	54.62
1.897	13.10	54.62
1.898	13.10	54.62
1.898	13.10	54.62
1.899	13.10	54.62
1.899	13.09	54.62
1.899	13.10	54.62
1.899	13.10	54.62
1.899	13.09	54.62
1.900	13.09	54.62
1.900	13.09	54.61
1.900	13.09	54.61
1.901	13.08	54.61
1.902	13.08	54.61
1.902	13.07	54.61
1.903	13.07	54.61
1.903	13.07	54.61
1.903	13.06	54.61
1.904	13.06	54.61
1.904	13.06	54.61
1.904	13.06	54.61
1.904	13.06	54.61
1.904	13.06	54.61
1.904	13.05	54.61
1.904	13.05	54.61
1.904	13.05	54.61
1.905	13.06	54.61
1.905	13.04	54.61
1.906	13.04	54.61
1.906	13.04	54.61
1.907	13.04	54.61
1.907	13.03	54.61
1.908	13.02	54.61
1.909	13.01	54.61
1.910	13.01	54.61
1.910	13.00	54.61
1.911	13.00	54.61
1.912	13.00	54.61
1.912	13.00	54.61
1.912	13.00	54.61
1.912	12.99	54.61
1.912	12.99	54.61
1.912	12.99	54.61
1.912	12.99	54.61
1.912	12.99	54.61
1.913	12.99	54.61
1.914	12.99	54.61
1.914	12.98	54.61
1.913	12.99	54.61
1.914	12.98	54.61
1.914	12.98	54.61
1.915	12.97	54.61
1.916	12.97	54.61
1.916	12.96	54.61
1.917	12.96	54.61
1.917	12.95	54.61
1.917	12.95	54.61
1.917	12.96	54.61
1.918	12.95	54.61
1.918	12.95	54.61
1.919	12.95	54.61
1.920	12.94	54.61
1.920	12.93	54.61
1.921	12.93	54.60
1.921	12.93	54.60
1.921	12.92	54.60
1.922	12.93	54.60
1.922	12.93	54.60
1.922	12.92	54.60
1.923	12.92	54.60
1.924	12.91	54.60
1.924	12.92	54.60
1.925	12.91	54.60
1.925	12.90	54.60
1.926	12.90	54.60
1.926	12.90	54.60
1.926	12.89	54.60
1.926	12.89	54.60
1.925	12.90	54.60
1.925	12.90	54.60
1.925	12.90	54.60
1.925	12.90	54.60
1.925	12.89	54.60
1.926	12.89	54.60
1.927	12.88	54.60
1.927	12.87	54.60
1.928	12.87	54.60
1.928	12.86	54.60
1.929	12.86	54.60
1.930	12.86	54.60
1.930	12.85	54.60
1.931	12.84	54.60
1.932	12.84	54.60
1.932	12.84	54.60
1.933	12.83	54.60
1.934	12.83	54.59
1.934	12.82	54.59
1.935	12.81	54.59
1.936	12.80	54.59
1.937	12.80	54.59
1.937	12.80	54.59
1.936	12.81	54.59
1.937	12.80	54.59
1.938	12.80	54.59
1.938	12.79	54.59
1.938	12.79	54.59
1.939	12.79	54.59
1.940	12.78	54.59
1.941	12.78	54.59
1.941	12.77	54.59
1.941	12.78	54.59
1.942	12.77	54.59
1.943	12.76	54.59
1.944	12.75	54.59
1.945	12.75	54.59
1.945	12.74	54.59
1.946	12.74	54.59
1.946	12.74	54.59
1.947	12.73	54.59
1.947	12.73	54.59
1.948	12.73	54.58
1.948	12.72	54.58
1.949	12.71	54.58
1.949	12.71	54.58
1.949	12.71	54.58
1.950	12.70	54.58
1.951	12.69	54.58
1.951	12.69	54.58
1.952	12.69	54.58
1.953	12.68	54.58
1.953	12.68	54.58
1.953	12.68	54.58
1.953	12.67	54.58
1.953	12.68	54.58
1.953	12.67	54.58
1.953	12.67	54.58
1.953	12.68	54.58
1.954	12.66	54.58
1.954	12.66	54.58
1.955	12.66	54.58
1.956	12.66	54.58
1.957	12.65	54.58
1.958	12.65	54.58
1.959	12.64	54.58
1.959	12.64	54.58
1.959	12.63	54.58
1.959	12.62	54.58
1.959	12.63	54.58
1.959	12.63	54.58
1.959	12.63	54.58
1.959	12.63	54.58
1.960	12.63	54.58
1.960	12.62	54.58
1.960	12.62	54.58
1.961	12.62	54.58
1.961	12.62	54.58
1.962	12.62	54.58
1.962	12.61	54.58
1.962	12.61	54.58
1.963	12.60	54.58
1.963	12.60	54.58
1.964	12.60	54.58
1.965	12.59	54.58
1.965	12.60	54.58
1.965	12.59	54.58
1.965	12.59	54.58
1.966	12.58	54.58
1.967	12.58	54.58
1.967	12.57	54.58
1.967	12.58	54.58
1.968	12.57	54.58
1.969	12.57	54.58
1.969	12.57	54.58
1.970	12.57	54.58
1.970	12.56	54.58
1.970	12.56	54.58
1.970	12.56	54.58
1.971	12.56	54.58
1.971	12.56	54.58
1.971	12.56	54.58
1.971	12.56	54.57
1.972	12.55	54.57
1.972	12.54	54.57
1.972	12.54	54.57
1.972	12.54	54.57
1.972	12.54	54.57
1.973	12.54	54.57
1.974	12.52	54.57
1.975	12.52	54.57
1.975	12.51	54.57
1.976	12.51	54.57
1.976	12.51	54.57
1.977	12.51	54.57
1.977	12.51	54.57
1.978	12.51	54.57
1.978	12.50	54.57
1.977	12.50	54.57
1.977	12.51	54.57
1.977	12.50	54.57
1.977	12.50	54.57
1.978	12.50	54.57
1.978	12.50	54.57
1.978	12.50	54.57
1.979	12.50	54.57
1.979	12.49	54.57
1.980	12.49	54.57
1.980	12.49	54.57
1.980	12.49	54.57
1.980	12.49	54.57
1.980	12.48	54.57
1.980	12.49	54.57
1.980	12.49	54.57
1.980	12.48	54.56
1.980	12.49	54.56
1.981	12.48	54.56
1.981	12.48	54.56
1.982	12.48	54.56
1.983	12.47	54.56
1.983	12.47	54.56
1.984	12.47	54.56
1.984	12.46	54.56
1.985	12.46	54.56
1.985	12.46	54.56
1.986	12.46	54.56
1.986	12.45	54.56
1.986	12.45	54.56
1.986	12.45	54.56
1.986	12.45	54.56
1.986	12.45	54.56
1.986	12.45	54.56
1.986	12.45	54.56
1.986	12.45	54.56
1.986	12.45	54.56
1.986	12.45	54.56
1.986	12.44	54.56
1.987	12.45	54.55
1.987	12.44	54.55
1.988	12.44	54.55
1.988	12.43	54.55
1.989	12.43	54.55
1.989	12.44	54.55
1.989	12.43	54.55
1.989	12.43	54.55
1.989	12.43	54.55
1.990	12.42	54.55
1.991	12.41	54.55
1.992	12.41	54.55
1.993	12.40	54.55
1.994	12.41	54.55
1.994	12.40	54.55
1.995	12.40	54.55
1.995	12.39	54.55
1.995	12.39	54.55
1.995	12.39	54.55
1.996	12.39	54.55
1.996	12.39	54.55
1.997	12.38	54.55
1.998	12.38	54.55
1.998	12.38	54.55
1.999	12.38	54.55
1.999	12.37	54.55
2.000	12.36	54.55
2.000	12.36	54.55
2.000	12.36	54.55
2.001	12.35	54.55
2.001	12.35	54.55
2.002	12.34	54.55
2.003	12.34	54.55
2.003	12.34	54.55
2.004	12.33	54.55
2.005	12.32	54.55
2.005	12.32	54.55
2.005	12.32	54.55
2.005	12.31	54.55
2.005	12.32	54.55
2.006	12.31	54.55
2.006	12.31	54.55
2.007	12.31	54.55
2.008	12.30	54.55
2.009	12.29	54.55
2.010	12.29	54.55
2.011	12.28	54.55
2.011	12.27	54.55
2.012	12.27	54.55
2.012	12.27	54.55
2.012	12.26	54.55
2.012	12.27	54.55
2.012	12.27	54.55
2.012	12.27	54.55
2.013	12.27	54.55
2.014	12.26	54.55
2.015	12.25	54.55
2.015	12.25	54.54
2.016	12.24	54.54
2.016	12.24	54.54
2.016	12.24	54.54
2.017	12.23	54.54
2.017	12.23	54.54
2.018	12.23	54.54
2.018	12.22	54.54
2.019	12.22	54.54
2.020	12.22	54.54
2.020	12.22	54.54
2.021	12.22	54.54
2.021	12.21	54.54
2.022	12.20	54.54
2.023	12.20	54.54
2.023	12.20	54.54
2.024	12.20	54.54
2.024	12.19	54.54
2.024	12.19	54.54
2.024	12.19	54.54
2.024	12.19	54.54
2.024	12.18	54.54
2.024	12.18	54.54
2.025	12.18	54.54
2.026	12.18	54.54
2.026	12.18	54.54
2.027	12.18	54.54
2.027	12.17	54.54
2.028	12.17	54.53
2.028	12.17	54.53
2.029	12.16	54.53
2.029	12.16	54.53
2.029	12.16	54.53
2.029	12.15	54.53
2.029	12.16	54.53
2.029	12.15	54.53
2.030	12.16	54.53
2.030	12.15	54.53
2.030	12.15	54.53
2.031	12.15	54.53
2.031	12.14	54.53
2.032	12.14	54.53
2.032	12.14	54.53
2.033	12.14	54.53
2.033	12.13	54.53
2.034	12.13	54.53
2.034	12.13	54.53
2.035	12.13	54.53
2.035	12.12	54.53
2.036	12.11	54.53
2.036	12.11	54.53
2.036	12.11	54.53
2.037	12.10	54.52
2.037	12.10	54.52
2.038	12.10	54.52
2.038	12.09	54.52
2.039	12.09	54.52
2.040	12.09	54.52
2.040	12.08	54.52
2.041	12.09	54.52
2.042	12.08	54.52
2.042	12.08	54.52
2.043	12.07	54.52
2.042	12.07	54.52
2.042	12.07	54.52
2.042	12.07	54.52
2.043	12.06	54.52
2.043	12.06	54.52
2.044	12.05	54.52
2.045	12.04	54.52
2.046	12.04	54.52
2.047	12.04	54.52
2.048	12.03	54.52
2.048	12.03	54.52
2.048	12.03	54.52
2.049	12.03	54.52
2.049	12.02	54.52
2.050	12.02	54.52
2.051	12.02	54.52
2.051	12.01	54.52
2.051	12.01	54.52
2.052	12.01	54.52
2.052	12.00	54.52
2.053	12.00	54.52
2.053	11.99	54.52
2.053	11.99	54.52
2.053	11.99	54.52
2.053	11.99	54.52
2.054	11.99	54.52
2.055	11.98	54.52
2.056	11.97	54.52
2.057	11.97	54.52
2.058	11.96	54.52
2.058	11.97	54.52
2.059	11.96	54.52
2.059	11.96	54.52
2.060	11.96	54.52
2.060	11.95	54.52
2.060	11.95	54.52
2.062	11.94	54.52
2.062	11.93	54.51
2.063	11.93	54.51
2.063	11.93	54.51
2.063	11.93	54.51
2.064	11.92	54.51
2.065	11.92	54.51
2.065	11.90	54.51
2.066	11.90	54.51
2.068	11.89	54.51
2.069	11.88	54.51
2.071	11.88	54.51
2.072	11.87	54.51
2.072	11.86	54.51
2.073	11.86	54.51
2.074	11.85	54.51
2.075	11.85	54.51
2.076	11.84	54.51
2.077	11.83	54.51
2.078	11.83	54.51
2.080	11.81	54.51
2.080	11.81	54.51
2.081	11.80	54.51
2.082	11.79	54.51
2.084	11.79	54.51
2.086	11.78	54.51
2.088	11.77	54.51
2.089	11.77	54.51
2.089	11.76	54.51
2.090	11.75	54.51
2.090	11.75	54.51
2.090	11.75	54.51
2.090	11.74	54.51
2.091	11.74	54.51
2.091	11.74	54.51
2.091	11.73	54.50
2.092	11.72	54.50
2.093	11.72	54.50
2.094	11.71	54.50
2.095	11.71	54.50
2.095	11.70	54.50
2.096	11.71	54.50
2.096	11.70	54.50
2.096	11.70	54.50
2.097	11.70	54.50
2.097	11.69	54.50
2.098	11.70	54.50
2.098	11.69	54.50
2.099	11.69	54.50
2.099	11.68	54.50
2.099	11.68	54.50
2.100	11.68	54.50
2.101	11.67	54.50
2.101	11.67	54.50
2.102	11.67	54.50
2.102	11.66	54.50
2.104	11.66	54.50
2.104	11.66	54.50
2.105	11.66	54.50
2.105	11.65	54.49
2.106	11.65	54.49
2.107	11.65	54.49
2.107	11.65	54.49
2.108	11.65	54.49
2.109	11.63	54.49
2.111	11.62	54.49
2.112	11.61	54.49
2.113	11.61	54.49
2.113	11.61	54.49
2.113	11.61	54.49
2.114	11.60	54.49
2.114	11.59	54.49
2.115	11.60	54.49
2.115	11.59	54.49
2.115	11.59	54.49
2.115	11.59	54.49
2.116	11.59	54.49
2.117	11.58	54.49
2.118	11.58	54.49
2.120	11.57	54.49
2.121	11.56	54.49
2.122	11.56	54.49
2.123	11.56	54.49
2.123	11.55	54.49
2.124	11.55	54.49
2.125	11.54	54.49
2.126	11.54	54.49
2.127	11.53	54.49
2.127	11.53	54.49
2.128	11.53	54.49
2.128	11.53	54.49
2.129	11.52	54.49
2.129	11.52	54.49
2.130	11.52	54.49
2.131	11.50	54.49
2.132	11.50	54.49
2.132	11.49	54.49
2.133	11.49	54.49
2.133	11.48	54.49
2.134	11.48	54.49
2.134	11.48	54.49
2.134	11.48	54.49
2.135	11.47	54.49
2.135	11.47	54.49
2.136	11.48	54.49
2.136	11.47	54.49
2.137	11.46	54.49
2.137	11.46	54.49
2.137	11.45	54.49
2.138	11.45	54.49
2.139	11.44	54.49
2.140	11.44	54.49
2.141	11.44	54.49
2.141	11.44	54.49
2.142	11.43	54.49
2.142	11.43	54.49
2.143	11.42	54.48
2.144	11.42	54.48
2.144	11.42	54.48
2.145	11.42	54.48
2.145	11.42	54.48
2.145	11.42	54.48
2.145	11.41	54.48
2.146	11.41	54.48
2.146	11.40	54.48
2.148	11.40	54.48
2.148	11.39	54.48
2.149	11.39	54.48
2.150	11.38	54.48
2.150	11.37	54.48
2.151	11.37	54.48
2.151	11.37	54.48
2.151	11.37	54.48
2.152	11.37	54.48
2.152	11.37	54.48
2.152	11.37	54.48
2.153	11.36	54.48
2.154	11.35	54.48
2.155	11.35	54.48
2.155	11.34	54.48
2.155	11.34	54.48
2.156	11.34	54.48
2.156	11.34	54.48
2.157	11.34	54.48
2.157	11.33	54.48
2.158	11.33	54.48
2.160	11.32	54.47
2.160	11.32	54.48
2.162	11.31	54.48
2.162	11.31	54.47
2.163	11.30	54.47
2.164	11.30	54.47
2.165	11.29	54.47
2.165	11.29	54.47
2.166	11.29	54.47
2.167	11.28	54.47
2.167	11.26	54.47
2.168	11.26	54.47
2.169	11.26	54.47
2.170	11.27	54.47
2.170	11.26	54.47
2.171	11.26	54.47
2.171	11.26	54.47
2.172	11.25	54.47
2.173	11.24	54.47
2.174	11.23	54.47
2.175	11.22	54.47
2.177	11.22	54.47
2.178	11.22	54.47
2.178	11.22	54.47
2.179	11.22	54.47
2.179	11.21	54.47
2.180	11.21	54.47
2.181	11.20	54.47
2.181	11.19	54.46
2.182	11.19	54.46
2.183	11.18	54.46
2.183	11.18	54.46
2.184	11.18	54.46
2.185	11.18	54.46
2.185	11.17	54.46
2.186	11.17	54.46
2.186	11.17	54.46
2.187	11.16	54.46
2.188	11.16	54.46
2.188	11.17	54.46
2.188	11.16	54.46
2.189	11.16	54.46
2.190	11.15	54.46
2.190	11.15	54.46
2.190	11.15	54.46
2.191	11.15	54.46
2.191	11.14	54.46
2.192	11.13	54.46
2.193	11.14	54.46
2.193	11.13	54.46
2.194	11.13	54.46
2.196	11.11	54.46
2.197	11.11	54.46
2.198	11.11	54.46
2.199	11.10	54.46
2.200	11.10	54.46
2.201	11.09	54.46
2.202	11.09	54.46
2.202	11.09	54.46
2.203	11.08	54.46
2.204	11.07	54.46
2.205	11.06	54.46
2.206	11.06	54.46
2.207	11.06	54.46
2.207	11.05	54.46
2.208	11.05	54.46
2.209	11.03	54.46
2.209	11.05	54.46
2.210	11.04	54.46
2.210	11.04	54.46
2.211	11.03	54.46
2.211	11.04	54.46
2.211	11.03	54.46
2.212	11.02	54.46
2.212	11.03	54.46
2.212	11.02	54.46
2.212	11.02	54.46
2.214	11.00	54.46
2.215	11.01	54.46
2.216	11.00	54.46
2.217	10.99	54.46
2.217	10.99	54.46
2.218	10.99	54.46
2.219	10.98	54.45
2.220	10.98	54.45
2.222	10.97	54.45
2.222	10.96	54.45
2.223	10.96	54.45
2.223	10.95	54.45
2.224	10.94	54.45
2.225	10.94	54.45
2.226	10.94	54.45
2.227	10.93	54.45
2.227	10.92	54.45
2.228	10.92	54.45
2.228	10.93	54.45
2.229	10.93	54.45
2.229	10.92	54.45
2.229	10.92	54.45
2.229	10.91	54.45
2.230	10.92	54.45
2.230	10.91	54.45
2.231	10.90	54.45
2.232	10.90	54.45
2.232	10.89	54.45
2.233	10.89	54.45
2.233	10.90	54.45
2.233	10.89	54.45
2.234	10.89	54.45
2.235	10.89	54.44
2.236	10.88	54.45
2.236	10.86	54.44
2.238	10.85	54.44
2.239	10.85	54.44
2.240	10.83	54.44
2.240	10.84	54.44
2.241	10.83	54.44
2.241	10.83	54.44
2.240	10.83	54.44
2.240	10.83	54.44
2.241	10.83	54.44
2.243	10.82	54.44
2.244	10.81	54.44
2.246	10.81	54.44
2.247	10.80	54.44
2.248	10.79	54.44
2.250	10.79	54.44
2.251	10.78	54.44
2.251	10.78	54.44
2.252	10.79	54.44
2.253	10.77	54.44
2.253	10.77	54.43
2.254	10.76	54.43
2.254	10.76	54.43
2.255	10.74	54.43
2.256	10.74	54.43
2.257	10.74	54.43
2.258	10.74	54.43
2.258	10.74	54.43
2.259	10.74	54.43
2.259	10.74	54.43
2.259	10.74	54.43
2.259	10.74	54.43
2.260	10.74	54.43
2.260	10.73	54.43
2.261	10.73	54.43
2.261	10.73	54.43
2.261	10.72	54.43
2.262	10.72	54.43
2.262	10.72	54.43
2.262	10.72	54.43
2.263	10.72	54.43
2.263	10.72	54.43
2.264	10.71	54.43
2.265	10.71	54.43
2.265	10.71	54.43
2.265	10.71	54.43
2.266	10.71	54.43
2.267	10.70	54.43
2.267	10.70	54.43
2.269	10.70	54.43
2.270	10.70	54.43
2.270	10.69	54.43
2.270	10.68	54.43
2.271	10.68	54.43
2.272	10.68	54.43
2.273	10.67	54.43
2.275	10.66	54.43
2.276	10.66	54.43
2.276	10.66	54.43
2.277	10.66	54.43
2.278	10.64	54.43
2.278	10.64	54.43
2.279	10.64	54.43
2.280	10.63	54.43
2.280	10.63	54.43
2.280	10.64	54.43
2.280	10.63	54.43
2.280	10.63	54.43
2.280	10.63	54.43
2.280	10.63	54.43
2.281	10.62	54.43
2.281	10.63	54.43
2.281	10.63	54.42
2.281	10.63	54.42
2.281	10.64	54.42
2.281	10.63	54.42
2.283	10.62	54.42
2.284	10.61	54.42
2.286	10.61	54.42
2.287	10.60	54.42
2.288	10.59	54.42
2.290	10.58	54.42
2.291	10.57	54.42
2.293	10.57	54.42
2.294	10.57	54.42
2.295	10.55	54.42
2.297	10.54	54.42
2.298	10.55	54.42
2.299	10.54	54.42
2.300	10.53	54.42
2.301	10.53	54.42
2.301	10.52	54.42
2.302	10.52	54.42
2.302	10.52	54.42
2.303	10.51	54.42
2.304	10.51	54.42
2.304	10.51	54.42
2.305	10.50	54.42
2.305	10.49	54.42
2.306	10.49	54.42
2.307	10.48	54.42
2.308	10.48	54.42
2.310	10.47	54.41
2.311	10.47	54.41
2.312	10.46	54.41
2.312	10.46	54.41
2.313	10.45	54.41
2.314	10.45	54.41
2.316	10.44	54.41
2.317	10.44	54.41
2.319	10.42	54.41
2.321	10.41	54.41
2.322	10.41	54.41
2.324	10.39	54.41
2.325	10.39	54.41
2.326	10.38	54.41
2.327	10.37	54.41
2.328	10.36	54.41
2.330	10.35	54.41
2.331	10.34	54.41
2.332	10.35	54.41
2.333	10.34	54.41
2.333	10.34	54.41
2.333	10.33	54.41
2.333	10.33	54.41
2.334	10.33	54.41
2.335	10.33	54.41
2.335	10.33	54.41
2.336	10.32	54.41
2.337	10.32	54.41
2.338	10.30	54.41
2.338	10.31	54.41
2.339	10.30	54.41
2.340	10.30	54.41
2.340	10.30	54.41
2.341	10.29	54.40
2.341	10.29	54.40
2.342	10.28	54.40
2.343	10.27	54.40
2.344	10.27	54.40
2.346	10.27	54.40
2.347	10.26	54.40
2.348	10.26	54.40
2.349	10.25	54.40
2.350	10.25	54.40
2.352	10.24	54.40
2.353	10.24	54.40
2.353	10.24	54.40
2.354	10.23	54.40
2.355	10.23	54.40
2.355	10.23	54.40
2.356	10.23	54.40
2.356	10.22	54.40
2.356	10.22	54.40
2.358	10.21	54.40
2.360	10.21	54.40
2.364	10.20	54.40
2.366	10.19	54.40
2.367	10.19	54.40
2.367	10.19	54.40
2.368	10.18	54.40
2.370	10.17	54.40
2.372	10.16	54.40
2.374	10.15	54.40
2.375	10.14	54.40
2.376	10.14	54.40
2.377	10.14	54.40
2.378	10.14	54.40
2.379	10.13	54.40
2.380	10.13	54.40
2.382	10.13	54.40
2.382	10.12	54.40
2.383	10.12	54.40
2.383	10.11	54.40
2.383	10.11	54.40
2.384	10.11	54.40
2.384	10.11	54.40
2.385	10.10	54.40
2.385	10.10	54.40
2.385	10.10	54.40
2.385	10.10	54.40
2.385	10.10	54.40
2.385	10.10	54.40
2.385	10.10	54.40
2.386	10.09	54.40
2.386	10.09	54.40
2.387	10.08	54.40
2.389	10.08	54.40
2.390	10.07	54.40
2.391	10.06	54.40
2.393	10.05	54.40
2.395	10.05	54.40
2.396	10.05	54.40
2.396	10.04	54.40
2.396	10.04	54.39
2.398	10.03	54.39
2.400	10.02	54.39
2.402	10.01	54.39
2.403	10.01	54.39
2.403	10.00	54.39
2.405	10.01	54.39
2.406	10.00	54.39
2.407	9.99	54.39
2.408	9.98	54.39
2.409	9.98	54.39
2.410	9.98	54.39
2.411	9.97	54.39
2.412	9.96	54.39
2.413	9.96	54.39
2.414	9.95	54.39
2.415	9.94	54.39
2.416	9.93	54.39
2.418	9.93	54.39
2.419	9.92	54.39
2.420	9.91	54.39
2.421	9.91	54.39
2.422	9.90	54.39
2.423	9.89	54.39
2.424	9.89	54.39
2.425	9.89	54.39
2.427	9.88	54.39
2.428	9.87	54.38
2.430	9.86	54.38
2.432	9.84	54.38
2.433	9.84	54.38
2.434	9.83	54.38
2.434	9.83	54.38
2.435	9.82	54.38
2.436	9.81	54.38
2.438	9.80	54.38
2.439	9.80	54.38
2.440	9.80	54.38
2.441	9.79	54.38
2.441	9.79	54.38
2.443	9.78	54.38
2.444	9.77	54.38
2.445	9.77	54.38
2.446	9.76	54.38
2.447	9.76	54.38
2.448	9.76	54.37
2.448	9.76	54.37
2.448	9.76	54.37
2.448	9.76	54.37
2.449	9.76	54.37
2.451	9.75	54.37
2.452	9.75	54.37
2.453	9.74	54.37
2.455	9.74	54.37
2.456	9.74	54.37
2.457	9.73	54.37
2.458	9.72	54.37
2.459	9.71	54.37
2.460	9.71	54.37
2.461	9.70	54.37
2.461	9.70	54.37
2.463	9.69	54.37
2.466	9.69	54.37
2.468	9.67	54.37
2.469	9.67	54.37
2.470	9.67	54.37
2.471	9.66	54.37
2.473	9.65	54.37
2.473	9.64	54.37
2.474	9.64	54.37
2.475	9.63	54.37
2.476	9.64	54.37
2.477	9.64	54.37
2.477	9.63	54.37
2.478	9.63	54.37
2.478	9.62	54.37
2.478	9.62	54.37
2.478	9.62	54.37
2.478	9.62	54.37
2.479	9.61	54.37
2.480	9.61	54.37
2.482	9.60	54.37
2.484	9.59	54.37
2.485	9.59	54.37
2.487	9.58	54.37
2.488	9.57	54.37
2.489	9.58	54.37
2.489	9.57	54.37
2.490	9.56	54.37
2.490	9.55	54.37
2.491	9.55	54.37
2.492	9.55	54.37
2.493	9.55	54.37
2.493	9.54	54.37
2.494	9.54	54.37
2.495	9.53	54.37
2.496	9.52	54.36
2.498	9.51	54.37
2.500	9.50	54.36
2.501	9.48	54.36
2.502	9.48	54.36
2.503	9.47	54.36
2.505	9.48	54.36
2.506	9.48	54.36
2.507	9.47	54.36
2.509	9.46	54.36
2.510	9.46	54.36
2.511	9.44	54.36
2.512	9.43	54.36
2.513	9.42	54.36
2.513	9.41	54.36
2.514	9.41	54.36
2.515	9.40	54.36
2.517	9.40	54.36
2.518	9.39	54.36
2.519	9.39	54.36
2.520	9.39	54.36
2.522	9.39	54.36
2.523	9.38	54.36
2.524	9.38	54.36
2.525	9.38	54.36
2.526	9.38	54.36
2.528	9.38	54.36
2.529	9.37	54.36
2.531	9.35	54.36
2.533	9.34	54.36
2.534	9.33	54.36
2.536	9.30	54.35
2.537	9.30	54.35
2.539	9.27	54.35
2.540	9.27	54.35
2.542	9.26	54.35
2.545	9.23	54.35
2.547	9.21	54.35
2.549	9.20	54.35
2.550	9.19	54.35
2.552	9.18	54.35
2.553	9.20	54.35
2.554	9.19	54.35
2.555	9.18	54.35
2.557	9.18	54.35
2.559	9.18	54.35
2.560	9.17	54.35
2.562	9.16	54.35
2.563	9.15	54.35
2.563	9.15	54.35
2.565	9.16	54.35
2.566	9.16	54.35
2.568	9.16	54.35
2.569	9.16	54.35
2.571	9.15	54.35
2.573	9.16	54.35
2.575	9.15	54.35
2.576	9.13	54.35
2.577	9.13	54.35
2.578	9.11	54.34
2.581	9.11	54.34
2.584	9.13	54.34
2.586	9.10	54.34
2.588	9.09	54.34
2.589	9.08	54.34
2.590	9.09	54.34
2.591	9.07	54.34
2.592	9.07	54.34
2.593	9.06	54.34
2.594	9.06	54.34
2.595	9.06	54.34
2.596	9.05	54.34
2.597	9.05	54.34
2.598	9.05	54.34
2.598	9.04	54.34
2.599	9.04	54.34
2.600	9.04	54.34
2.601	9.02	54.34
2.602	9.04	54.34
2.604	9.02	54.34
2.605	9.02	54.34
2.606	9.01	54.34
2.607	9.01	54.34
2.608	9.01	54.34
2.609	9.01	54.34
2.610	9.01	54.34
2.611	9.00	54.34
2.612	8.99	54.34
2.612	9.00	54.34
2.614	8.99	54.34
2.616	8.99	54.34
2.617	8.98	54.34
2.618	8.97	54.34
2.620	8.97	54.34
2.622	8.98	54.34
2.624	8.98	54.34
2.626	8.98	54.34
2.629	8.97	54.34
2.631	8.96	54.34
2.634	8.96	54.34
2.635	8.95	54.34
2.636	8.94	54.34
2.637	8.95	54.34
2.639	8.94	54.34
2.641	8.94	54.34
2.642	8.94	54.34
2.644	8.93	54.34
2.647	8.92	54.34
2.648	8.91	54.34
2.650	8.92	54.34
2.652	8.90	54.34
2.654	8.89	54.33
2.656	8.89	54.33
2.658	8.89	54.33
2.660	8.88	54.33
2.661	8.89	54.33
2.662	8.89	54.33
2.663	8.89	54.33
2.663	8.89	54.33
2.663	8.88	54.33
2.664	8.89	54.33
2.665	8.88	54.33
2.666	8.89	54.33
2.667	8.88	54.33
2.667	8.88	54.33
2.668	8.87	54.33
2.669	8.88	54.33
2.671	8.87	54.33
2.672	8.87	54.33
2.674	8.87	54.33
2.675	8.86	54.33
2.678	8.84	54.33
2.682	8.83	54.33
2.685	8.82	54.33
2.688	8.80	54.33
2.690	8.80	54.33
2.691	8.80	54.33
2.694	8.79	54.33
2.697	8.77	54.33
2.701	8.78	54.33
2.705	8.76	54.32
2.708	8.75	54.33
2.710	8.74	54.32
2.712	8.71	54.32
2.713	8.73	54.32
2.714	8.74	54.32
2.714	8.73	54.32
2.715	8.72	54.32
2.717	8.70	54.32
2.718	8.74	54.32
2.720	8.73	54.32
2.721	8.70	54.32
2.722	8.73	54.32
2.723	8.70	54.32
2.724	8.70	54.32
2.726	8.69	54.32
2.728	8.67	54.32
2.730	8.68	54.32
2.732	8.69	54.32
2.734	8.68	54.32
2.736	8.63	54.32
2.739	8.62	54.32
2.740	8.62	54.31
2.742	8.62	54.32
2.743	8.60	54.31
2.745	8.61	54.31
2.747	8.60	54.31
2.749	8.59	54.31
2.751	8.63	54.31
2.753	8.61	54.31
2.755	8.59	54.31
2.756	8.59	54.31
2.758	8.55	54.31
2.759	8.57	54.31
2.761	8.56	54.31
2.764	8.52	54.31
2.767	8.55	54.31
2.769	8.54	54.31
2.771	8.54	54.31
2.774	8.54	54.31
2.775	8.54	54.31
2.778	8.53	54.31
2.783	8.49	54.31
2.787	8.50	54.31
2.789	8.49	54.31
2.790	8.50	54.31
2.793	8.50	54.31
2.797	8.46	54.31
2.800	8.46	54.31
2.801	8.46	54.31
2.801	8.49	54.31
2.802	8.45	54.31
2.803	8.45	54.31
2.804	8.45	54.31
2.804	8.47	54.31
2.806	8.42	54.31
2.809	8.43	54.31
2.814	8.42	54.31
2.819	8.40	54.31
2.821	8.40	54.31
2.821	8.41	54.31
2.822	8.40	54.31
2.826	8.38	54.31
2.829	8.35	54.31
2.833	8.39	54.31
2.836	8.35	54.31
2.840	8.34	54.31
2.842	8.32	54.31
2.844	8.27	54.31
2.846	8.27	54.31
2.847	8.30	54.31
2.849	8.26	54.31
2.850	8.23	54.31
2.852	8.25	54.31
2.853	8.26	54.31
2.854	8.27	54.31
2.856	8.26	54.31
2.857	8.26	54.31
2.859	8.24	54.31
2.860	8.23	54.30
2.862	8.26	54.30
2.864	8.26	54.30
2.868	8.20	54.30
2.870	8.17	54.30
2.872	8.20	54.30
2.875	8.21	54.30
2.877	8.16	54.30
2.879	8.21	54.30
2.881	8.18	54.30
2.883	8.17	54.30
2.884	8.17	54.30
2.885	8.16	54.30
2.887	8.15	54.30
2.889	8.14	54.30
2.892	8.15	54.30
2.894	8.12	54.30
2.896	8.14	54.30
2.898	8.07	54.30
2.899	8.09	54.30
2.900	8.10	54.30
2.903	8.13	54.30
2.905	8.12	54.30
2.907	8.09	54.30
2.910	8.08	54.30
2.912	8.08	54.30
2.912	8.07	54.30
2.912	8.07	54.30
2.914	8.07	54.30
2.915	8.08	54.30
2.917	8.06	54.30
2.919	8.09	54.30
2.920	8.02	54.29
2.922	7.95	54.29
2.925	7.96	54.29
2.927	7.97	54.29
2.929	7.93	54.29
2.932	7.91	54.29
2.933	7.90	54.29
2.933	7.90	54.29
2.933	7.91	54.29
2.934	7.90	54.29
2.934	7.91	54.29
2.935	7.92	54.29
2.936	7.93	54.29
2.936	7.89	54.29
2.937	7.92	54.29
2.937	7.91	54.29
2.937	7.93	54.29
2.939	7.92	54.29
2.940	7.90	54.29
2.942	7.90	54.29
2.946	7.90	54.29
2.953	7.86	54.29
2.960	7.84	54.29
2.959	7.84	54.29
2.959	7.87	54.29
2.959	7.85	54.29
2.959	7.85	54.29
2.959	7.85	54.29
2.960	7.86	54.29
2.960	7.84	54.28
2.961	7.83	54.28
2.964	7.84	54.28
2.966	7.85	54.28
2.968	7.82	54.28
2.971	7.83	54.28
2.975	7.83	54.28
2.979	7.78	54.28
2.982	7.82	54.28
2.983	7.80	54.28
2.985	7.79	54.28
2.986	7.79	54.28
2.987	7.81	54.28
2.989	7.81	54.28
2.990	7.80	54.28
2.992	7.78	54.28
2.993	7.79	54.28
2.994	7.76	54.28
2.996	7.78	54.28
2.999	7.78	54.28
3.002	7.77	54.28
3.003	7.77	54.28
3.005	7.79	54.28
3.005	7.77	54.28
3.005	7.76	54.28
3.007	7.75	54.28
3.010	7.74	54.28
3.014	7.72	54.28
3.016	7.72	54.28
3.017	7.71	54.28
3.018	7.71	54.28
3.019	7.71	54.28
3.021	7.72	54.28
3.023	7.69	54.28
3.024	7.69	54.28
3.026	7.69	54.28
3.027	7.67	54.28
3.029	7.67	54.28
3.032	7.67	54.28
3.034	7.68	54.28
3.036	7.67	54.28
3.037	7.68	54.28
3.038	7.67	54.28
3.039	7.67	54.28
3.040	7.65	54.28
3.041	7.65	54.28
3.043	7.64	54.28
3.044	7.64	54.28
3.044	7.64	54.28
3.045	7.65	54.28
3.046	7.65	54.28
3.046	7.65	54.28
3.047	7.64	54.28
3.047	7.63	54.28
3.049	7.62	54.28
3.050	7.62	54.28
3.051	7.62	54.27
3.052	7.62	54.27
3.053	7.58	54.27
3.055	7.57	54.27
3.056	7.54	54.27
3.058	7.53	54.27
3.060	7.53	54.27
3.062	7.52	54.27
3.063	7.53	54.27
3.065	7.51	54.27
3.066	7.51	54.27
3.066	7.50	54.27
3.067	7.50	54.27
3.068	7.49	54.27
3.068	7.51	54.27
3.069	7.50	54.27
3.069	7.50	54.27
3.070	7.49	54.27
3.071	7.50	54.27
3.072	7.50	54.27
3.072	7.50	54.27
3.073	7.50	54.27
3.073	7.51	54.27
3.075	7.50	54.27
3.075	7.50	54.27
3.076	7.49	54.27
3.078	7.49	54.27
3.079	7.51	54.27
3.080	7.48	54.27
3.081	7.49	54.27
3.081	7.49	54.26
3.081	7.48	54.26
3.081	7.49	54.26
3.081	7.50	54.26
3.081	7.49	54.26
3.083	7.50	54.26
3.083	7.48	54.26
3.084	7.50	54.26
3.084	7.49	54.26
3.085	7.50	54.26
3.088	7.50	54.26
3.091	7.50	54.26
3.093	7.49	54.26
3.094	7.46	54.26
3.096	7.48	54.26
3.097	7.47	54.26
3.098	7.49	54.26
3.098	7.49	54.26
3.101	7.47	54.26
3.103	7.47	54.26
3.103	7.45	54.26
3.103	7.46	54.26
3.103	7.46	54.26
3.103	7.46	54.26
3.103	7.44	54.25
3.104	7.47	54.26
3.108	7.46	54.25
3.109	7.44	54.25
3.112	7.43	54.25
3.113	7.42	54.25
3.113	7.43	54.25
3.114	7.43	54.25
3.115	7.41	54.25
3.116	7.42	54.25
3.118	7.42	54.25
3.118	7.40	54.25
3.118	7.42	54.25
3.119	7.42	54.25
3.119	7.42	54.25
3.119	7.42	54.25
3.120	7.41	54.25
3.120	7.43	54.25
3.121	7.42	54.25
3.123	7.41	54.25
3.123	7.42	54.25
3.126	7.43	54.25
3.129	7.39	54.25
3.131	7.37	54.25
3.133	7.35	54.25
3.135	7.34	54.25
3.136	7.34	54.25
3.136	7.33	54.25
3.136	7.32	54.25
3.136	7.33	54.25
3.137	7.33	54.25
3.139	7.33	54.25
3.141	7.34	54.25
3.142	7.32	54.25
3.142	7.31	54.25
3.143	7.32	54.25
3.144	7.30	54.25
3.145	7.32	54.25
3.146	7.30	54.25
3.147	7.29	54.25
3.148	7.32	54.25
3.149	7.31	54.25
3.149	7.29	54.25
3.149	7.32	54.25
3.149	7.31	54.25
3.149	7.31	54.25
3.149	7.31	54.25
3.150	7.30	54.25
3.152	7.29	54.25
3.154	7.29	54.25
3.155	7.29	54.25
3.157	7.30	54.25
3.159	7.27	54.25
3.161	7.28	54.25
3.162	7.28	54.25
3.163	7.27	54.25
3.164	7.27	54.25
3.166	7.25	54.25
3.167	7.28	54.25
3.169	7.27	54.25
3.169	7.25	54.25
3.170	7.24	54.24
3.172	7.26	54.24
3.175	7.22	54.24
3.175	7.24	54.24
3.176	7.24	54.24
3.176	7.26	54.24
3.178	7.21	54.24
3.180	7.24	54.24
3.183	7.24	54.24
3.185	7.24	54.24
3.188	7.24	54.24
3.189	7.20	54.24
3.191	7.20	54.24
3.193	7.19	54.24
3.194	7.19	54.24
3.196	7.21	54.24
3.197	7.20	54.24
3.199	7.18	54.24
3.200	7.17	54.24
3.202	7.15	54.24
3.203	7.17	54.24
3.205	7.17	54.24
3.205	7.17	54.24
3.206	7.17	54.24
3.206	7.18	54.24
3.207	7.16	54.24
3.209	7.16	54.24
3.210	7.14	54.24
3.211	7.14	54.24
3.211	7.14	54.24
3.212	7.13	54.24
3.213	7.12	54.23
3.215	7.13	54.23
3.216	7.14	54.23
3.217	7.12	54.23
3.219	7.11	54.23
3.221	7.12	54.23
3.222	7.12	54.23
3.223	7.13	54.23
3.224	7.11	54.23
3.225	7.10	54.23
3.226	7.11	54.23
3.228	7.09	54.23
3.231	7.09	54.23
3.234	7.08	54.23
3.235	7.07	54.23
3.235	7.08	54.23
3.235	7.06	54.23
3.236	7.08	54.23
3.237	7.07	54.23
3.238	7.07	54.23
3.239	7.08	54.23
3.241	7.06	54.23
3.243	7.06	54.23
3.245	7.06	54.23
3.246	7.06	54.23
3.247	7.06	54.23
3.248	7.04	54.23
3.249	7.05	54.23
3.251	7.07	54.22
3.253	7.06	54.22
3.255	7.05	54.22
3.256	7.05	54.22
3.258	7.01	54.22
3.260	7.00	54.22
3.262	7.02	54.22
3.263	7.00	54.22
3.265	6.99	54.22
3.266	6.98	54.22
3.267	7.00	54.22
3.269	6.99	54.22
3.270	6.97	54.22
3.272	6.94	54.22
3.273	6.97	54.22
3.275	6.96	54.22
3.277	6.96	54.22
3.279	6.95	54.22
3.280	6.97	54.22
3.281	6.99	54.22
3.283	6.96	54.22
3.285	6.95	54.22
3.287	6.95	54.22
3.289	6.94	54.22
3.291	6.94	54.22
3.291	6.96	54.22
3.292	6.92	54.22
3.293	6.94	54.22
3.294	6.91	54.22
3.295	6.92	54.22
3.296	6.93	54.22
3.298	6.91	54.22
3.299	6.92	54.22
3.299	6.92	54.22
3.298	6.91	54.22
3.298	6.90	54.22
3.298	6.90	54.22
3.298	6.90	54.22
3.298	6.89	54.22
3.298	6.89	54.22
3.300	6.94	54.22
3.302	6.90	54.22
3.306	6.90	54.22
3.309	6.89	54.22
3.311	6.92	54.22
3.314	6.89	54.22
3.317	6.88	54.22
3.317	6.88	54.22
3.317	6.89	54.22
3.317	6.87	54.21
3.318	6.84	54.21
3.319	6.85	54.21
3.321	6.85	54.21
3.323	6.84	54.21
3.326	6.84	54.21
3.329	6.82	54.21
3.332	6.82	54.21
3.333	6.81	54.21
3.334	6.83	54.21
3.334	6.82	54.21
3.336	6.80	54.21
3.336	6.81	54.21
3.336	6.84	54.21
3.337	6.81	54.21
3.339	6.81	54.21
3.341	6.78	54.21
3.342	6.76	54.21
3.342	6.76	54.21
3.343	6.79	54.21
3.345	6.79	54.21
3.347	6.76	54.21
3.350	6.74	54.21
3.350	6.76	54.21
3.350	6.77	54.21
3.350	6.72	54.21
3.353	6.76	54.21
3.357	6.73	54.21
3.360	6.73	54.20
3.361	6.70	54.20
3.362	6.71	54.20
3.363	6.67	54.20
3.366	6.67	54.20
3.368	6.66	54.20
3.368	6.68	54.20
3.368	6.67	54.20
3.368	6.64	54.20
3.370	6.65	54.20
3.375	6.66	54.20
3.376	6.65	54.20
3.379	6.66	54.20
3.382	6.64	54.20
3.383	6.66	54.20
3.385	6.62	54.20
3.389	6.62	54.20
3.392	6.59	54.20
3.395	6.61	54.20
3.399	6.58	54.20
3.402	6.60	54.20
3.403	6.60	54.20
3.405	6.57	54.20
3.407	6.58	54.20
3.409	6.59	54.19
3.409	6.59	54.19
3.411	6.58	54.19
3.413	6.59	54.19
3.415	6.55	54.19
3.416	6.56	54.19
3.416	6.55	54.19
3.417	6.54	54.19
3.421	6.52	54.19
3.424	6.51	54.19
3.426	6.50	54.19
3.427	6.54	54.19
3.427	6.52	54.19
3.429	6.51	54.19
3.430	6.51	54.19
3.431	6.50	54.19
3.431	6.53	54.19
3.431	6.51	54.19
3.431	6.49	54.19
3.432	6.52	54.19
3.434	6.51	54.19
3.436	6.51	54.19
3.437	6.50	54.19
3.438	6.50	54.19
3.439	6.49	54.19
3.440	6.50	54.19
3.442	6.50	54.19
3.445	6.52	54.19
3.447	6.50	54.19
3.449	6.51	54.19
3.450	6.50	54.19
3.452	6.50	54.19
3.454	6.52	54.19
3.456	6.47	54.19
3.457	6.46	54.19
3.458	6.45	54.19
3.459	6.47	54.19
3.460	6.46	54.19
3.460	6.47	54.19
3.460	6.44	54.19
3.460	6.44	54.19
3.460	6.45	54.19
3.460	6.46	54.19
3.459	6.45	54.19
3.460	6.47	54.19
3.462	6.45	54.19
3.466	6.46	54.19
3.470	6.45	54.19
3.473	6.45	54.19
3.475	6.44	54.19
3.477	6.44	54.19
3.480	6.43	54.19
3.482	6.45	54.19
3.484	6.39	54.19
3.485	6.44	54.19
3.487	6.44	54.19
3.490	6.42	54.19
3.492	6.42	54.19
3.493	6.43	54.19
3.496	6.40	54.19
3.498	6.41	54.19
3.499	6.39	54.19
3.500	6.38	54.19
3.502	6.36	54.18
3.504	6.36	54.18
3.506	6.33	54.18
3.508	6.35	54.18
3.509	6.34	54.18
3.509	6.35	54.18
3.511	6.36	54.18
3.513	6.35	54.18
3.514	6.34	54.18
3.515	6.35	54.18
3.517	6.33	54.18
3.518	6.36	54.18
3.519	6.33	54.18
3.519	6.34	54.18
3.519	6.34	54.18
3.519	6.34	54.18
3.518	6.31	54.18
3.518	6.32	54.18
3.518	6.33	54.18
3.518	6.34	54.18
3.518	6.34	54.18
3.521	6.33	54.18
3.524	6.32	54.18
3.525	6.32	54.18
3.527	6.30	54.18
3.529	6.32	54.18
3.532	6.31	54.18
3.535	6.31	54.18
3.537	6.31	54.18
3.539	6.30	54.18
3.541	6.30	54.18
3.543	6.29	54.18
3.546	6.26	54.18
3.546	6.29	54.18
3.547	6.27	54.18
3.548	6.28	54.17
3.550	6.28	54.17
3.552	6.27	54.18
3.553	6.27	54.17
3.554	6.28	54.17
3.554	6.27	54.17
3.554	6.26	54.17
3.553	6.28	54.17
3.553	6.27	54.17
3.555	6.28	54.17
3.557	6.27	54.17
3.559	6.26	54.17
3.561	6.27	54.17
3.565	6.26	54.17
3.568	6.27	54.17
3.568	6.23	54.17
3.568	6.22	54.17
3.568	6.20	54.17
3.568	6.21	54.17
3.568	6.19	54.17
3.568	6.16	54.17
3.568	6.13	54.17
3.568	6.13	54.17
3.568	6.12	54.17
3.568	6.12	54.17
3.568	6.10	54.17
3.568	6.12	54.17
3.568	6.09	54.17
3.568	6.11	54.17
3.568	6.10	54.17
3.568	6.10	54.17
3.568	6.07	54.17
3.568	6.10	54.17
3.568	6.10	54.17
3.568	6.08	54.17
3.568	6.08	54.17
3.568	6.07	54.17
3.568	6.05	54.17
3.568	6.05	54.17
3.568	6.05	54.17
3.568	6.04	54.17
3.568	6.04	54.17
3.568	6.02	54.17
3.568	6.02	54.17
3.568	6.02	54.17
3.568	6.00	54.17
3.568	6.03	54.17
3.568	6.01	54.17
3.568	5.99	54.17
3.568	6.01	54.17
3.568	6.00	54.17
3.568	6.00	54.17
3.568	5.98	54.16
3.568	6.00	54.16
3.568	6.00	54.16
3.568	5.97	54.16
3.568	5.98	54.16
3.568	5.98	54.16
3.568	5.95	54.16
3.568	5.98	54.16
3.568	5.99	54.16
3.568	5.98	54.16
3.568	6.00	54.16
3.568	6.00	54.16
3.568	5.96	54.16
3.568	5.95	54.16
3.568	5.94	54.16
3.568	5.94	54.16
3.568	5.91	54.16
3.568	5.91	54.16
3.568	5.90	54.16
3.568	5.90	54.16
3.568	5.90	54.16
3.568	5.90	54.16
3.568	5.89	54.16
3.568	5.90	54.16
3.568	5.89	54.16
3.568	5.88	54.16
3.568	5.89	54.16
3.568	5.91	54.16
3.568	5.90	54.15
3.568	5.89	54.15
