3.568	5.49	55.21
3.568	5.51	55.21
3.568	5.53	55.21
3.568	5.52	55.21
3.568	5.53	55.21
3.568	5.52	55.21
3.568	5.53	55.21
3.568	5.50	55.21
3.568	5.54	55.21
3.568	5.58	55.21
3.568	5.55	55.21
3.568	5.54	55.21
3.568	5.56	55.21
3.568	5.57	55.21
3.568	5.56	55.21
3.568	5.56	55.21
3.568	5.57	55.21
3.568	5.56	55.21
3.568	5.57	55.21
3.568	5.58	55.21
3.568	5.59	55.21
3.568	5.58	55.21
3.568	5.60	55.21
3.568	5.61	55.21
3.568	5.63	55.21
3.568	5.68	55.21
3.568	5.69	55.21
3.568	5.69	55.21
3.568	5.70	55.21
3.568	5.73	55.20
3.568	5.70	55.20
3.568	5.73	55.20
3.568	5.70	55.20
3.568	5.73	55.20
3.568	5.77	55.20
3.568	5.79	55.20
3.568	5.79	55.20
3.568	5.79	55.20
3.568	5.80	55.20
3.568	5.78	55.20
3.568	5.80	55.20
3.568	5.80	55.20
3.568	5.80	55.20
3.568	5.81	55.20
3.568	5.79	55.20
3.568	5.81	55.20
3.568	5.81	55.20
3.568	5.82	55.20
3.568	5.81	55.20
3.568	5.82	55.20
3.568	5.82	55.20
3.568	5.83	55.19
3.568	5.84	55.19
3.568	5.85	55.19
3.568	5.85	55.19
3.568	5.85	55.19
3.568	5.88	55.19
3.568	5.89	55.19
3.568	5.89	55.19
3.568	5.89	55.19
3.568	5.90	55.19
3.568	5.91	55.19
3.568	5.89	55.19
3.568	5.90	55.19
3.568	5.90	55.19
3.568	5.89	55.19
3.568	5.90	55.19
3.568	5.90	55.19
3.568	5.89	55.19
3.568	5.90	55.19
3.568	5.91	55.19
3.568	5.91	55.18
3.568	5.92	55.18
3.568	5.93	55.18
3.568	5.92	55.18
3.568	5.91	55.18
3.568	5.91	55.18
3.568	5.93	55.18
3.568	5.92	55.18
3.568	5.93	55.18
3.568	5.90	55.18
3.568	5.93	55.18
3.568	5.94	55.18
3.568	5.94	55.18
3.568	5.96	55.18
3.568	5.94	55.18
3.568	5.94	55.18
3.568	5.95	55.18
3.568	5.96	55.18
3.568	5.96	55.18
3.568	5.99	55.18
3.568	5.99	55.18
3.568	6.00	55.18
3.568	6.00	55.18
3.568	5.99	55.18
3.568	6.02	55.18
3.568	6.02	55.18
3.568	6.04	55.18
3.568	6.04	55.18
3.568	6.05	55.18
3.568	6.04	55.18
3.568	6.04	55.18
3.568	6.04	55.18
3.568	6.07	55.18
3.568	6.07	55.17
3.568	6.07	55.18
3.568	6.07	55.17
3.568	6.08	55.17
3.568	6.07	55.17
3.568	6.08	55.17
3.568	6.10	55.17
3.568	6.11	55.17
3.568	6.11	55.17
3.568	6.11	55.17
3.568	6.12	55.17
3.568	6.13	55.17
3.568	6.13	55.17
3.568	6.14	55.17
3.568	6.18	55.17
3.568	6.17	55.16
3.568	6.15	55.16
3.568	6.16	55.16
3.568	6.20	55.16
3.564	6.23	55.16
3.562	6.23	55.16
3.559	6.24	55.16
3.557	6.26	55.16
3.557	6.25	55.16
3.557	6.23	55.16
3.556	6.23	55.16
3.555	6.24	55.16
3.552	6.24	55.16
3.550	6.26	55.16
3.549	6.25	55.16
3.549	6.26	55.16
3.547	6.28	55.16
3.546	6.26	55.16
3.546	6.29	55.16
3.543	6.27	55.16
3.541	6.27	55.16
3.540	6.29	55.16
3.539	6.28	55.15
3.538	6.28	55.15
3.538	6.28	55.15
3.537	6.27	55.15
3.535	6.28	55.15
3.532	6.29	55.15
3.529	6.31	55.15
3.527	6.31	55.15
3.525	6.31	55.15
3.523	6.30	55.15
3.521	6.32	55.15
3.520	6.31	55.15
3.519	6.32	55.15
3.517	6.33	55.15
3.515	6.32	55.15
3.513	6.33	55.15
3.509	6.35	55.15
3.507	6.33	55.15
3.505	6.35	55.15
3.502	6.35	55.15
3.500	6.36	55.15
3.499	6.35	55.15
3.499	6.35	55.15
3.499	6.36	55.15
3.499	6.35	55.14
3.499	6.36	55.14
3.499	6.35	55.14
3.498	6.38	55.14
3.496	6.38	55.14
3.494	6.37	55.14
3.492	6.36	55.14
3.490	6.37	55.14
3.489	6.39	55.14
3.488	6.39	55.14
3.486	6.41	55.14
3.485	6.40	55.14
3.483	6.39	55.14
3.482	6.38	55.14
3.479	6.42	55.14
3.477	6.39	55.14
3.475	6.39	55.14
3.474	6.39	55.14
3.473	6.40	55.14
3.472	6.39	55.14
3.470	6.39	55.14
3.469	6.41	55.14
3.467	6.40	55.14
3.466	6.41	55.14
3.464	6.40	55.14
3.463	6.41	55.14
3.463	6.40	55.14
3.462	6.42	55.14
3.462	6.43	55.14
3.462	6.42	55.14
3.461	6.42	55.14
3.461	6.43	55.14
3.460	6.42	55.14
3.458	6.42	55.14
3.456	6.42	55.14
3.457	6.43	55.14
3.457	6.40	55.14
3.457	6.42	55.14
3.457	6.43	55.14
3.457	6.43	55.14
3.457	6.42	55.14
3.457	6.42	55.14
3.457	6.42	55.14
3.457	6.43	55.14
3.456	6.44	55.13
3.455	6.44	55.13
3.453	6.44	55.13
3.452	6.44	55.13
3.450	6.45	55.13
3.448	6.45	55.13
3.446	6.45	55.13
3.445	6.45	55.13
3.443	6.45	55.13
3.441	6.47	55.13
3.440	6.47	55.13
3.440	6.46	55.13
3.440	6.47	55.13
3.440	6.47	55.13
3.441	6.46	55.13
3.441	6.46	55.13
3.440	6.49	55.13
3.437	6.50	55.13
3.433	6.52	55.13
3.431	6.51	55.13
3.430	6.52	55.13
3.429	6.52	55.13
3.428	6.52	55.13
3.426	6.52	55.13
3.424	6.52	55.13
3.423	6.53	55.13
3.421	6.51	55.12
3.418	6.53	55.12
3.415	6.54	55.12
3.415	6.52	55.12
3.414	6.53	55.12
3.412	6.54	55.12
3.411	6.55	55.12
3.409	6.57	55.12
3.405	6.55	55.12
3.403	6.57	55.12
3.399	6.59	55.12
3.397	6.59	55.12
3.396	6.60	55.12
3.395	6.61	55.12
3.394	6.60	55.12
3.393	6.61	55.12
3.392	6.61	55.12
3.391	6.61	55.12
3.390	6.60	55.12
3.390	6.60	55.12
3.390	6.60	55.12
3.391	6.59	55.12
3.391	6.59	55.12
3.391	6.62	55.12
3.389	6.61	55.12
3.385	6.61	55.12
3.381	6.64	55.11
3.379	6.62	55.11
3.378	6.61	55.11
3.376	6.63	55.11
3.374	6.64	55.11
3.372	6.64	55.11
3.371	6.63	55.11
3.371	6.65	55.11
3.371	6.63	55.11
3.371	6.63	55.11
3.370	6.64	55.11
3.369	6.66	55.11
3.368	6.64	55.11
3.368	6.65	55.11
3.368	6.64	55.11
3.368	6.65	55.11
3.368	6.64	55.11
3.368	6.64	55.11
3.368	6.64	55.11
3.368	6.65	55.11
3.369	6.64	55.11
3.368	6.64	55.11
3.364	6.66	55.11
3.360	6.67	55.11
3.359	6.67	55.11
3.357	6.68	55.11
3.356	6.68	55.11
3.355	6.70	55.11
3.354	6.69	55.11
3.354	6.71	55.11
3.354	6.67	55.11
3.354	6.67	55.11
3.354	6.69	55.11
3.353	6.69	55.11
3.352	6.70	55.11
3.351	6.71	55.11
3.350	6.69	55.11
3.349	6.71	55.11
3.349	6.72	55.11
3.348	6.71	55.11
3.347	6.72	55.11
3.347	6.72	55.11
3.346	6.71	55.10
3.345	6.71	55.10
3.344	6.74	55.10
3.343	6.69	55.10
3.342	6.71	55.10
3.341	6.73	55.10
3.341	6.71	55.10
3.341	6.69	55.10
3.340	6.72	55.10
3.338	6.71	55.10
3.337	6.72	55.10
3.337	6.70	55.10
3.338	6.72	55.10
3.337	6.71	55.10
3.338	6.71	55.10
3.338	6.72	55.10
3.337	6.72	55.10
3.336	6.73	55.10
3.334	6.75	55.10
3.332	6.77	55.10
3.331	6.79	55.10
3.330	6.79	55.10
3.330	6.79	55.10
3.330	6.79	55.10
3.330	6.79	55.10
3.329	6.80	55.10
3.326	6.81	55.09
3.325	6.80	55.09
3.324	6.81	55.09
3.325	6.81	55.09
3.324	6.79	55.09
3.323	6.82	55.09
3.321	6.81	55.09
3.318	6.82	55.09
3.316	6.81	55.09
3.315	6.82	55.09
3.315	6.81	55.09
3.315	6.80	55.09
3.313	6.81	55.09
3.311	6.84	55.09
3.310	6.82	55.09
3.309	6.84	55.09
3.308	6.83	55.09
3.306	6.83	55.09
3.304	6.84	55.09
3.302	6.87	55.09
3.299	6.87	55.08
3.299	6.86	55.08
3.298	6.87	55.08
3.297	6.89	55.08
3.296	6.88	55.08
3.295	6.89	55.08
3.296	6.87	55.08
3.296	6.87	55.08
3.296	6.88	55.08
3.296	6.87	55.08
3.296	6.89	55.08
3.295	6.89	55.08
3.292	6.91	55.08
3.290	6.91	55.08
3.289	6.90	55.08
3.289	6.91	55.08
3.288	6.93	55.08
3.287	6.91	55.08
3.286	6.95	55.08
3.285	6.94	55.08
3.284	6.92	55.08
3.283	6.92	55.08
3.281	6.95	55.08
3.279	6.95	55.08
3.277	6.94	55.08
3.275	6.98	55.08
3.271	6.95	55.08
3.268	6.94	55.08
3.268	6.94	55.08
3.268	6.94	55.08
3.268	6.99	55.08
3.267	6.91	55.08
3.266	6.96	55.08
3.264	6.96	55.08
3.262	6.95	55.08
3.260	6.98	55.08
3.259	6.94	55.08
3.257	6.97	55.08
3.255	6.97	55.08
3.253	6.98	55.08
3.252	7.03	55.08
3.251	6.97	55.08
3.250	6.97	55.08
3.248	6.96	55.08
3.247	7.01	55.07
3.246	7.01	55.07
3.245	7.00	55.07
3.243	7.02	55.07
3.242	7.01	55.07
3.240	7.03	55.07
3.239	7.05	55.07
3.238	7.02	55.07
3.236	7.03	55.07
3.235	7.05	55.07
3.233	7.08	55.07
3.231	7.08	55.07
3.229	7.08	55.07
3.228	7.07	55.07
3.227	7.07	55.07
3.225	7.09	55.07
3.224	7.07	55.07
3.223	7.07	55.07
3.222	7.08	55.07
3.221	7.08	55.07
3.220	7.08	55.07
3.218	7.10	55.07
3.216	7.10	55.07
3.214	7.11	55.07
3.213	7.11	55.06
3.211	7.10	55.06
3.210	7.10	55.06
3.209	7.10	55.06
3.208	7.10	55.06
3.207	7.11	55.06
3.206	7.10	55.06
3.206	7.12	55.06
3.205	7.12	55.06
3.204	7.11	55.06
3.203	7.12	55.06
3.202	7.10	55.06
3.201	7.12	55.06
3.200	7.12	55.06
3.199	7.12	55.06
3.197	7.11	55.06
3.195	7.13	55.06
3.193	7.14	55.06
3.191	7.15	55.06
3.189	7.15	55.06
3.187	7.18	55.06
3.185	7.18	55.06
3.184	7.21	55.06
3.183	7.21	55.06
3.181	7.19	55.06
3.179	7.20	55.05
3.178	7.21	55.05
3.177	7.22	55.05
3.175	7.22	55.05
3.174	7.20	55.05
3.173	7.22	55.05
3.172	7.22	55.05
3.171	7.24	55.05
3.170	7.23	55.05
3.170	7.23	55.05
3.168	7.25	55.05
3.166	7.22	55.05
3.165	7.27	55.05
3.164	7.25	55.05
3.163	7.28	55.05
3.162	7.25	55.05
3.161	7.28	55.05
3.160	7.25	55.05
3.159	7.26	55.05
3.158	7.25	55.05
3.155	7.25	55.05
3.153	7.28	55.05
3.151	7.28	55.05
3.150	7.27	55.05
3.148	7.29	55.05
3.147	7.32	55.05
3.146	7.29	55.05
3.145	7.29	55.05
3.144	7.29	55.05
3.142	7.30	55.05
3.141	7.29	55.05
3.140	7.30	55.05
3.139	7.31	55.05
3.137	7.30	55.05
3.135	7.32	55.05
3.134	7.31	55.05
3.133	7.32	55.05
3.131	7.31	55.05
3.130	7.36	55.05
3.128	7.30	55.05
3.127	7.32	55.05
3.126	7.31	55.04
3.125	7.32	55.05
3.124	7.34	55.04
3.122	7.32	55.04
3.121	7.32	55.04
3.121	7.32	55.04
3.120	7.35	55.04
3.119	7.32	55.04
3.118	7.35	55.04
3.117	7.36	55.04
3.116	7.40	55.04
3.115	7.39	55.04
3.114	7.41	55.04
3.113	7.38	55.04
3.112	7.38	55.04
3.111	7.38	55.04
3.109	7.39	55.04
3.108	7.39	55.04
3.106	7.40	55.04
3.105	7.40	55.04
3.104	7.45	55.04
3.103	7.43	55.04
3.102	7.42	55.04
3.101	7.43	55.04
3.100	7.43	55.04
3.098	7.42	55.03
3.097	7.48	55.03
3.095	7.45	55.03
3.095	7.45	55.03
3.094	7.49	55.03
3.094	7.41	55.03
3.093	7.47	55.03
3.093	7.45	55.03
3.091	7.46	55.03
3.089	7.42	55.03
3.088	7.50	55.03
3.087	7.46	55.03
3.086	7.46	55.03
3.085	7.47	55.03
3.083	7.51	55.03
3.082	7.48	55.03
3.081	7.47	55.03
3.080	7.48	55.03
3.079	7.52	55.03
3.079	7.48	55.03
3.078	7.46	55.03
3.077	7.47	55.03
3.076	7.46	55.03
3.075	7.52	55.03
3.074	7.47	55.03
3.073	7.49	55.02
3.071	7.49	55.02
3.070	7.48	55.02
3.070	7.51	55.02
3.069	7.49	55.02
3.068	7.51	55.02
3.067	7.52	55.02
3.066	7.52	55.02
3.066	7.54	55.02
3.065	7.51	55.02
3.064	7.50	55.02
3.063	7.51	55.02
3.062	7.51	55.02
3.062	7.51	55.02
3.061	7.51	55.02
3.060	7.51	55.02
3.059	7.52	55.02
3.058	7.53	55.02
3.057	7.54	55.02
3.056	7.52	55.02
3.055	7.52	55.02
3.054	7.52	55.02
3.053	7.51	55.02
3.052	7.54	55.02
3.051	7.55	55.02
3.050	7.56	55.02
3.049	7.54	55.02
3.048	7.55	55.02
3.047	7.57	55.02
3.047	7.58	55.02
3.046	7.55	55.02
3.045	7.56	55.02
3.044	7.55	55.02
3.044	7.57	55.02
3.043	7.58	55.02
3.043	7.60	55.02
3.042	7.59	55.02
3.041	7.58	55.02
3.040	7.57	55.02
3.040	7.58	55.02
3.039	7.58	55.02
3.039	7.58	55.02
3.039	7.60	55.02
3.039	7.59	55.02
3.039	7.62	55.02
3.038	7.65	55.02
3.038	7.59	55.01
3.038	7.59	55.01
3.036	7.59	55.01
3.035	7.58	55.01
3.033	7.62	55.01
3.033	7.62	55.01
3.032	7.61	55.01
3.031	7.62	55.01
3.031	7.64	55.01
3.031	7.61	55.01
3.031	7.62	55.01
3.030	7.63	55.01
3.030	7.65	55.01
3.029	7.66	55.01
3.029	7.64	55.01
3.029	7.63	55.01
3.029	7.65	55.01
3.028	7.66	55.01
3.027	7.67	55.01
3.025	7.65	55.01
3.023	7.66	55.01
3.021	7.66	55.01
3.020	7.66	55.00
3.019	7.65	55.00
3.018	7.67	55.00
3.018	7.67	55.00
3.017	7.68	55.00
3.016	7.65	55.00
3.014	7.70	55.00
3.013	7.68	55.00
3.012	7.68	55.00
3.012	7.71	55.00
3.012	7.72	55.00
3.012	7.69	55.00
3.012	7.69	55.00
3.011	7.69	55.00
3.011	7.70	55.00
3.011	7.68	55.00
3.010	7.67	55.00
3.010	7.68	55.00
3.009	7.70	55.00
3.007	7.67	55.00
3.006	7.70	55.00
3.005	7.71	55.00
3.003	7.70	55.00
3.001	7.71	55.00
3.000	7.71	54.99
2.998	7.71	54.99
2.998	7.74	54.99
2.997	7.74	54.99
2.995	7.76	54.99
2.994	7.74	54.99
2.992	7.73	54.99
2.991	7.75	54.99
2.990	7.75	54.99
2.989	7.76	54.99
2.987	7.76	54.99
2.985	7.78	54.99
2.983	7.77	54.99
2.981	7.76	54.99
2.979	7.78	54.99
2.978	7.77	54.99
2.978	7.76	54.99
2.977	7.77	54.99
2.976	7.74	54.99
2.975	7.73	54.99
2.974	7.77	54.99
2.974	7.78	54.99
2.973	7.80	54.99
2.971	7.75	54.99
2.971	7.74	54.99
2.970	7.80	54.99
2.969	7.79	54.98
2.968	7.79	54.98
2.968	7.78	54.98
2.967	7.77	54.98
2.966	7.82	54.98
2.965	7.82	54.98
2.964	7.83	54.98
2.963	7.78	54.98
2.962	7.80	54.98
2.961	7.81	54.98
2.960	7.84	54.98
2.959	7.82	54.98
2.959	7.85	54.98
2.958	7.83	54.98
2.957	7.83	54.98
2.956	7.84	54.98
2.955	7.81	54.98
2.955	7.79	54.98
2.955	7.83	54.98
2.955	7.84	54.98
2.954	7.86	54.98
2.953	7.84	54.98
2.952	7.85	54.98
2.952	7.85	54.98
2.950	7.86	54.98
2.949	7.90	54.98
2.949	7.92	54.98
2.947	7.86	54.98
2.946	7.84	54.98
2.945	7.85	54.98
2.944	7.85	54.98
2.943	7.85	54.98
2.943	7.85	54.98
2.943	7.86	54.98
2.942	7.83	54.98
2.942	7.84	54.98
2.940	7.89	54.98
2.940	7.89	54.98
2.939	7.86	54.98
2.938	7.86	54.98
2.937	7.90	54.98
2.936	7.88	54.97
2.934	7.87	54.97
2.932	7.83	54.97
2.931	7.92	54.97
2.929	7.92	54.97
2.929	7.89	54.97
2.928	7.90	54.97
2.927	7.88	54.97
2.926	7.98	54.97
2.925	7.92	54.97
2.924	7.93	54.97
2.924	7.96	54.97
2.923	7.96	54.97
2.922	7.98	54.97
2.921	7.95	54.97
2.921	7.95	54.97
2.920	7.97	54.97
2.919	7.92	54.97
2.917	7.96	54.97
2.917	7.96	54.97
2.916	7.97	54.97
2.915	7.98	54.97
2.915	7.90	54.97
2.914	7.97	54.97
2.914	7.98	54.97
2.913	7.99	54.97
2.913	8.02	54.96
2.912	8.01	54.96
2.911	7.98	54.96
2.911	7.96	54.96
2.910	8.02	54.96
2.910	8.00	54.96
2.909	8.00	54.96
2.908	7.96	54.96
2.908	7.97	54.96
2.907	7.94	54.96
2.906	8.04	54.96
2.905	8.02	54.96
2.904	8.01	54.96
2.903	7.99	54.96
2.902	8.04	54.96
2.901	8.04	54.96
2.899	8.03	54.96
2.899	8.02	54.96
2.898	8.04	54.96
2.897	8.10	54.96
2.896	8.08	54.96
2.895	8.08	54.96
2.894	8.08	54.96
2.893	8.04	54.96
2.892	8.01	54.96
2.892	8.06	54.95
2.892	8.06	54.95
2.891	8.08	54.95
2.891	8.02	54.95
2.890	8.16	54.95
2.889	8.13	54.95
2.888	8.11	54.95
2.886	8.05	54.95
2.885	8.13	54.95
2.884	8.08	54.95
2.883	8.10	54.95
2.882	8.11	54.95
2.882	8.12	54.95
2.881	8.16	54.95
2.880	8.14	54.95
2.880	8.13	54.95
2.879	8.10	54.95
2.878	8.09	54.95
2.878	8.08	54.95
2.877	8.11	54.95
2.877	8.12	54.95
2.876	8.17	54.95
2.875	8.12	54.95
2.875	8.07	54.95
2.875	8.14	54.95
2.875	8.15	54.95
2.874	8.11	54.95
2.873	8.19	54.95
2.870	8.15	54.95
2.866	8.16	54.95
2.864	8.18	54.95
2.864	8.26	54.95
2.864	8.11	54.95
2.864	8.15	54.95
2.864	8.15	54.95
2.864	8.13	54.95
2.863	8.19	54.95
2.862	8.22	54.95
2.861	8.17	54.95
2.860	8.20	54.95
2.859	8.15	54.95
2.857	8.23	54.95
2.855	8.19	54.95
2.854	8.21	54.95
2.853	8.20	54.95
2.853	8.14	54.95
2.852	8.17	54.94
2.852	8.21	54.94
2.853	8.21	54.94
2.853	8.26	54.94
2.852	8.20	54.94
2.852	8.21	54.94
2.851	8.21	54.94
2.850	8.22	54.94
2.849	8.23	54.94
2.848	8.22	54.94
2.848	8.16	54.94
2.848	8.19	54.94
2.848	8.21	54.94
2.848	8.23	54.94
2.847	8.15	54.94
2.847	8.26	54.94
2.847	8.21	54.94
2.847	8.22	54.94
2.846	8.29	54.94
2.846	8.24	54.94
2.845	8.23	54.94
2.844	8.24	54.94
2.844	8.27	54.94
2.844	8.20	54.94
2.844	8.24	54.94
2.844	8.24	54.94
2.844	8.25	54.93
2.844	8.22	54.93
2.844	8.23	54.93
2.844	8.26	54.93
2.844	8.25	54.93
2.844	8.24	54.93
2.844	8.23	54.93
2.844	8.23	54.93
2.843	8.24	54.93
2.843	8.26	54.93
2.842	8.27	54.93
2.841	8.25	54.93
2.840	8.27	54.93
2.840	8.25	54.93
2.840	8.26	54.93
2.840	8.27	54.93
2.839	8.34	54.93
2.838	8.26	54.93
2.837	8.25	54.93
2.837	8.28	54.93
2.837	8.23	54.93
2.837	8.34	54.93
2.835	8.33	54.93
2.832	8.29	54.93
2.831	8.31	54.92
2.830	8.32	54.92
2.829	8.29	54.92
2.828	8.35	54.92
2.827	8.31	54.92
2.827	8.33	54.92
2.826	8.35	54.92
2.825	8.35	54.92
2.824	8.32	54.92
2.824	8.32	54.92
2.823	8.33	54.92
2.822	8.32	54.92
2.821	8.32	54.92
2.821	8.34	54.92
2.821	8.37	54.92
2.820	8.36	54.92
2.819	8.38	54.92
2.819	8.34	54.92
2.819	8.33	54.92
2.819	8.35	54.92
2.818	8.31	54.92
2.817	8.37	54.92
2.816	8.36	54.92
2.816	8.37	54.92
2.815	8.34	54.92
2.815	8.41	54.92
2.813	8.37	54.92
2.812	8.37	54.92
2.811	8.36	54.92
2.810	8.41	54.92
2.810	8.34	54.92
2.810	8.39	54.92
2.809	8.37	54.92
2.809	8.38	54.92
2.808	8.33	54.92
2.807	8.43	54.92
2.806	8.42	54.92
2.805	8.42	54.92
2.804	8.40	54.92
2.803	8.40	54.92
2.802	8.44	54.92
2.801	8.43	54.92
2.800	8.44	54.91
2.799	8.40	54.92
2.798	8.44	54.91
2.797	8.44	54.91
2.797	8.46	54.91
2.796	8.45	54.91
2.795	8.50	54.91
2.794	8.43	54.91
2.792	8.44	54.91
2.791	8.45	54.91
2.789	8.42	54.91
2.787	8.46	54.91
2.786	8.48	54.91
2.785	8.46	54.91
2.784	8.46	54.91
2.783	8.47	54.91
2.782	8.45	54.91
2.781	8.49	54.91
2.781	8.47	54.91
2.780	8.47	54.91
2.779	8.53	54.91
2.778	8.42	54.91
2.777	8.49	54.91
2.776	8.48	54.91
2.774	8.47	54.91
2.773	8.45	54.91
2.772	8.50	54.91
2.771	8.47	54.91
2.771	8.49	54.90
2.770	8.49	54.90
2.769	8.49	54.90
2.768	8.49	54.90
2.767	8.51	54.90
2.767	8.51	54.90
2.766	8.48	54.90
2.765	8.50	54.90
2.764	8.50	54.90
2.763	8.52	54.90
2.762	8.55	54.90
2.761	8.54	54.90
2.759	8.57	54.90
2.757	8.52	54.90
2.756	8.54	54.90
2.755	8.57	54.90
2.754	8.54	54.90
2.752	8.55	54.90
2.751	8.55	54.90
2.749	8.55	54.90
2.747	8.54	54.90
2.746	8.54	54.90
2.744	8.55	54.89
2.743	8.56	54.89
2.741	8.57	54.89
2.738	8.55	54.89
2.736	8.54	54.89
2.734	8.57	54.89
2.733	8.58	54.89
2.734	8.54	54.89
2.734	8.56	54.89
2.734	8.55	54.89
2.735	8.58	54.89
2.735	8.58	54.89
2.735	8.60	54.89
2.735	8.55	54.89
2.735	8.58	54.89
2.735	8.56	54.89
2.735	8.56	54.89
2.735	8.56	54.89
2.735	8.56	54.89
2.736	8.56	54.89
2.735	8.56	54.89
2.735	8.54	54.89
2.735	8.57	54.89
2.735	8.58	54.89
2.735	8.57	54.89
2.735	8.55	54.89
2.735	8.58	54.89
2.735	8.57	54.89
2.732	8.58	54.89
2.728	8.59	54.89
2.728	8.60	54.89
2.726	8.64	54.89
2.723	8.63	54.89
2.722	8.63	54.89
2.720	8.65	54.89
2.718	8.63	54.89
2.717	8.68	54.89
2.715	8.67	54.89
2.712	8.70	54.89
2.711	8.68	54.89
2.709	8.67	54.89
2.708	8.71	54.89
2.706	8.70	54.89
2.704	8.69	54.89
2.703	8.71	54.88
2.702	8.73	54.88
2.702	8.69	54.88
2.702	8.72	54.88
2.702	8.72	54.88
2.701	8.70	54.88
2.700	8.70	54.88
2.700	8.70	54.88
2.699	8.72	54.88
2.699	8.73	54.88
2.698	8.74	54.88
2.699	8.72	54.88
2.699	8.72	54.88
2.699	8.73	54.88
2.699	8.73	54.88
2.699	8.72	54.88
2.698	8.72	54.88
2.698	8.74	54.88
2.696	8.75	54.88
2.694	8.74	54.88
2.693	8.70	54.88
2.693	8.77	54.87
2.693	8.74	54.88
2.693	8.75	54.87
2.692	8.74	54.87
2.690	8.79	54.87
2.688	8.76	54.87
2.687	8.75	54.87
2.684	8.77	54.87
2.683	8.74	54.87
2.683	8.80	54.87
2.683	8.76	54.87
2.683	8.78	54.87
2.682	8.77	54.87
2.681	8.80	54.87
2.679	8.76	54.87
2.678	8.79	54.87
2.676	8.81	54.87
2.675	8.80	54.87
2.673	8.81	54.87
2.670	8.85	54.87
2.666	8.85	54.87
2.663	8.84	54.87
2.662	8.83	54.87
2.661	8.83	54.87
2.661	8.83	54.87
2.660	8.86	54.87
2.659	8.87	54.87
2.658	8.87	54.86
2.656	8.87	54.86
2.655	8.88	54.86
2.655	8.87	54.86
2.653	8.86	54.86
2.652	8.88	54.86
2.651	8.89	54.86
2.651	8.88	54.86
2.650	8.88	54.86
2.649	8.87	54.86
2.648	8.89	54.86
2.647	8.88	54.86
2.646	8.88	54.86
2.645	8.88	54.86
2.643	8.88	54.86
2.642	8.90	54.86
2.641	8.90	54.86
2.639	8.90	54.86
2.637	8.92	54.86
2.635	8.88	54.86
2.634	8.91	54.86
2.633	8.92	54.86
2.631	8.92	54.86
2.630	8.92	54.86
2.629	8.91	54.86
2.628	8.92	54.86
2.627	8.93	54.86
2.626	8.94	54.86
2.625	8.95	54.86
2.624	8.94	54.86
2.623	8.94	54.86
2.622	8.94	54.86
2.622	8.95	54.86
2.621	8.97	54.86
2.619	8.95	54.86
2.618	8.95	54.86
2.617	8.95	54.86
2.616	8.97	54.86
2.616	8.96	54.86
2.614	8.99	54.86
2.613	8.98	54.86
2.612	8.98	54.85
2.611	8.96	54.85
2.610	9.00	54.85
2.609	9.01	54.85
2.608	9.01	54.85
2.605	9.02	54.85
2.603	9.03	54.85
2.602	9.04	54.85
2.602	9.02	54.85
2.601	9.04	54.85
2.600	9.04	54.85
2.599	9.05	54.85
2.597	9.04	54.85
2.596	9.05	54.85
2.595	9.04	54.85
2.595	9.05	54.85
2.594	9.04	54.85
2.594	9.04	54.85
2.593	9.05	54.85
2.592	9.04	54.85
2.591	9.05	54.85
2.589	9.06	54.85
2.588	9.05	54.85
2.587	9.06	54.84
2.586	9.06	54.84
2.585	9.06	54.84
2.585	9.05	54.84
2.584	9.06	54.84
2.583	9.07	54.84
2.582	9.06	54.84
2.581	9.06	54.84
2.580	9.07	54.84
2.579	9.06	54.84
2.578	9.07	54.84
2.578	9.06	54.84
2.577	9.07	54.84
2.577	9.07	54.84
2.576	9.06	54.84
2.574	9.07	54.84
2.573	9.07	54.84
2.572	9.07	54.84
2.571	9.09	54.84
2.570	9.12	54.84
2.569	9.11	54.84
2.569	9.12	54.84
2.568	9.12	54.84
2.568	9.11	54.84
2.567	9.10	54.83
2.566	9.12	54.83
2.565	9.11	54.83
2.565	9.10	54.83
2.564	9.10	54.83
2.564	9.10	54.83
2.564	9.11	54.83
2.564	9.11	54.83
2.564	9.10	54.83
2.563	9.11	54.83
2.562	9.10	54.83
2.561	9.11	54.83
2.560	9.12	54.83
2.559	9.13	54.83
2.558	9.14	54.83
2.557	9.14	54.83
2.556	9.14	54.83
2.555	9.15	54.83
2.554	9.15	54.83
2.554	9.17	54.83
2.553	9.17	54.83
2.551	9.16	54.83
2.551	9.16	54.83
2.550	9.15	54.83
2.549	9.18	54.83
2.548	9.17	54.83
2.547	9.17	54.83
2.546	9.17	54.83
2.544	9.17	54.83
2.543	9.16	54.83
2.543	9.18	54.83
2.542	9.17	54.83
2.541	9.18	54.83
2.541	9.18	54.83
2.541	9.17	54.83
2.540	9.17	54.83
2.540	9.17	54.83
2.539	9.18	54.83
2.538	9.18	54.83
2.538	9.18	54.83
2.537	9.19	54.83
2.536	9.19	54.83
2.535	9.19	54.83
2.535	9.21	54.83
2.534	9.20	54.83
2.534	9.21	54.83
2.533	9.21	54.83
2.533	9.22	54.83
2.532	9.23	54.83
2.532	9.23	54.83
2.531	9.23	54.83
2.531	9.27	54.83
2.530	9.30	54.83
2.530	9.30	54.82
2.529	9.31	54.82
2.528	9.33	54.82
2.527	9.34	54.82
2.527	9.35	54.82
2.526	9.35	54.82
2.526	9.35	54.82
2.525	9.35	54.82
2.524	9.35	54.82
2.523	9.35	54.82
2.523	9.35	54.82
2.522	9.36	54.82
2.521	9.36	54.82
2.521	9.37	54.82
2.520	9.37	54.82
2.520	9.37	54.82
2.519	9.37	54.82
2.518	9.37	54.82
2.517	9.37	54.82
2.517	9.37	54.82
2.516	9.37	54.82
2.516	9.37	54.82
2.515	9.37	54.82
2.514	9.38	54.82
2.514	9.38	54.82
2.514	9.38	54.82
2.514	9.38	54.81
2.514	9.38	54.81
2.514	9.38	54.81
2.514	9.39	54.81
2.514	9.39	54.81
2.513	9.39	54.81
2.511	9.40	54.81
2.510	9.40	54.81
2.510	9.40	54.81
2.509	9.40	54.81
2.508	9.41	54.81
2.507	9.41	54.81
2.507	9.41	54.81
2.506	9.41	54.81
2.505	9.42	54.81
2.504	9.43	54.81
2.503	9.43	54.81
2.503	9.43	54.81
2.502	9.43	54.81
2.501	9.44	54.81
2.500	9.44	54.81
2.500	9.44	54.81
2.500	9.45	54.81
2.499	9.45	54.81
2.499	9.45	54.81
2.498	9.46	54.81
2.496	9.46	54.80
2.496	9.46	54.80
2.495	9.46	54.80
2.494	9.47	54.80
2.494	9.47	54.80
2.493	9.47	54.80
2.492	9.48	54.80
2.491	9.49	54.80
2.490	9.49	54.80
2.490	9.50	54.80
2.489	9.50	54.80
2.489	9.50	54.80
2.488	9.51	54.80
2.488	9.51	54.80
2.487	9.52	54.80
2.487	9.53	54.80
2.486	9.53	54.80
2.485	9.54	54.80
2.484	9.55	54.80
2.484	9.55	54.80
2.484	9.56	54.80
2.483	9.56	54.80
2.482	9.56	54.80
2.482	9.56	54.80
2.481	9.56	54.80
2.481	9.56	54.80
2.480	9.56	54.80
2.480	9.56	54.80
2.479	9.56	54.80
2.479	9.56	54.80
2.479	9.57	54.80
2.478	9.56	54.80
2.477	9.56	54.80
2.477	9.57	54.80
2.476	9.57	54.80
2.476	9.59	54.80
2.475	9.58	54.80
2.474	9.59	54.80
2.473	9.60	54.80
2.473	9.60	54.80
2.472	9.60	54.80
2.472	9.60	54.79
2.471	9.60	54.79
2.470	9.60	54.79
2.469	9.61	54.79
2.468	9.61	54.79
2.468	9.61	54.79
2.467	9.61	54.79
2.467	9.61	54.79
2.466	9.62	54.79
2.466	9.62	54.79
2.464	9.63	54.79
2.464	9.63	54.79
2.463	9.63	54.79
2.462	9.64	54.79
2.462	9.64	54.79
2.462	9.64	54.79
2.461	9.65	54.79
2.460	9.65	54.79
2.459	9.66	54.79
2.458	9.66	54.79
2.458	9.66	54.79
2.457	9.67	54.79
2.456	9.68	54.79
2.455	9.68	54.79
2.454	9.68	54.78
2.453	9.68	54.78
2.453	9.68	54.78
2.452	9.68	54.78
2.452	9.69	54.78
2.451	9.69	54.78
2.450	9.70	54.78
2.450	9.70	54.78
2.449	9.70	54.78
2.448	9.71	54.78
2.446	9.72	54.78
2.445	9.72	54.78
2.443	9.73	54.78
2.442	9.73	54.78
2.441	9.74	54.78
2.440	9.74	54.78
2.439	9.74	54.78
2.438	9.75	54.78
2.437	9.75	54.78
2.437	9.76	54.78
2.436	9.76	54.78
2.435	9.76	54.78
2.434	9.76	54.78
2.433	9.77	54.78
2.432	9.77	54.78
2.431	9.77	54.78
2.430	9.78	54.77
2.429	9.79	54.77
2.428	9.79	54.77
2.428	9.79	54.77
2.427	9.80	54.77
2.426	9.80	54.77
2.425	9.81	54.77
2.424	9.82	54.77
2.424	9.82	54.77
2.422	9.82	54.77
2.422	9.84	54.77
2.421	9.84	54.77
2.419	9.84	54.77
2.418	9.85	54.77
2.417	9.86	54.77
2.416	9.86	54.77
2.415	9.87	54.77
2.415	9.87	54.77
2.414	9.88	54.77
2.413	9.88	54.77
2.413	9.88	54.77
2.412	9.89	54.77
2.411	9.90	54.77
2.410	9.91	54.77
2.409	9.91	54.77
2.409	9.91	54.77
2.408	9.92	54.77
2.407	9.93	54.77
2.406	9.93	54.77
2.405	9.93	54.77
2.404	9.94	54.77
2.403	9.94	54.77
2.402	9.95	54.77
2.401	9.96	54.77
2.398	9.97	54.77
2.395	9.98	54.77
2.393	10.00	54.77
2.391	10.00	54.77
2.390	10.00	54.77
2.389	10.01	54.77
2.388	10.01	54.77
2.387	10.02	54.77
2.385	10.03	54.77
2.384	10.04	54.76
2.383	10.04	54.76
2.382	10.05	54.76
2.381	10.06	54.76
2.380	10.06	54.76
2.379	10.06	54.76
2.378	10.07	54.76
2.376	10.07	54.76
2.375	10.09	54.76
2.373	10.09	54.76
2.372	10.09	54.76
2.372	10.09	54.76
2.371	10.10	54.76
2.370	10.10	54.76
2.369	10.10	54.76
2.369	10.11	54.76
2.368	10.11	54.76
2.367	10.11	54.76
2.366	10.12	54.76
2.365	10.13	54.76
2.364	10.13	54.75
2.362	10.14	54.75
2.361	10.14	54.75
2.360	10.14	54.75
2.360	10.15	54.75
2.359	10.15	54.75
2.358	10.15	54.75
2.357	10.16	54.75
2.356	10.17	54.75
2.355	10.17	54.75
2.354	10.18	54.75
2.353	10.18	54.75
2.352	10.19	54.75
2.350	10.19	54.75
2.349	10.20	54.75
2.348	10.20	54.75
2.347	10.20	54.75
2.346	10.21	54.75
2.345	10.22	54.75
2.344	10.22	54.75
2.343	10.23	54.75
2.342	10.23	54.75
2.342	10.23	54.74
2.341	10.23	54.74
2.340	10.23	54.74
2.340	10.23	54.74
2.340	10.23	54.74
2.339	10.24	54.74
2.338	10.24	54.74
2.338	10.25	54.74
2.337	10.25	54.74
2.336	10.26	54.74
2.336	10.26	54.74
2.335	10.26	54.74
2.334	10.26	54.74
2.333	10.26	54.74
2.333	10.27	54.74
2.333	10.27	54.74
2.332	10.27	54.74
2.331	10.28	54.73
2.330	10.29	54.74
2.329	10.29	54.73
2.329	10.29	54.73
2.328	10.29	54.73
2.327	10.30	54.73
2.327	10.31	54.73
2.326	10.30	54.73
2.325	10.31	54.73
2.325	10.32	54.73
2.324	10.33	54.73
2.323	10.33	54.73
2.322	10.34	54.73
2.321	10.34	54.73
2.321	10.34	54.73
2.319	10.35	54.73
2.318	10.35	54.73
2.317	10.35	54.73
2.316	10.37	54.73
2.315	10.38	54.73
2.314	10.39	54.73
2.313	10.40	54.73
2.312	10.40	54.73
2.312	10.40	54.73
2.311	10.41	54.73
2.311	10.40	54.73
2.310	10.42	54.73
2.309	10.44	54.73
2.308	10.43	54.73
2.308	10.44	54.73
2.307	10.43	54.73
2.306	10.44	54.73
2.305	10.44	54.73
2.304	10.44	54.73
2.303	10.44	54.73
2.303	10.44	54.73
2.303	10.44	54.73
2.302	10.45	54.73
2.302	10.44	54.73
2.301	10.45	54.73
2.301	10.46	54.73
2.300	10.46	54.73
2.299	10.46	54.73
2.298	10.46	54.73
2.298	10.47	54.73
2.297	10.48	54.72
2.296	10.49	54.72
2.295	10.49	54.72
2.294	10.50	54.72
2.293	10.50	54.72
2.293	10.50	54.72
2.292	10.51	54.72
2.291	10.51	54.72
2.291	10.51	54.72
2.290	10.52	54.72
2.289	10.52	54.72
2.288	10.53	54.72
2.288	10.53	54.72
2.288	10.53	54.72
2.287	10.53	54.72
2.286	10.54	54.72
2.286	10.55	54.72
2.285	10.55	54.72
2.284	10.55	54.72
2.283	10.56	54.72
2.283	10.56	54.72
2.282	10.57	54.72
2.281	10.57	54.72
2.280	10.57	54.71
2.279	10.57	54.71
2.277	10.58	54.71
2.277	10.58	54.71
2.277	10.58	54.71
2.276	10.59	54.71
2.275	10.59	54.71
2.274	10.60	54.71
2.274	10.60	54.71
2.273	10.61	54.71
2.272	10.62	54.71
2.271	10.62	54.71
2.270	10.62	54.71
2.270	10.62	54.71
2.269	10.62	54.71
2.269	10.63	54.71
2.268	10.63	54.71
2.267	10.63	54.71
2.267	10.63	54.71
2.266	10.64	54.71
2.265	10.65	54.71
2.264	10.65	54.71
2.263	10.66	54.71
2.263	10.66	54.70
2.262	10.67	54.70
2.260	10.68	54.71
2.259	10.68	54.70
2.258	10.69	54.70
2.257	10.68	54.70
2.257	10.69	54.70
2.257	10.69	54.70
2.256	10.69	54.70
2.255	10.70	54.70
2.254	10.70	54.70
2.254	10.70	54.70
2.254	10.70	54.70
2.253	10.70	54.70
2.253	10.70	54.70
2.252	10.70	54.70
2.252	10.71	54.70
2.252	10.71	54.70
2.252	10.71	54.70
2.252	10.71	54.70
2.251	10.71	54.70
2.251	10.71	54.70
2.251	10.71	54.70
2.250	10.72	54.70
2.250	10.72	54.70
2.250	10.72	54.70
2.249	10.73	54.70
2.249	10.73	54.70
2.248	10.74	54.70
2.247	10.74	54.70
2.247	10.74	54.70
2.247	10.75	54.70
2.246	10.76	54.70
2.246	10.75	54.70
2.245	10.76	54.70
2.245	10.75	54.70
2.245	10.76	54.70
2.244	10.77	54.70
2.244	10.77	54.70
2.243	10.77	54.70
2.243	10.77	54.70
2.243	10.78	54.70
2.243	10.77	54.70
2.243	10.77	54.70
2.242	10.78	54.70
2.242	10.78	54.70
2.241	10.78	54.70
2.241	10.78	54.70
2.240	10.79	54.69
2.240	10.79	54.69
2.239	10.79	54.69
2.238	10.79	54.69
2.238	10.80	54.69
2.238	10.80	54.69
2.237	10.80	54.69
2.237	10.80	54.69
2.237	10.80	54.69
2.237	10.80	54.69
2.237	10.81	54.69
2.236	10.81	54.69
2.236	10.81	54.69
2.235	10.81	54.69
2.235	10.82	54.69
2.235	10.81	54.69
2.235	10.82	54.69
2.235	10.82	54.69
2.234	10.83	54.69
2.234	10.83	54.69
2.233	10.83	54.69
2.233	10.83	54.69
2.233	10.83	54.69
2.232	10.83	54.69
2.232	10.84	54.69
2.231	10.83	54.69
2.231	10.84	54.69
2.230	10.84	54.69
2.230	10.84	54.68
2.230	10.84	54.68
2.230	10.85	54.68
2.229	10.85	54.68
2.229	10.85	54.68
2.228	10.86	54.68
2.228	10.86	54.68
2.227	10.87	54.68
2.227	10.87	54.68
2.227	10.87	54.68
2.227	10.87	54.68
2.226	10.88	54.68
2.226	10.88	54.68
2.226	10.88	54.68
2.225	10.88	54.68
2.225	10.89	54.68
2.224	10.89	54.68
2.223	10.89	54.68
2.223	10.89	54.68
2.223	10.89	54.68
2.223	10.89	54.68
2.223	10.89	54.67
2.223	10.90	54.67
2.223	10.90	54.67
2.222	10.90	54.67
2.222	10.90	54.67
2.221	10.91	54.67
2.220	10.91	54.67
2.219	10.92	54.67
2.218	10.93	54.67
2.217	10.93	54.67
2.216	10.94	54.67
2.215	10.94	54.67
2.215	10.94	54.67
2.214	10.95	54.67
2.214	10.95	54.67
2.214	10.95	54.67
2.213	10.96	54.67
2.213	10.97	54.67
2.212	10.96	54.67
2.212	10.97	54.67
2.212	10.98	54.67
2.211	10.98	54.67
2.210	10.97	54.67
2.209	10.98	54.67
2.209	10.99	54.67
2.208	10.99	54.67
2.208	11.00	54.67
2.208	10.99	54.67
2.207	11.00	54.67
2.207	11.00	54.67
2.207	11.00	54.67
2.207	11.00	54.67
2.207	11.00	54.67
2.206	11.01	54.67
2.205	11.01	54.67
2.205	11.01	54.67
2.204	11.01	54.67
2.204	11.01	54.67
2.204	11.01	54.67
2.204	11.02	54.67
2.204	11.02	54.67
2.204	11.02	54.67
2.203	11.02	54.67
2.203	11.02	54.67
2.202	11.03	54.67
2.201	11.03	54.67
2.201	11.03	54.67
2.200	11.04	54.67
2.200	11.03	54.67
2.199	11.04	54.67
2.198	11.05	54.66
2.198	11.04	54.66
2.197	11.05	54.66
2.196	11.05	54.66
2.196	11.06	54.66
2.195	11.06	54.66
2.194	11.07	54.66
2.194	11.07	54.66
2.193	11.07	54.66
2.192	11.08	54.66
2.190	11.08	54.66
2.190	11.09	54.66
2.190	11.09	54.66
2.189	11.09	54.66
2.188	11.09	54.66
2.188	11.10	54.66
2.188	11.10	54.66
2.187	11.11	54.66
2.186	11.12	54.66
2.184	11.13	54.66
2.183	11.13	54.66
2.183	11.14	54.66
2.183	11.14	54.66
2.182	11.14	54.66
2.181	11.15	54.66
2.179	11.15	54.66
2.179	11.16	54.66
2.178	11.15	54.65
2.178	11.16	54.65
2.178	11.16	54.65
2.177	11.16	54.65
2.177	11.17	54.65
2.176	11.17	54.65
2.175	11.17	54.65
2.175	11.18	54.65
2.174	11.18	54.65
2.174	11.18	54.65
2.173	11.18	54.65
2.172	11.19	54.65
2.171	11.19	54.65
2.170	11.20	54.65
2.168	11.21	54.65
2.167	11.22	54.65
2.167	11.22	54.65
2.166	11.22	54.65
2.165	11.22	54.65
2.164	11.23	54.65
2.164	11.23	54.65
2.163	11.23	54.65
2.163	11.23	54.64
2.163	11.24	54.64
2.163	11.24	54.64
2.163	11.25	54.64
2.162	11.26	54.64
2.161	11.26	54.64
2.161	11.26	54.64
2.161	11.26	54.64
2.161	11.27	54.64
2.161	11.26	54.64
2.160	11.26	54.64
2.160	11.27	54.64
2.159	11.27	54.64
2.159	11.27	54.64
2.159	11.28	54.64
2.158	11.27	54.64
2.158	11.27	54.64
2.158	11.27	54.64
2.158	11.27	54.64
2.158	11.28	54.64
2.158	11.28	54.64
2.157	11.28	54.64
2.156	11.29	54.64
2.156	11.29	54.64
2.156	11.29	54.64
2.156	11.29	54.64
2.155	11.30	54.64
2.155	11.30	54.64
2.154	11.30	54.64
2.154	11.31	54.64
2.154	11.31	54.64
2.154	11.31	54.64
2.153	11.31	54.64
2.153	11.31	54.64
2.152	11.32	54.64
2.151	11.32	54.64
2.151	11.32	54.64
2.150	11.33	54.64
2.149	11.33	54.64
2.149	11.34	54.64
2.148	11.34	54.64
2.148	11.34	54.64
2.147	11.35	54.63
2.147	11.36	54.63
2.147	11.36	54.63
2.146	11.36	54.63
2.146	11.36	54.63
2.146	11.36	54.63
2.146	11.36	54.63
2.145	11.37	54.63
2.144	11.38	54.63
2.143	11.38	54.63
2.142	11.39	54.63
2.142	11.39	54.63
2.142	11.38	54.63
2.142	11.39	54.63
2.141	11.39	54.63
2.141	11.40	54.63
2.140	11.41	54.63
2.139	11.41	54.63
2.138	11.41	54.63
2.138	11.42	54.63
2.138	11.42	54.63
2.137	11.42	54.63
2.136	11.43	54.63
2.136	11.44	54.63
2.135	11.44	54.63
2.135	11.44	54.62
2.134	11.44	54.62
2.133	11.45	54.62
2.133	11.46	54.62
2.133	11.46	54.62
2.133	11.46	54.62
2.132	11.47	54.62
2.132	11.47	54.62
2.132	11.47	54.62
2.131	11.48	54.62
2.131	11.48	54.62
2.130	11.48	54.62
2.130	11.48	54.62
2.130	11.48	54.62
2.129	11.49	54.62
2.129	11.49	54.62
2.129	11.50	54.61
2.128	11.49	54.61
2.128	11.50	54.61
2.127	11.50	54.61
2.127	11.50	54.61
2.126	11.51	54.61
2.126	11.51	54.61
2.125	11.51	54.61
2.125	11.51	54.61
2.124	11.52	54.61
2.124	11.52	54.61
2.123	11.52	54.61
2.123	11.53	54.61
2.123	11.53	54.61
2.122	11.53	54.61
2.121	11.53	54.61
2.121	11.53	54.61
2.121	11.53	54.61
2.121	11.53	54.61
2.120	11.53	54.61
2.120	11.53	54.61
2.120	11.53	54.61
2.119	11.53	54.61
2.118	11.54	54.61
2.117	11.53	54.61
2.117	11.54	54.61
2.117	11.54	54.61
2.117	11.54	54.61
2.117	11.54	54.61
2.117	11.54	54.61
2.117	11.54	54.61
2.117	11.54	54.61
2.116	11.54	54.61
2.116	11.54	54.61
2.116	11.54	54.61
2.116	11.54	54.61
2.116	11.55	54.61
2.116	11.54	54.61
2.116	11.54	54.61
2.116	11.54	54.61
2.115	11.54	54.61
2.115	11.55	54.61
2.114	11.55	54.61
2.114	11.55	54.61
2.114	11.55	54.61
2.114	11.56	54.61
2.113	11.56	54.61
2.113	11.55	54.60
2.113	11.56	54.60
2.113	11.56	54.60
2.113	11.56	54.60
2.113	11.56	54.60
2.113	11.56	54.60
2.112	11.57	54.60
2.111	11.57	54.60
2.110	11.57	54.60
2.109	11.58	54.60
2.109	11.58	54.60
2.109	11.58	54.60
2.109	11.58	54.60
2.109	11.58	54.60
2.108	11.58	54.60
2.108	11.58	54.60
2.107	11.59	54.60
2.106	11.60	54.60
2.105	11.60	54.60
2.104	11.61	54.60
2.103	11.61	54.60
2.103	11.61	54.60
2.102	11.61	54.60
2.102	11.62	54.60
2.102	11.62	54.60
2.102	11.62	54.60
2.101	11.62	54.60
2.101	11.62	54.60
2.100	11.62	54.60
2.101	11.62	54.60
2.100	11.64	54.60
2.098	11.64	54.60
2.097	11.65	54.59
2.097	11.64	54.59
2.097	11.65	54.59
2.097	11.65	54.59
2.097	11.65	54.59
2.096	11.65	54.59
2.096	11.66	54.59
2.096	11.66	54.59
2.096	11.65	54.59
2.096	11.66	54.59
2.096	11.66	54.59
2.096	11.66	54.59
2.096	11.67	54.59
2.095	11.67	54.59
2.094	11.67	54.59
2.094	11.67	54.59
2.094	11.67	54.59
2.094	11.67	54.59
2.093	11.67	54.59
2.093	11.67	54.59
2.093	11.67	54.59
2.093	11.68	54.59
2.092	11.68	54.59
2.091	11.68	54.59
2.090	11.68	54.59
2.090	11.69	54.59
2.089	11.70	54.59
2.089	11.70	54.59
2.088	11.71	54.58
2.088	11.70	54.58
2.087	11.71	54.58
2.087	11.71	54.58
2.087	11.71	54.58
2.086	11.71	54.58
2.086	11.72	54.58
2.085	11.72	54.58
2.085	11.72	54.58
2.085	11.72	54.58
2.084	11.72	54.58
2.084	11.72	54.58
2.083	11.73	54.58
2.083	11.74	54.58
2.082	11.75	54.58
2.082	11.75	54.58
2.082	11.75	54.58
2.081	11.76	54.58
2.080	11.77	54.58
2.079	11.77	54.58
2.079	11.78	54.58
2.078	11.78	54.58
2.078	11.78	54.58
2.078	11.78	54.58
2.077	11.78	54.58
2.077	11.78	54.58
2.077	11.79	54.58
2.077	11.79	54.58
2.076	11.79	54.58
2.076	11.81	54.58
2.075	11.81	54.58
2.074	11.81	54.58
2.073	11.81	54.58
2.072	11.82	54.58
2.071	11.83	54.58
2.071	11.83	54.58
2.070	11.84	54.58
2.069	11.84	54.58
2.068	11.85	54.58
2.067	11.85	54.58
2.067	11.86	54.58
2.066	11.85	54.58
2.066	11.86	54.58
2.066	11.85	54.58
2.065	11.87	54.58
2.064	11.88	54.58
2.062	11.88	54.58
2.061	11.89	54.58
2.061	11.89	54.58
2.059	11.90	54.58
2.057	11.91	54.58
2.056	11.92	54.58
2.055	11.94	54.58
2.054	11.94	54.58
2.053	11.94	54.58
2.052	11.95	54.58
2.051	11.96	54.57
2.051	11.96	54.57
2.051	11.96	54.57
2.050	11.97	54.57
2.050	11.97	54.57
2.049	11.98	54.57
2.048	11.99	54.57
2.048	11.98	54.57
2.047	11.98	54.57
2.047	11.99	54.57
2.046	11.98	54.57
2.045	11.99	54.57
2.045	11.99	54.57
2.043	12.01	54.57
2.042	12.02	54.57
2.040	12.03	54.57
2.039	12.03	54.57
2.037	12.04	54.57
2.035	12.06	54.57
2.034	12.07	54.57
2.033	12.08	54.57
2.032	12.08	54.57
2.031	12.08	54.57
2.031	12.09	54.57
2.029	12.09	54.57
2.028	12.10	54.57
2.027	12.11	54.57
2.026	12.11	54.57
2.026	12.12	54.57
2.024	12.13	54.56
2.023	12.14	54.56
2.022	12.15	54.56
2.021	12.15	54.56
2.020	12.16	54.56
2.019	12.16	54.56
2.019	12.17	54.56
2.018	12.18	54.56
2.018	12.18	54.56
2.017	12.18	54.56
2.017	12.18	54.56
2.016	12.18	54.56
2.016	12.19	54.56
2.015	12.20	54.56
2.014	12.19	54.56
2.014	12.20	54.56
2.013	12.21	54.56
2.013	12.21	54.56
2.012	12.21	54.56
2.012	12.21	54.56
2.011	12.23	54.56
2.011	12.23	54.55
2.010	12.24	54.55
2.009	12.23	54.55
2.009	12.24	54.55
2.009	12.24	54.55
2.008	12.24	54.55
2.008	12.25	54.55
2.007	12.25	54.55
2.006	12.26	54.55
2.006	12.26	54.55
2.005	12.26	54.55
2.004	12.28	54.55
2.003	12.28	54.55
2.003	12.28	54.55
2.002	12.29	54.55
2.002	12.29	54.55
2.001	12.30	54.55
2.000	12.30	54.55
2.000	12.30	54.55
1.999	12.31	54.55
1.998	12.31	54.55
1.998	12.32	54.55
1.997	12.32	54.55
1.996	12.34	54.55
1.995	12.34	54.55
1.994	12.34	54.55
1.993	12.35	54.55
1.992	12.36	54.55
1.991	12.36	54.55
1.990	12.38	54.55
1.989	12.39	54.55
1.988	12.40	54.55
1.988	12.40	54.55
1.987	12.41	54.55
1.986	12.41	54.55
1.985	12.41	54.55
1.984	12.42	54.55
1.984	12.42	54.55
1.983	12.42	54.55
1.983	12.43	54.55
1.982	12.43	54.55
1.982	12.44	54.55
1.981	12.44	54.55
1.980	12.45	54.55
1.980	12.45	54.55
1.979	12.45	54.55
1.979	12.46	54.55
1.978	12.46	54.55
1.977	12.46	54.55
1.976	12.46	54.55
1.975	12.47	54.55
1.975	12.47	54.55
1.974	12.48	54.55
1.973	12.48	54.55
1.972	12.49	54.54
1.972	12.49	54.54
1.971	12.49	54.54
1.970	12.50	54.54
1.969	12.50	54.54
1.969	12.51	54.54
1.968	12.51	54.54
1.968	12.51	54.54
1.967	12.51	54.54
1.966	12.51	54.54
1.965	12.53	54.54
1.964	12.54	54.54
1.963	12.55	54.54
1.962	12.56	54.54
1.961	12.57	54.54
1.960	12.58	54.54
1.958	12.59	54.54
1.957	12.59	54.54
1.956	12.59	54.54
1.955	12.60	54.54
1.955	12.61	54.54
1.954	12.62	54.54
1.953	12.63	54.54
1.952	12.61	54.54
1.952	12.63	54.54
1.951	12.63	54.54
1.951	12.63	54.54
1.950	12.65	54.54
1.949	12.64	54.54
1.949	12.65	54.54
1.948	12.65	54.53
1.948	12.65	54.53
1.947	12.66	54.53
1.947	12.67	54.53
1.946	12.67	54.53
1.945	12.68	54.53
1.945	12.69	54.53
1.944	12.70	54.53
1.944	12.71	54.53
1.943	12.71	54.53
1.942	12.71	54.53
1.942	12.72	54.53
1.941	12.71	54.53
1.941	12.72	54.53
1.941	12.73	54.53
1.940	12.72	54.53
1.939	12.73	54.53
1.939	12.73	54.53
1.939	12.74	54.53
1.938	12.75	54.53
1.937	12.74	54.53
1.937	12.75	54.53
1.936	12.75	54.53
1.936	12.76	54.53
1.936	12.77	54.52
1.935	12.77	54.52
1.934	12.78	54.52
1.934	12.78	54.52
1.933	12.79	54.52
1.933	12.79	54.52
1.932	12.79	54.52
1.931	12.80	54.52
1.931	12.80	54.52
1.929	12.81	54.52
1.928	12.80	54.52
1.928	12.82	54.52
1.928	12.82	54.52
1.927	12.83	54.52
1.927	12.83	54.52
1.926	12.83	54.52
1.925	12.84	54.52
1.925	12.84	54.52
1.924	12.85	54.52
1.924	12.85	54.52
1.923	12.84	54.52
1.923	12.86	54.52
1.923	12.86	54.52
1.923	12.86	54.52
1.922	12.87	54.52
1.922	12.88	54.52
1.922	12.88	54.52
1.922	12.88	54.52
1.921	12.88	54.52
1.920	12.87	54.52
1.920	12.89	54.52
1.920	12.89	54.52
1.919	12.90	54.52
1.919	12.90	54.52
1.918	12.90	54.52
1.918	12.90	54.52
1.918	12.90	54.52
1.917	12.91	54.52
1.916	12.91	54.52
1.916	12.92	54.52
1.915	12.92	54.52
1.915	12.93	54.52
1.915	12.94	54.52
1.914	12.93	54.52
1.913	12.93	54.52
1.913	12.94	54.52
1.913	12.94	54.52
1.913	12.94	54.52
1.912	12.95	54.52
1.912	12.95	54.52
1.912	12.95	54.52
1.912	12.95	54.51
1.911	12.93	54.51
1.911	12.96	54.51
1.910	12.96	54.51
1.910	12.95	54.51
1.909	12.96	54.51
1.909	12.96	54.51
1.908	12.97	54.51
1.908	12.97	54.51
1.908	12.97	54.51
1.907	12.98	54.51
1.907	12.98	54.51
1.907	13.00	54.51
1.906	12.99	54.51
1.906	13.00	54.51
1.905	13.00	54.51
1.904	13.01	54.51
1.904	13.00	54.51
1.903	13.01	54.51
1.902	13.01	54.51
1.901	13.03	54.51
1.900	13.03	54.51
1.900	13.04	54.51
1.900	13.04	54.51
1.899	13.04	54.51
1.898	13.05	54.51
1.897	13.05	54.50
1.897	13.06	54.50
1.897	13.06	54.50
1.896	13.06	54.50
1.896	13.07	54.50
1.895	13.07	54.50
1.895	13.08	54.50
1.894	13.08	54.50
1.894	13.08	54.50
1.893	13.08	54.50
1.893	13.08	54.50
1.893	13.09	54.50
1.893	13.09	54.50
1.892	13.09	54.50
1.892	13.09	54.50
1.892	13.10	54.50
1.891	13.10	54.50
1.891	13.10	54.50
1.891	13.11	54.50
1.890	13.11	54.50
1.890	13.12	54.49
1.889	13.12	54.49
1.889	13.14	54.49
1.889	13.15	54.49
1.888	13.14	54.49
1.888	13.14	54.49
1.888	13.14	54.49
1.888	13.14	54.49
1.887	13.14	54.49
1.887	13.15	54.49
1.887	13.15	54.49
1.886	13.15	54.49
1.886	13.15	54.49
1.886	13.15	54.49
1.886	13.15	54.49
1.886	13.16	54.49
1.885	13.16	54.49
1.885	13.16	54.49
1.885	13.16	54.49
1.885	13.16	54.49
1.885	13.17	54.49
1.884	13.15	54.49
1.884	13.16	54.49
1.883	13.17	54.49
1.883	13.17	54.49
1.882	13.18	54.49
1.882	13.18	54.49
1.882	13.18	54.49
1.882	13.18	54.49
1.882	13.18	54.49
1.881	13.19	54.49
1.881	13.19	54.49
1.881	13.19	54.49
1.881	13.19	54.49
1.880	13.19	54.49
1.880	13.19	54.49
1.879	13.18	54.49
1.879	13.19	54.49
1.879	13.19	54.49
1.879	13.19	54.49
1.879	13.20	54.49
1.879	13.20	54.49
1.878	13.20	54.49
1.878	13.21	54.49
1.877	13.21	54.49
1.877	13.22	54.49
1.877	13.22	54.49
1.876	13.23	54.49
1.876	13.24	54.49
1.876	13.24	54.49
1.875	13.24	54.49
1.875	13.24	54.48
1.875	13.24	54.48
1.874	13.24	54.48
1.873	13.26	54.48
1.872	13.26	54.48
1.871	13.27	54.48
1.871	13.27	54.48
1.870	13.27	54.48
1.870	13.28	54.48
1.869	13.28	54.48
1.869	13.29	54.48
1.868	13.30	54.48
1.868	13.28	54.48
1.867	13.31	54.48
1.866	13.31	54.48
1.866	13.31	54.48
1.865	13.32	54.48
1.864	13.33	54.48
1.864	13.33	54.48
1.864	13.33	54.48
1.863	13.33	54.48
1.863	13.34	54.48
1.862	13.34	54.48
1.862	13.34	54.48
1.862	13.34	54.48
1.861	13.34	54.48
1.861	13.35	54.48
1.861	13.35	54.48
1.861	13.35	54.47
1.861	13.35	54.47
1.860	13.35	54.47
1.859	13.36	54.47
1.859	13.37	54.47
1.858	13.37	54.47
1.858	13.38	54.47
1.857	13.38	54.47
1.857	13.39	54.47
1.857	13.39	54.47
1.856	13.39	54.47
1.856	13.39	54.47
1.855	13.40	54.47
1.855	13.40	54.47
1.855	13.40	54.47
1.854	13.41	54.47
1.853	13.41	54.47
1.853	13.41	54.47
1.853	13.42	54.47
1.852	13.42	54.47
1.851	13.42	54.47
1.851	13.42	54.47
1.850	13.42	54.47
1.850	13.42	54.47
1.850	13.42	54.47
1.849	13.42	54.47
1.849	13.44	54.47
1.849	13.44	54.47
1.848	13.44	54.47
1.848	13.45	54.46
1.847	13.44	54.46
1.846	13.45	54.46
1.846	13.46	54.46
1.846	13.47	54.46
1.845	13.47	54.46
1.845	13.47	54.46
1.845	13.46	54.46
1.845	13.48	54.46
1.845	13.48	54.46
1.844	13.48	54.46
1.843	13.48	54.46
1.842	13.48	54.46
1.842	13.49	54.46
1.842	13.49	54.46
1.841	13.50	54.46
1.840	13.50	54.46
1.839	13.51	54.46
1.839	13.52	54.46
1.838	13.52	54.46
1.837	13.52	54.46
1.836	13.53	54.46
1.836	13.54	54.46
1.835	13.55	54.46
1.834	13.55	54.46
1.833	13.56	54.46
1.833	13.56	54.46
1.833	13.57	54.46
1.832	13.57	54.46
1.832	13.58	54.46
1.831	13.58	54.46
1.831	13.58	54.46
1.830	13.58	54.46
1.830	13.59	54.46
1.829	13.60	54.46
1.829	13.60	54.46
1.829	13.59	54.46
1.829	13.60	54.46
1.828	13.61	54.46
1.828	13.61	54.46
1.828	13.61	54.46
1.827	13.62	54.46
1.827	13.62	54.46
1.826	13.63	54.46
1.826	13.63	54.46
1.826	13.63	54.46
1.825	13.63	54.46
1.825	13.63	54.46
1.825	13.63	54.46
1.824	13.64	54.46
1.824	13.65	54.46
1.823	13.65	54.46
1.823	13.65	54.46
1.822	13.66	54.46
1.822	13.66	54.45
1.821	13.66	54.45
1.821	13.67	54.45
1.820	13.67	54.45
1.820	13.68	54.45
1.820	13.68	54.45
1.820	13.68	54.45
1.820	13.68	54.45
1.820	13.68	54.45
1.819	13.68	54.45
1.819	13.69	54.45
1.818	13.69	54.45
1.818	13.69	54.45
1.817	13.71	54.45
1.817	13.72	54.45
1.816	13.71	54.45
1.816	13.72	54.45
1.815	13.73	54.45
1.815	13.72	54.45
1.815	13.73	54.45
1.814	13.73	54.45
1.814	13.73	54.45
1.813	13.73	54.45
1.813	13.74	54.45
1.812	13.74	54.45
1.811	13.75	54.45
1.811	13.76	54.45
1.810	13.76	54.45
1.809	13.78	54.44
1.809	13.77	54.44
1.808	13.79	54.44
1.808	13.79	54.44
1.807	13.80	54.44
1.807	13.80	54.44
1.807	13.80	54.44
1.806	13.81	54.44
1.806	13.81	54.44
1.805	13.81	54.44
1.805	13.81	54.44
1.804	13.82	54.44
1.804	13.82	54.44
1.803	13.81	54.44
1.803	13.83	54.44
1.802	13.83	54.44
1.801	13.84	54.44
1.801	13.84	54.44
1.800	13.84	54.44
1.800	13.85	54.43
1.800	13.85	54.43
1.799	13.85	54.43
1.799	13.86	54.43
1.798	13.87	54.43
1.798	13.87	54.43
1.797	13.87	54.43
1.797	13.88	54.43
1.797	13.88	54.43
1.796	13.88	54.43
1.796	13.89	54.43
1.795	13.89	54.43
1.795	13.90	54.43
1.794	13.89	54.43
1.794	13.90	54.43
1.794	13.90	54.43
1.793	13.90	54.43
1.793	13.90	54.43
1.792	13.91	54.43
1.792	13.91	54.43
1.791	13.92	54.43
1.791	13.92	54.43
1.790	13.93	54.43
1.789	13.93	54.43
1.789	13.94	54.43
1.789	13.94	54.43
1.788	13.95	54.43
1.787	13.96	54.43
1.787	13.96	54.43
1.786	13.97	54.43
1.786	13.97	54.43
1.785	13.98	54.43
1.785	13.98	54.43
1.785	13.98	54.43
1.784	13.98	54.43
1.784	13.98	54.43
1.784	13.98	54.43
1.784	13.98	54.43
1.784	13.98	54.43
1.783	13.99	54.43
1.782	13.99	54.43
1.782	14.00	54.43
1.782	14.00	54.43
1.781	14.00	54.43
1.781	14.01	54.43
1.781	14.00	54.43
1.780	14.02	54.43
1.780	14.02	54.43
1.780	14.02	54.43
1.779	14.02	54.43
1.779	14.03	54.43
1.778	14.04	54.43
1.778	14.04	54.42
1.778	14.05	54.42
1.777	14.04	54.42
1.777	14.05	54.42
1.777	14.05	54.42
1.776	14.05	54.42
1.776	14.05	54.42
1.776	14.06	54.42
1.775	14.06	54.42
1.775	14.06	54.42
1.775	14.06	54.42
1.774	14.07	54.42
1.774	14.07	54.42
1.774	14.07	54.42
1.774	14.07	54.42
1.773	14.08	54.42
1.773	14.08	54.42
1.773	14.08	54.42
1.772	14.09	54.42
1.772	14.09	54.42
1.772	14.09	54.42
1.772	14.09	54.42
1.771	14.09	54.42
1.771	14.10	54.42
1.771	14.09	54.42
1.771	14.10	54.42
1.771	14.10	54.42
1.771	14.10	54.42
1.771	14.11	54.42
1.770	14.12	54.41
1.769	14.12	54.41
1.768	14.13	54.41
1.768	14.13	54.41
1.767	14.13	54.41
1.767	14.13	54.41
1.766	14.15	54.41
1.765	14.15	54.41
1.763	14.17	54.41
1.762	14.18	54.41
1.761	14.18	54.41
1.761	14.19	54.41
1.761	14.19	54.41
1.761	14.18	54.41
1.761	14.19	54.41
1.761	14.19	54.41
1.761	14.19	54.41
1.761	14.19	54.41
1.760	14.19	54.41
1.760	14.19	54.41
1.760	14.20	54.41
1.760	14.20	54.41
1.759	14.21	54.41
1.759	14.21	54.41
1.758	14.22	54.41
1.758	14.22	54.41
1.757	14.23	54.41
1.756	14.24	54.40
1.756	14.25	54.40
1.755	14.26	54.40
1.755	14.25	54.40
1.754	14.25	54.40
1.754	14.25	54.40
1.754	14.25	54.40
1.754	14.25	54.40
1.754	14.26	54.40
1.754	14.26	54.40
1.754	14.26	54.40
1.754	14.26	54.40
1.754	14.27	54.40
1.754	14.27	54.40
1.754	14.27	54.40
1.754	14.27	54.40
1.753	14.28	54.40
1.752	14.30	54.40
1.751	14.29	54.40
1.751	14.30	54.40
1.751	14.30	54.40
1.750	14.30	54.40
1.750	14.30	54.40
1.750	14.30	54.40
1.749	14.30	54.40
1.749	14.31	54.40
1.749	14.31	54.40
1.748	14.31	54.40
1.747	14.32	54.40
1.747	14.32	54.40
1.746	14.33	54.40
1.746	14.33	54.40
1.746	14.34	54.40
1.745	14.34	54.40
1.745	14.34	54.40
1.744	14.35	54.40
1.743	14.35	54.40
1.743	14.36	54.40
1.743	14.36	54.40
1.742	14.36	54.40
1.741	14.37	54.40
1.741	14.38	54.40
1.741	14.37	54.40
1.740	14.37	54.40
1.740	14.38	54.40
1.739	14.39	54.40
1.739	14.40	54.40
1.738	14.40	54.40
1.738	14.40	54.40
1.738	14.40	54.40
1.738	14.40	54.40
1.738	14.41	54.39
1.737	14.41	54.39
1.736	14.42	54.39
1.735	14.42	54.39
1.735	14.42	54.39
1.735	14.43	54.39
1.734	14.43	54.39
1.733	14.44	54.39
1.732	14.45	54.39
1.732	14.44	54.39
1.732	14.45	54.39
1.732	14.47	54.39
1.731	14.47	54.39
1.731	14.47	54.39
1.730	14.47	54.39
1.730	14.47	54.39
1.729	14.48	54.39
1.729	14.49	54.39
1.729	14.50	54.39
1.728	14.51	54.39
1.728	14.51	54.39
1.728	14.51	54.39
1.728	14.51	54.39
1.727	14.52	54.39
1.727	14.52	54.39
1.727	14.52	54.39
1.726	14.52	54.38
1.726	14.52	54.38
1.725	14.52	54.38
1.725	14.53	54.38
1.724	14.53	54.38
1.724	14.54	54.38
1.723	14.55	54.38
1.723	14.55	54.38
1.723	14.55	54.38
1.723	14.54	54.38
1.722	14.55	54.38
1.722	14.55	54.38
1.722	14.56	54.38
1.721	14.57	54.38
1.721	14.56	54.38
1.721	14.57	54.38
1.720	14.57	54.38
1.720	14.58	54.38
1.720	14.58	54.38
1.719	14.59	54.38
1.719	14.58	54.37
1.718	14.59	54.37
1.718	14.59	54.37
1.717	14.60	54.37
1.717	14.60	54.37
1.716	14.61	54.37
1.716	14.61	54.37
1.715	14.62	54.37
1.714	14.62	54.37
1.714	14.63	54.37
1.713	14.64	54.37
1.712	14.65	54.37
1.712	14.65	54.37
1.712	14.65	54.37
1.711	14.65	54.37
1.711	14.66	54.37
1.710	14.66	54.37
1.710	14.67	54.37
1.709	14.68	54.37
1.709	14.69	54.37
1.708	14.69	54.37
1.708	14.70	54.37
1.707	14.71	54.37
1.706	14.72	54.37
1.706	14.72	54.37
1.706	14.72	54.37
1.706	14.72	54.37
1.705	14.71	54.37
1.705	14.72	54.37
1.704	14.73	54.37
1.704	14.73	54.37
1.703	14.73	54.37
1.703	14.75	54.37
1.703	14.74	54.37
1.703	14.75	54.37
1.702	14.75	54.37
1.702	14.75	54.37
1.701	14.75	54.37
1.701	14.76	54.37
1.700	14.76	54.37
1.700	14.77	54.37
1.699	14.77	54.37
1.699	14.77	54.37
1.698	14.78	54.37
1.698	14.78	54.37
1.698	14.78	54.37
1.697	14.79	54.37
1.697	14.79	54.37
1.696	14.80	54.37
1.696	14.81	54.37
1.695	14.81	54.36
1.695	14.81	54.36
1.694	14.81	54.36
1.694	14.81	54.36
1.693	14.82	54.36
1.693	14.83	54.36
1.693	14.83	54.36
1.693	14.83	54.36
1.693	14.84	54.36
1.692	14.84	54.36
1.692	14.84	54.36
1.691	14.84	54.36
1.690	14.85	54.36
1.689	14.87	54.36
1.688	14.87	54.36
1.687	14.88	54.36
1.687	14.89	54.36
1.686	14.89	54.36
1.685	14.90	54.36
1.685	14.90	54.36
1.684	14.91	54.36
1.683	14.92	54.36
1.683	14.92	54.36
1.683	14.93	54.36
1.682	14.93	54.36
1.682	14.93	54.36
1.681	14.94	54.36
1.681	14.95	54.35
1.680	14.95	54.35
1.680	14.95	54.35
1.680	14.95	54.35
1.680	14.96	54.35
1.679	14.96	54.35
1.679	14.96	54.35
1.678	14.97	54.35
1.678	14.97	54.35
1.678	14.97	54.35
1.678	14.97	54.35
1.678	14.98	54.35
1.677	14.98	54.35
1.677	14.98	54.35
1.676	14.98	54.35
1.676	14.99	54.35
1.676	15.00	54.35
1.675	15.00	54.35
1.675	15.00	54.35
1.675	15.00	54.35
1.674	15.01	54.35
1.674	15.02	54.35
1.674	15.01	54.35
1.674	15.02	54.35
1.673	15.02	54.35
1.673	15.02	54.34
1.672	15.03	54.34
1.672	15.04	54.34
1.672	15.04	54.34
1.671	15.05	54.34
1.671	15.06	54.34
1.670	15.05	54.34
1.670	15.05	54.34
1.670	15.06	54.34
1.670	15.06	54.34
1.669	15.06	54.34
1.669	15.07	54.34
1.669	15.07	54.34
1.668	15.08	54.34
1.668	15.08	54.34
1.667	15.09	54.34
1.667	15.09	54.34
1.666	15.09	54.34
1.666	15.10	54.34
1.665	15.11	54.34
1.665	15.11	54.34
1.665	15.12	54.34
1.664	15.12	54.34
1.663	15.12	54.34
1.662	15.13	54.34
1.662	15.13	54.34
1.661	15.13	54.34
1.660	15.15	54.34
1.660	15.15	54.34
1.660	15.16	54.34
1.660	15.16	54.34
1.659	15.16	54.34
1.659	15.17	54.34
1.659	15.17	54.34
1.659	15.17	54.34
1.658	15.18	54.34
1.658	15.18	54.34
1.657	15.20	54.34
1.657	15.19	54.34
1.657	15.20	54.34
1.657	15.19	54.34
1.657	15.20	54.34
1.656	15.20	54.34
1.656	15.20	54.34
1.656	15.20	54.34
1.656	15.20	54.34
1.656	15.21	54.34
1.655	15.21	54.34
1.655	15.21	54.33
1.655	15.22	54.34
1.655	15.22	54.33
1.654	15.21	54.33
1.654	15.22	54.33
1.654	15.23	54.33
1.653	15.23	54.33
1.653	15.23	54.33
1.652	15.24	54.33
1.652	15.24	54.33
1.651	15.24	54.33
1.651	15.24	54.33
1.650	15.24	54.33
1.650	15.25	54.33
1.650	15.25	54.33
1.649	15.25	54.33
1.649	15.26	54.33
1.649	15.26	54.33
1.648	15.27	54.33
1.648	15.27	54.33
1.647	15.28	54.33
1.647	15.29	54.33
1.646	15.29	54.33
1.646	15.29	54.33
1.645	15.29	54.33
1.645	15.30	54.33
1.645	15.31	54.33
1.644	15.32	54.33
1.643	15.33	54.33
1.642	15.34	54.33
1.641	15.34	54.33
1.641	15.35	54.33
1.641	15.34	54.32
1.640	15.35	54.32
1.639	15.37	54.32
1.639	15.37	54.32
1.639	15.37	54.32
1.639	15.37	54.32
1.639	15.37	54.32
1.639	15.38	54.32
1.639	15.37	54.32
1.639	15.37	54.32
1.639	15.38	54.32
1.639	15.38	54.32
1.639	15.38	54.32
1.638	15.38	54.32
1.638	15.38	54.32
1.637	15.38	54.32
1.637	15.39	54.32
1.637	15.39	54.32
1.637	15.39	54.32
1.637	15.40	54.32
1.636	15.40	54.32
1.636	15.40	54.32
1.636	15.40	54.32
1.636	15.40	54.32
1.635	15.41	54.31
1.635	15.42	54.31
1.634	15.43	54.31
1.634	15.43	54.31
1.633	15.43	54.31
1.633	15.44	54.31
1.632	15.44	54.31
1.632	15.45	54.31
1.632	15.45	54.31
1.631	15.46	54.31
1.630	15.46	54.31
1.630	15.46	54.31
1.629	15.47	54.31
1.629	15.48	54.31
1.628	15.48	54.31
1.628	15.48	54.31
1.627	15.49	54.31
1.627	15.50	54.31
1.626	15.51	54.31
1.625	15.51	54.31
1.625	15.51	54.31
1.624	15.52	54.31
1.622	15.54	54.31
1.620	15.57	54.31
1.618	15.59	54.31
1.617	15.59	54.31
1.617	15.60	54.31
1.617	15.59	54.31
1.617	15.59	54.31
1.617	15.60	54.31
1.616	15.61	54.31
1.616	15.62	54.31
1.616	15.62	54.31
1.615	15.63	54.31
1.615	15.63	54.31
1.614	15.64	54.31
1.614	15.65	54.31
1.613	15.65	54.31
1.613	15.65	54.31
1.612	15.65	54.31
1.612	15.66	54.31
1.611	15.66	54.31
1.611	15.67	54.31
1.611	15.67	54.31
1.611	15.67	54.31
1.611	15.67	54.31
1.610	15.67	54.31
1.610	15.67	54.31
1.610	15.68	54.31
1.610	15.68	54.31
1.609	15.68	54.31
1.609	15.68	54.31
1.609	15.68	54.31
1.609	15.68	54.31
1.609	15.69	54.31
1.609	15.69	54.31
1.609	15.69	54.31
1.609	15.70	54.30
1.608	15.70	54.30
1.608	15.70	54.30
1.607	15.71	54.30
1.607	15.71	54.30
1.607	15.72	54.30
1.607	15.72	54.30
1.606	15.73	54.30
1.605	15.73	54.30
1.604	15.75	54.30
1.603	15.75	54.30
1.602	15.76	54.30
1.602	15.76	54.30
1.601	15.77	54.30
1.601	15.78	54.30
1.601	15.78	54.30
1.601	15.78	54.30
1.600	15.78	54.30
1.600	15.79	54.30
1.600	15.79	54.30
1.600	15.79	54.30
1.600	15.79	54.30
1.600	15.79	54.30
1.600	15.79	54.30
1.601	15.79	54.30
1.601	15.79	54.30
1.601	15.79	54.30
1.601	15.80	54.30
1.601	15.79	54.30
1.601	15.79	54.30
1.601	15.79	54.29
1.601	15.79	54.29
1.601	15.79	54.29
1.601	15.79	54.29
1.601	15.79	54.29
1.601	15.79	54.29
1.601	15.79	54.29
1.601	15.79	54.29
1.601	15.79	54.29
1.601	15.79	54.29
1.601	15.79	54.29
1.601	15.79	54.29
1.601	15.79	54.29
1.601	15.79	54.29
1.601	15.79	54.29
1.601	15.79	54.29
1.601	15.79	54.29
1.601	15.79	54.29
1.601	15.79	54.29
1.601	15.79	54.29
1.601	15.79	54.29
1.601	15.80	54.29
1.601	15.79	54.29
1.601	15.80	54.29
1.600	15.79	54.29
1.600	15.80	54.29
1.601	15.80	54.29
1.600	15.80	54.29
1.600	15.80	54.29
1.600	15.80	54.28
1.600	15.80	54.28
1.600	15.80	54.28
1.600	15.80	54.28
1.600	15.80	54.28
1.600	15.80	54.28
1.600	15.80	54.28
1.600	15.80	54.28
1.600	15.80	54.28
1.600	15.81	54.28
1.600	15.81	54.28
1.599	15.81	54.28
1.598	15.81	54.28
1.597	15.82	54.28
1.596	15.84	54.28
1.595	15.86	54.28
1.594	15.86	54.28
1.593	15.88	54.28
1.592	15.89	54.28
1.592	15.90	54.28
1.591	15.91	54.28
1.590	15.91	54.28
1.590	15.92	54.28
1.590	15.92	54.28
1.590	15.93	54.28
1.590	15.93	54.28
1.590	15.93	54.28
1.590	15.93	54.28
1.590	15.93	54.28
1.590	15.93	54.28
1.590	15.93	54.28
1.590	15.93	54.28
1.590	15.93	54.28
1.590	15.94	54.28
1.590	15.93	54.28
1.590	15.92	54.28
1.590	15.92	54.28
1.590	15.92	54.28
1.590	15.92	54.28
1.590	15.92	54.28
1.590	15.92	54.28
1.590	15.92	54.28
1.590	15.92	54.28
1.590	15.91	54.28
1.590	15.92	54.28
1.590	15.92	54.28
1.590	15.92	54.28
1.590	15.92	54.28
1.590	15.92	54.28
1.590	15.92	54.28
1.590	15.92	54.28
1.590	15.92	54.28
1.590	15.92	54.28
1.590	15.92	54.28
1.590	15.91	54.28
1.590	15.92	54.28
1.590	15.92	54.28
1.590	15.92	54.28
1.590	15.92	54.28
1.590	15.92	54.27
1.590	15.92	54.27
1.590	15.92	54.27
1.590	15.92	54.27
1.590	15.92	54.27
1.590	15.92	54.27
1.590	15.92	54.27
1.590	15.92	54.27
1.590	15.92	54.27
1.590	15.92	54.27
1.590	15.92	54.27
1.590	15.92	54.27
1.590	15.91	54.27
1.590	15.91	54.27
1.590	15.92	54.27
1.590	15.91	54.27
1.590	15.92	54.27
1.590	15.91	54.27
1.590	15.92	54.27
1.590	15.91	54.27
1.590	15.91	54.27
1.590	15.91	54.27
1.590	15.91	54.27
1.590	15.91	54.27
1.590	15.91	54.27
1.590	15.91	54.27
1.590	15.90	54.27
1.590	15.91	54.27
1.590	15.91	54.27
1.590	15.91	54.27
1.590	15.90	54.27
1.590	15.91	54.27
1.590	15.90	54.27
1.590	15.91	54.26
1.590	15.91	54.26
1.590	15.91	54.26
1.590	15.90	54.26
1.590	15.91	54.26
1.590	15.91	54.26
1.590	15.91	54.26
1.590	15.91	54.26
1.590	15.91	54.26
1.590	15.91	54.26
1.590	15.91	54.26
1.590	15.91	54.26
1.590	15.91	54.26
1.590	15.91	54.26
1.590	15.91	54.26
1.590	15.91	54.26
1.590	15.91	54.26
1.590	15.91	54.26
1.590	15.91	54.26
1.590	15.91	54.26
1.590	15.91	54.26
1.590	15.91	54.26
1.590	15.91	54.26
1.590	15.91	54.25
1.590	15.92	54.25
1.589	15.93	54.25
1.589	15.93	54.25
1.588	15.93	54.25
1.588	15.94	54.25
1.587	15.94	54.25
1.587	15.95	54.25
1.587	15.95	54.25
1.587	15.95	54.25
1.586	15.96	54.25
1.586	15.96	54.25
1.586	15.97	54.25
1.585	15.97	54.25
1.585	15.97	54.25
1.584	15.98	54.25
1.584	15.97	54.25
1.584	15.98	54.25
1.583	15.99	54.25
1.583	16.01	54.25
1.583	16.01	54.25
1.583	16.01	54.25
1.582	16.02	54.25
1.582	16.02	54.25
1.582	16.03	54.25
1.581	16.03	54.25
1.581	16.03	54.25
1.581	16.03	54.25
1.581	16.03	54.25
1.580	16.03	54.25
1.580	16.03	54.25
1.580	16.04	54.25
1.580	16.04	54.25
1.580	16.04	54.25
1.580	16.04	54.25
1.580	16.05	54.25
1.580	16.04	54.25
1.580	16.05	54.25
1.579	16.05	54.25
1.579	16.05	54.25
1.578	16.05	54.25
1.578	16.06	54.25
1.578	16.06	54.25
1.578	16.06	54.25
1.577	16.07	54.25
1.577	16.07	54.25
1.577	16.08	54.25
1.576	16.08	54.25
1.576	16.08	54.25
1.576	16.08	54.25
1.576	16.08	54.25
1.576	16.08	54.25
1.576	16.08	54.25
1.576	16.08	54.25
1.576	16.08	54.24
1.576	16.08	54.25
1.576	16.08	54.24
1.575	16.08	54.24
1.575	16.08	54.24
1.575	16.08	54.24
1.575	16.08	54.24
1.575	16.08	54.24
1.575	16.08	54.24
1.574	16.09	54.24
1.575	16.09	54.24
1.574	16.09	54.24
1.574	16.09	54.24
1.574	16.09	54.24
1.574	16.09	54.24
1.574	16.09	54.24
1.574	16.09	54.24
1.573	16.09	54.24
1.573	16.09	54.24
1.573	16.10	54.24
1.573	16.10	54.24
1.573	16.10	54.24
1.573	16.10	54.24
1.573	16.10	54.24
1.573	16.10	54.24
1.573	16.11	54.24
1.572	16.11	54.24
1.572	16.11	54.24
1.571	16.11	54.24
1.571	16.11	54.24
1.571	16.12	54.23
1.571	16.12	54.24
1.571	16.11	54.23
1.571	16.11	54.23
1.571	16.12	54.23
1.571	16.12	54.23
1.571	16.12	54.23
1.571	16.12	54.23
1.571	16.12	54.23
1.571	16.12	54.23
1.571	16.12	54.23
1.571	16.12	54.23
1.571	16.12	54.23
1.571	16.12	54.23
1.571	16.12	54.23
1.571	16.12	54.23
1.570	16.13	54.23
1.570	16.13	54.23
1.569	16.14	54.23
1.568	16.14	54.23
1.567	16.15	54.23
1.567	16.15	54.23
1.567	16.15	54.23
1.567	16.15	54.23
1.567	16.15	54.23
1.567	16.15	54.23
1.567	16.15	54.23
1.567	16.16	54.23
1.567	16.16	54.22
1.566	16.17	54.22
1.566	16.17	54.22
1.565	16.18	54.22
1.565	16.18	54.22
1.565	16.19	54.22
1.564	16.19	54.22
1.563	16.20	54.22
1.562	16.21	54.22
1.562	16.22	54.22
1.562	16.22	54.22
1.561	16.22	54.22
1.560	16.23	54.22
1.560	16.24	54.22
1.558	16.26	54.22
1.557	16.28	54.22
1.554	16.32	54.22
1.542	16.45	54.22
1.529	16.57	54.22
1.519	16.69	54.22
1.511	16.76	54.22
1.510	16.79	54.22
1.510	16.79	54.22
1.511	16.79	54.22
1.512	16.79	54.22
1.512	16.79	54.22
1.513	16.79	54.22
1.513	16.79	54.22
1.514	16.79	54.22
1.514	16.79	54.22
1.514	16.79	54.22
1.515	16.79	54.22
1.515	16.79	54.22
1.515	16.79	54.22
1.515	16.79	54.22
1.515	16.78	54.22
1.515	16.79	54.22
1.516	16.79	54.22
1.516	16.79	54.22
1.516	16.79	54.22
1.516	16.78	54.22
1.516	16.78	54.22
1.516	16.78	54.22
1.516	16.78	54.22
1.516	16.78	54.22
1.516	16.78	54.22
1.516	16.78	54.22
1.516	16.78	54.22
1.516	16.78	54.22
1.516	16.78	54.22
1.516	16.78	54.22
1.516	16.78	54.22
1.516	16.78	54.22
1.516	16.77	54.22
1.516	16.77	54.22
1.516	16.77	54.21
1.516	16.77	54.21
1.516	16.77	54.21
1.516	16.77	54.21
1.516	16.77	54.21
1.516	16.77	54.21
1.517	16.77	54.21
1.516	16.77	54.21
1.516	16.77	54.21
1.517	16.77	54.21
1.517	16.77	54.21
1.517	16.77	54.21
1.516	16.77	54.21
1.516	16.77	54.21
1.517	16.77	54.21
1.517	16.77	54.21
1.517	16.77	54.21
1.516	16.77	54.21
1.516	16.77	54.21
1.517	16.78	54.21
1.517	16.79	54.21
1.517	16.79	54.21
1.516	16.79	54.21
1.517	16.79	54.21
1.517	16.79	54.21
1.517	16.80	54.21
1.516	16.80	54.21
1.516	16.80	54.21
1.517	16.80	54.21
1.517	16.80	54.21
1.517	16.80	54.21
1.516	16.80	54.21
1.516	16.80	54.20
1.517	16.80	54.20
1.517	16.80	54.21
1.517	16.80	54.20
1.516	16.80	54.20
1.516	16.81	54.20
1.516	16.81	54.20
1.516	16.81	54.20
1.516	16.80	54.20
1.516	16.81	54.20
1.516	16.81	54.20
1.516	16.80	54.20
1.516	16.80	54.20
1.516	16.81	54.20
1.516	16.81	54.20
1.517	16.80	54.20
1.517	16.80	54.20
1.517	16.81	54.20
1.516	16.81	54.20
1.516	16.81	54.20
1.517	16.81	54.20
1.517	16.81	54.20
1.517	16.81	54.19
1.516	16.81	54.19
1.516	16.81	54.19
1.516	16.81	54.19
1.516	16.82	54.19
1.516	16.81	54.19
1.516	16.82	54.19
1.516	16.81	54.19
1.516	16.81	54.19
1.516	16.82	54.19
1.516	16.81	54.19
1.516	16.82	54.19
1.516	16.82	54.19
1.516	16.82	54.19
1.516	16.81	54.19
1.516	16.82	54.19
1.516	16.82	54.19
1.516	16.82	54.19
1.516	16.82	54.19
1.516	16.82	54.19
1.516	16.81	54.19
1.516	16.81	54.19
1.517	16.81	54.19
1.517	16.81	54.19
1.516	16.81	54.19
1.516	16.80	54.19
1.517	16.80	54.19
1.517	16.79	54.19
1.517	16.79	54.19
1.516	16.79	54.19
1.517	16.79	54.19
1.516	16.79	54.19
1.517	16.79	54.19
1.516	16.79	54.19
1.516	16.79	54.19
1.516	16.79	54.19
1.517	16.79	54.19
1.517	16.79	54.19
1.516	16.79	54.19
1.516	16.79	54.19
1.517	16.79	54.19
1.517	16.79	54.19
1.516	16.79	54.19
1.516	16.79	54.19
1.516	16.79	54.19
1.517	16.79	54.19
1.517	16.79	54.19
1.516	16.79	54.19
1.517	16.79	54.19
1.517	16.78	54.19
1.517	16.78	54.18
1.517	16.78	54.18
1.517	16.78	54.18
1.517	16.78	54.18
1.517	16.78	54.18
1.517	16.78	54.18
1.517	16.78	54.18
1.517	16.78	54.18
1.517	16.78	54.18
1.517	16.78	54.18
1.517	16.78	54.18
1.517	16.78	54.18
1.517	16.78	54.18
1.517	16.78	54.18
1.517	16.78	54.18
1.517	16.78	54.18
1.517	16.78	54.18
1.517	16.78	54.18
1.517	16.78	54.18
1.517	16.77	54.18
1.517	16.78	54.18
1.517	16.78	54.18
1.517	16.78	54.18
1.517	16.77	54.18
1.517	16.77	54.18
1.517	16.77	54.18
1.517	16.77	54.17
1.517	16.77	54.17
1.517	16.77	54.17
1.517	16.77	54.17
1.517	16.77	54.17
1.517	16.77	54.17
1.517	16.77	54.17
1.517	16.77	54.17
1.517	16.77	54.17
1.517	16.77	54.17
1.517	16.77	54.17
1.517	16.77	54.17
1.517	16.77	54.17
1.517	16.77	54.17
1.517	16.77	54.17
1.517	16.77	54.17
1.517	16.77	54.17
1.517	16.77	54.17
1.517	16.77	54.17
1.517	16.77	54.17
1.517	16.76	54.17
1.517	16.77	54.17
1.517	16.76	54.17
1.517	16.76	54.17
1.517	16.76	54.17
1.517	16.76	54.17
1.517	16.76	54.17
1.517	16.77	54.17
1.517	16.77	54.17
1.517	16.77	54.17
1.517	16.77	54.17
1.517	16.77	54.17
1.517	16.77	54.17
1.517	16.77	54.17
1.517	16.77	54.17
1.517	16.77	54.17
1.517	16.77	54.17
1.516	16.77	54.17
1.516	16.78	54.17
1.516	16.77	54.17
1.516	16.78	54.17
1.516	16.78	54.17
1.516	16.79	54.17
1.516	16.79	54.17
1.516	16.79	54.17
1.515	16.80	54.17
1.515	16.81	54.17
1.515	16.81	54.17
1.514	16.82	54.17
1.514	16.83	54.17
1.514	16.83	54.17
1.513	16.83	54.17
1.513	16.83	54.17
1.513	16.83	54.16
1.513	16.83	54.16
1.513	16.84	54.16
1.512	16.84	54.16
1.512	16.84	54.16
1.511	16.85	54.16
1.511	16.86	54.16
1.510	16.86	54.16
1.510	16.88	54.16
1.509	16.88	54.16
1.509	16.89	54.16
1.509	16.89	54.16
1.508	16.90	54.16
1.508	16.91	54.16
1.507	16.91	54.16
1.506	16.92	54.16
1.506	16.93	54.16
1.505	16.94	54.16
1.505	16.95	54.16
1.504	16.96	54.16
1.504	16.96	54.16
1.503	16.97	54.16
1.503	16.97	54.16
1.503	16.97	54.16
1.502	16.97	54.16
1.502	16.98	54.16
1.502	16.99	54.16
1.502	16.99	54.16
1.501	16.99	54.16
1.501	17.00	54.15
1.500	17.00	54.16
1.500	17.00	54.15
1.500	17.01	54.15
1.500	17.01	54.15
1.500	17.01	54.15
1.499	17.01	54.15
1.499	17.01	54.15
1.498	17.02	54.15
1.498	17.02	54.15
1.498	17.02	54.15
1.498	17.02	54.15
1.498	17.02	54.15
1.498	17.02	54.15
1.498	17.03	54.15
1.497	17.03	54.15
1.497	17.03	54.15
1.497	17.03	54.15
1.497	17.03	54.15
1.497	17.03	54.15
1.497	17.03	54.15
1.497	17.03	54.15
1.497	17.03	54.15
1.496	17.04	54.15
1.496	17.04	54.15
1.495	17.05	54.15
1.495	17.05	54.15
1.495	17.05	54.15
1.495	17.05	54.15
1.495	17.05	54.15
1.494	17.05	54.15
1.494	17.05	54.14
1.494	17.06	54.14
1.494	17.06	54.15
1.493	17.06	54.14
1.493	17.06	54.14
1.493	17.07	54.14
1.493	17.07	54.14
1.493	17.07	54.14
1.492	17.08	54.14
1.492	17.08	54.14
1.491	17.09	54.14
1.491	17.09	54.14
1.490	17.09	54.14
1.490	17.10	54.14
1.490	17.10	54.14
1.490	17.10	54.14
1.489	17.11	54.14
1.489	17.11	54.14
1.489	17.11	54.14
1.489	17.11	54.14
1.489	17.12	54.14
1.489	17.12	54.14
1.488	17.12	54.14
1.488	17.13	54.14
1.488	17.13	54.14
1.487	17.13	54.14
1.487	17.14	54.14
1.487	17.14	54.14
1.486	17.15	54.14
1.486	17.16	54.14
1.486	17.16	54.14
1.485	17.16	54.14
1.485	17.17	54.14
1.484	17.18	54.14
1.484	17.19	54.14
1.484	17.19	54.14
1.484	17.19	54.14
1.483	17.19	54.14
1.483	17.20	54.14
1.483	17.20	54.14
1.483	17.20	54.14
1.482	17.21	54.14
1.482	17.22	54.14
1.481	17.22	54.14
1.481	17.23	54.14
1.480	17.25	54.14
1.479	17.25	54.14
1.479	17.26	54.14
1.479	17.27	54.14
1.478	17.27	54.14
1.478	17.28	54.13
1.478	17.28	54.14
1.477	17.29	54.13
1.477	17.29	54.13
1.477	17.29	54.13
1.476	17.30	54.13
1.475	17.31	54.13
1.474	17.33	54.13
1.473	17.34	54.13
1.473	17.35	54.13
1.473	17.35	54.13
1.473	17.35	54.13
1.473	17.35	54.13
1.473	17.35	54.13
1.473	17.35	54.13
1.472	17.35	54.13
1.473	17.36	54.13
1.472	17.36	54.13
1.472	17.37	54.13
1.470	17.38	54.13
1.469	17.40	54.13
1.468	17.41	54.13
1.467	17.42	54.13
1.467	17.42	54.13
1.466	17.43	54.13
1.465	17.44	54.13
1.465	17.44	54.13
1.464	17.45	54.13
1.464	17.46	54.12
1.463	17.46	54.12
1.463	17.46	54.12
1.463	17.47	54.12
1.462	17.47	54.12
1.462	17.48	54.12
1.462	17.48	54.12
1.462	17.48	54.12
1.462	17.49	54.12
1.461	17.50	54.12
1.461	17.51	54.12
1.460	17.51	54.12
1.460	17.51	54.12
1.460	17.51	54.12
1.459	17.51	54.12
1.459	17.51	54.12
1.459	17.52	54.12
1.459	17.52	54.12
1.458	17.53	54.12
1.458	17.54	54.12
1.457	17.54	54.12
1.457	17.55	54.12
1.456	17.55	54.12
1.455	17.56	54.12
1.455	17.56	54.12
1.455	17.56	54.12
1.455	17.57	54.11
1.455	17.57	54.11
1.454	17.57	54.11
1.454	17.58	54.11
1.453	17.59	54.11
1.453	17.60	54.11
1.452	17.60	54.11
1.452	17.60	54.11
1.452	17.61	54.11
1.452	17.61	54.11
1.451	17.62	54.11
1.450	17.63	54.11
1.450	17.64	54.11
1.449	17.65	54.11
1.449	17.65	54.11
1.449	17.66	54.11
1.449	17.67	54.11
1.448	17.68	54.11
1.448	17.71	54.11
1.448	17.73	54.11
1.448	17.74	54.11
1.447	17.75	54.11
1.447	17.76	54.11
1.447	17.76	54.11
1.446	17.77	54.11
1.446	17.77	54.11
1.446	17.77	54.11
1.445	17.77	54.11
1.445	17.77	54.11
1.445	17.78	54.11
1.444	17.78	54.11
1.444	17.77	54.11
1.444	17.76	54.11
1.444	17.76	54.11
1.443	17.76	54.11
1.443	17.77	54.11
1.442	17.77	54.11
1.442	17.77	54.11
1.441	17.78	54.11
1.441	17.79	54.11
1.440	17.80	54.11
1.440	17.80	54.11
1.440	17.80	54.11
1.439	17.80	54.11
1.439	17.79	54.11
1.438	17.80	54.11
1.437	17.80	54.11
1.436	17.81	54.11
1.436	17.81	54.11
1.436	17.81	54.10
1.435	17.82	54.11
1.435	17.85	54.10
1.435	17.82	54.10
1.434	17.83	54.10
1.434	17.87	54.10
1.433	17.88	54.10
1.433	17.88	54.10
1.433	17.85	54.10
1.432	17.85	54.10
1.432	17.86	54.10
1.431	17.88	54.10
1.431	17.91	54.10
1.430	17.92	54.10
1.429	17.93	54.10
1.429	17.93	54.10
1.429	17.94	54.10
1.429	17.95	54.10
1.428	17.96	54.10
1.428	17.97	54.10
1.428	17.97	54.10
1.428	17.97	54.10
1.427	17.97	54.10
1.427	17.98	54.10
1.427	17.99	54.10
1.427	17.99	54.10
1.426	18.00	54.10
1.426	18.00	54.10
1.426	18.01	54.10
1.425	18.02	54.09
1.425	18.03	54.09
1.425	18.03	54.09
1.424	18.04	54.09
1.424	18.04	54.09
1.423	18.04	54.09
1.423	18.04	54.09
1.423	18.05	54.09
1.423	18.05	54.09
1.422	18.06	54.09
1.422	18.07	54.09
1.421	18.08	54.09
1.421	18.08	54.09
1.420	18.08	54.09
1.420	18.08	54.09
1.420	18.09	54.09
1.420	18.09	54.09
1.420	18.10	54.09
1.419	18.10	54.09
1.419	18.10	54.09
1.419	18.10	54.09
1.419	18.10	54.09
1.419	18.10	54.09
1.418	18.11	54.09
1.418	18.12	54.09
1.417	18.12	54.09
1.417	18.12	54.09
1.416	18.13	54.09
1.416	18.13	54.09
1.416	18.14	54.09
1.416	18.14	54.09
1.415	18.14	54.09
1.415	18.14	54.09
1.415	18.14	54.08
1.414	18.15	54.08
1.414	18.15	54.08
1.414	18.15	54.08
1.413	18.16	54.08
1.413	18.17	54.08
1.413	18.18	54.08
1.412	18.18	54.08
1.412	18.18	54.08
1.411	18.19	54.08
1.411	18.20	54.08
1.411	18.20	54.08
1.411	18.20	54.08
1.411	18.21	54.08
1.410	18.21	54.08
1.410	18.21	54.08
1.410	18.22	54.08
1.410	18.23	54.08
1.410	18.23	54.08
1.409	18.24	54.08
1.409	18.24	54.08
1.409	18.23	54.08
1.408	18.24	54.08
1.408	18.24	54.08
1.408	18.25	54.08
1.407	18.25	54.08
1.407	18.25	54.08
1.407	18.25	54.08
1.406	18.26	54.08
1.406	18.26	54.08
1.406	18.26	54.08
1.405	18.26	54.08
1.405	18.26	54.08
1.405	18.26	54.08
1.405	18.26	54.08
1.404	18.26	54.08
1.404	18.26	54.08
1.403	18.27	54.08
1.403	18.28	54.08
1.403	18.28	54.08
1.403	18.27	54.08
1.402	18.28	54.08
1.402	18.28	54.08
1.402	18.30	54.08
1.402	18.32	54.08
1.401	18.33	54.08
1.401	18.31	54.08
1.401	18.30	54.08
1.400	18.30	54.08
1.400	18.29	54.07
1.400	18.30	54.07
1.399	18.31	54.07
1.399	18.34	54.07
1.398	18.36	54.07
1.397	18.36	54.07
1.397	18.36	54.07
1.396	18.37	54.07
1.396	18.38	54.07
1.396	18.39	54.07
1.395	18.41	54.07
1.395	18.42	54.07
1.394	18.42	54.07
1.394	18.43	54.07
1.394	18.43	54.07
1.394	18.43	54.07
1.394	18.43	54.07
1.394	18.43	54.07
1.393	18.43	54.07
1.393	18.44	54.07
1.393	18.46	54.07
1.392	18.45	54.07
1.392	18.46	54.07
1.392	18.46	54.07
1.392	18.46	54.07
1.392	18.46	54.07
1.392	18.46	54.06
1.391	18.46	54.06
1.391	18.46	54.06
1.391	18.47	54.06
1.391	18.48	54.06
1.390	18.47	54.06
1.390	18.48	54.06
1.390	18.49	54.06
1.390	18.49	54.06
1.389	18.50	54.06
1.389	18.50	54.06
1.389	18.50	54.06
1.388	18.51	54.06
1.388	18.51	54.06
1.388	18.51	54.06
1.387	18.51	54.06
1.387	18.51	54.06
1.387	18.51	54.06
1.386	18.52	54.06
1.386	18.52	54.06
1.386	18.54	54.06
1.385	18.55	54.06
1.385	18.55	54.06
1.384	18.55	54.06
1.384	18.55	54.06
1.384	18.55	54.06
1.383	18.56	54.06
1.383	18.58	54.06
1.382	18.58	54.06
1.382	18.59	54.06
1.382	18.60	54.06
1.382	18.60	54.06
1.381	18.60	54.06
1.381	18.60	54.06
1.381	18.60	54.06
1.381	18.60	54.06
1.381	18.61	54.06
1.380	18.60	54.05
1.380	18.61	54.05
1.380	18.62	54.05
1.380	18.63	54.05
1.379	18.64	54.05
1.379	18.64	54.05
1.379	18.65	54.05
1.379	18.65	54.05
1.378	18.65	54.05
1.378	18.66	54.05
1.378	18.66	54.05
1.378	18.65	54.05
1.378	18.65	54.05
1.377	18.66	54.05
1.377	18.66	54.05
1.377	18.66	54.05
1.377	18.66	54.05
1.376	18.66	54.05
1.376	18.66	54.05
1.376	18.67	54.05
1.375	18.67	54.05
1.375	18.68	54.05
1.375	18.68	54.05
1.374	18.65	54.05
1.373	18.68	54.05
1.373	18.70	54.05
1.373	18.71	54.05
1.373	18.72	54.05
1.372	18.71	54.05
1.372	18.73	54.05
1.372	18.72	54.05
1.371	18.73	54.05
1.371	18.72	54.05
1.371	18.70	54.05
1.370	18.72	54.05
1.370	18.75	54.05
1.370	18.77	54.05
1.369	18.76	54.05
1.369	18.77	54.05
1.369	18.76	54.05
1.369	18.77	54.05
1.368	18.76	54.05
1.368	18.75	54.05
1.367	18.77	54.05
1.366	18.78	54.05
1.365	18.81	54.05
1.365	18.83	54.05
1.365	18.83	54.05
1.364	18.81	54.05
1.364	18.83	54.05
1.364	18.86	54.05
1.363	18.88	54.05
1.363	18.89	54.05
1.362	18.89	54.05
1.362	18.90	54.05
1.361	18.90	54.05
1.361	18.91	54.05
1.360	18.92	54.05
1.360	18.92	54.05
1.360	18.92	54.04
1.360	18.92	54.05
1.359	18.93	54.04
1.359	18.93	54.04
1.359	18.93	54.04
1.359	18.95	54.04
1.358	18.95	54.04
1.358	18.95	54.04
1.358	18.96	54.04
1.357	18.96	54.04
1.357	18.97	54.04
1.357	18.97	54.04
1.356	18.98	54.04
1.356	18.98	54.04
1.356	18.98	54.04
1.356	18.99	54.04
1.356	19.00	54.04
1.355	19.00	54.04
1.355	19.01	54.04
1.355	19.01	54.04
1.354	19.01	54.04
1.354	19.01	54.04
1.354	19.02	54.04
1.354	19.02	54.04
1.353	19.03	54.04
1.353	19.04	54.04
1.353	19.05	54.04
1.352	19.05	54.04
1.352	19.04	54.04
1.352	19.06	54.04
1.352	19.06	54.04
1.352	19.06	54.03
1.352	19.05	54.03
1.351	19.05	54.03
1.351	19.05	54.03
1.350	19.07	54.03
1.350	19.09	54.03
1.350	19.08	54.03
1.350	19.08	54.03
1.349	19.08	54.03
1.349	19.07	54.03
1.349	19.09	54.03
1.348	19.09	54.03
1.348	19.10	54.03
1.347	19.11	54.03
1.347	19.12	54.03
1.347	19.12	54.03
1.347	19.13	54.03
1.346	19.12	54.03
1.346	19.13	54.03
1.346	19.14	54.03
1.345	19.13	54.03
1.345	19.11	54.03
1.344	19.15	54.03
1.344	19.15	54.03
1.344	19.15	54.03
1.343	19.15	54.03
1.343	19.15	54.03
1.343	19.15	54.03
1.343	19.14	54.03
1.342	19.17	54.03
1.342	19.16	54.02
1.341	19.16	54.02
1.341	19.17	54.02
1.341	19.18	54.02
1.341	19.19	54.02
1.341	19.21	54.02
1.341	19.21	54.02
1.341	19.22	54.02
1.341	19.20	54.02
1.340	19.21	54.02
1.340	19.22	54.02
1.340	19.23	54.02
1.339	19.23	54.02
1.339	19.22	54.02
1.339	19.23	54.02
1.339	19.23	54.02
1.338	19.23	54.02
1.338	19.23	54.02
1.337	19.26	54.02
1.337	19.27	54.02
1.336	19.28	54.02
1.336	19.29	54.02
1.336	19.29	54.02
1.335	19.29	54.02
1.335	19.30	54.02
1.334	19.31	54.02
1.334	19.31	54.02
1.334	19.32	54.02
1.334	19.33	54.02
1.333	19.33	54.02
1.333	19.34	54.02
1.333	19.35	54.02
1.333	19.36	54.02
1.332	19.36	54.02
1.332	19.37	54.02
1.332	19.37	54.02
1.332	19.38	54.02
1.331	19.38	54.02
1.331	19.39	54.02
1.331	19.40	54.02
1.330	19.41	54.02
1.330	19.42	54.02
1.330	19.42	54.02
1.330	19.43	54.02
1.329	19.43	54.02
1.329	19.42	54.02
1.329	19.42	54.02
1.328	19.43	54.02
1.328	19.43	54.02
1.328	19.44	54.02
1.327	19.45	54.01
1.327	19.45	54.01
1.326	19.46	54.01
1.326	19.47	54.01
1.326	19.47	54.01
1.326	19.47	54.01
1.326	19.47	54.01
1.326	19.47	54.01
1.326	19.47	54.01
1.325	19.48	54.01
1.325	19.48	54.01
1.325	19.48	54.01
1.324	19.48	54.01
1.324	19.49	54.01
1.324	19.50	54.01
1.323	19.50	54.01
1.323	19.51	54.01
1.323	19.52	54.01
1.322	19.52	54.01
1.322	19.54	54.01
1.322	19.54	54.01
1.321	19.54	54.01
1.321	19.55	54.01
1.320	19.56	54.01
1.320	19.56	54.01
1.320	19.56	54.01
1.320	19.56	54.01
1.319	19.56	54.01
1.319	19.55	54.01
1.319	19.55	54.01
1.319	19.55	54.00
1.318	19.55	54.00
1.318	19.56	54.00
1.318	19.54	54.00
1.318	19.51	54.00
1.317	19.56	54.00
1.317	19.57	54.00
1.316	19.59	54.00
1.316	19.61	54.00
1.315	19.59	54.00
1.314	19.57	54.00
1.314	19.57	54.00
1.313	19.62	54.00
1.313	19.64	54.00
1.312	19.67	54.00
1.312	19.70	54.00
1.311	19.69	54.00
1.311	19.71	54.00
1.311	19.72	54.00
1.310	19.71	54.00
1.310	19.67	54.00
1.310	19.67	54.00
1.309	19.71	54.00
1.309	19.73	54.00
1.308	19.74	54.00
1.307	19.74	54.00
1.307	19.75	54.00
1.307	19.75	54.00
1.306	19.76	54.00
1.305	19.78	54.00
1.305	19.79	54.00
1.305	19.80	54.00
1.305	19.84	53.99
1.304	19.84	53.99
1.304	19.84	53.99
1.304	19.84	53.99
1.303	19.84	53.99
1.302	19.86	53.99
1.301	19.89	53.99
1.300	19.90	53.99
1.299	19.90	53.99
1.299	19.89	53.99
1.299	19.90	53.99
1.298	19.91	53.99
1.298	19.91	53.99
1.298	19.92	53.99
1.297	19.92	53.99
1.297	19.94	53.99
1.297	19.96	53.99
1.297	19.97	53.99
1.296	19.97	53.99
1.296	19.99	53.99
1.296	19.99	53.99
1.295	20.00	53.99
1.295	20.01	53.99
1.295	20.00	53.99
1.294	20.00	53.99
1.294	20.01	53.99
1.294	20.03	53.99
1.294	20.03	53.99
1.293	20.01	53.99
1.293	20.01	53.99
1.293	20.01	53.99
1.292	20.01	53.99
1.292	20.03	53.99
1.292	20.06	53.99
1.291	20.06	53.99
1.291	20.06	53.99
1.291	20.04	53.99
1.290	20.06	53.99
1.290	20.09	53.99
1.289	20.09	53.99
1.289	20.10	53.99
1.289	20.09	53.99
1.288	20.09	53.99
1.287	20.09	53.99
1.286	20.09	53.99
1.285	20.11	53.99
1.285	20.14	53.99
1.285	20.15	53.99
1.284	20.14	53.99
1.284	20.15	53.99
1.284	20.19	53.99
1.283	20.19	53.99
1.283	20.21	53.99
1.283	20.21	53.99
1.282	20.22	53.99
1.282	20.21	53.99
1.282	20.21	53.99
1.281	20.23	53.99
1.281	20.24	53.99
1.281	20.25	53.98
1.280	20.25	53.98
1.280	20.25	53.98
1.279	20.27	53.98
1.279	20.28	53.98
1.278	20.29	53.98
1.278	20.31	53.98
1.277	20.31	53.98
1.277	20.31	53.98
1.277	20.31	53.98
1.277	20.31	53.98
1.276	20.32	53.98
1.276	20.34	53.98
1.275	20.36	53.98
1.275	20.36	53.98
1.274	20.38	53.98
1.274	20.39	53.98
1.274	20.41	53.98
1.273	20.41	53.98
1.273	20.42	53.98
1.273	20.41	53.98
1.273	20.42	53.98
1.273	20.42	53.98
1.272	20.43	53.98
1.272	20.43	53.98
1.272	20.43	53.98
1.271	20.44	53.98
1.271	20.44	53.98
1.271	20.45	53.98
1.271	20.45	53.97
1.270	20.47	53.97
1.270	20.48	53.97
1.270	20.48	53.97
1.269	20.49	53.97
1.269	20.49	53.97
1.269	20.48	53.97
1.269	20.49	53.97
1.269	20.51	53.97
1.268	20.50	53.97
1.268	20.53	53.97
1.268	20.54	53.97
1.268	20.52	53.97
1.268	20.53	53.97
1.267	20.54	53.97
1.267	20.55	53.97
1.266	20.55	53.97
1.266	20.55	53.97
1.266	20.55	53.97
1.265	20.56	53.97
1.265	20.57	53.97
1.265	20.58	53.97
1.264	20.59	53.97
1.264	20.60	53.97
1.264	20.60	53.97
1.263	20.61	53.97
1.263	20.61	53.97
1.263	20.60	53.97
1.262	20.60	53.96
1.262	20.60	53.96
1.262	20.60	53.96
1.261	20.61	53.96
1.261	20.62	53.96
1.261	20.63	53.96
1.260	20.63	53.96
1.260	20.64	53.96
1.260	20.65	53.96
1.260	20.67	53.96
1.259	20.66	53.96
1.259	20.67	53.96
1.259	20.67	53.96
1.259	20.67	53.96
1.259	20.67	53.96
1.258	20.68	53.96
1.258	20.69	53.96
1.258	20.69	53.96
1.257	20.70	53.96
1.257	20.71	53.96
1.256	20.73	53.96
1.256	20.73	53.96
1.255	20.73	53.96
1.255	20.75	53.96
1.254	20.77	53.96
1.254	20.77	53.96
1.254	20.77	53.96
1.254	20.76	53.96
1.254	20.77	53.96
1.253	20.78	53.96
1.253	20.80	53.96
1.252	20.81	53.96
1.252	20.80	53.96
1.252	20.81	53.96
1.251	20.81	53.96
1.250	20.82	53.96
1.250	20.84	53.96
1.250	20.85	53.96
1.250	20.85	53.96
1.249	20.86	53.96
1.248	20.88	53.96
1.247	20.88	53.96
1.247	20.87	53.96
1.246	20.88	53.96
1.246	20.89	53.96
1.245	20.90	53.96
1.245	20.91	53.96
1.245	20.92	53.96
1.245	20.93	53.96
1.245	20.93	53.95
1.245	20.92	53.95
1.245	20.94	53.95
1.244	20.94	53.95
1.244	20.96	53.95
1.243	20.98	53.95
1.242	20.98	53.95
1.242	20.99	53.95
1.241	21.00	53.95
1.240	21.01	53.95
1.240	21.02	53.95
1.240	21.02	53.95
1.239	21.02	53.95
1.239	21.03	53.95
1.238	21.04	53.95
1.238	21.05	53.95
1.237	21.06	53.95
1.236	21.05	53.95
1.236	21.07	53.95
1.235	21.08	53.95
1.234	21.08	53.95
1.234	21.07	53.95
1.233	21.10	53.95
1.233	21.11	53.95
1.232	21.13	53.95
1.232	21.15	53.95
1.231	21.17	53.94
1.231	21.18	53.94
1.231	21.19	53.94
1.230	21.21	53.94
1.230	21.21	53.94
1.230	21.19	53.94
1.229	21.19	53.94
1.229	21.20	53.94
1.229	21.21	53.94
1.229	21.23	53.94
1.228	21.23	53.94
1.228	21.26	53.94
1.227	21.27	53.94
1.227	21.27	53.94
1.226	21.27	53.94
1.226	21.28	53.94
1.226	21.28	53.94
1.225	21.30	53.94
1.225	21.30	53.94
1.225	21.32	53.94
1.224	21.32	53.94
1.224	21.32	53.94
1.224	21.33	53.94
1.224	21.34	53.94
1.224	21.34	53.94
1.224	21.34	53.94
1.223	21.34	53.94
1.223	21.35	53.94
1.223	21.35	53.94
1.223	21.34	53.94
1.222	21.36	53.94
1.222	21.38	53.94
1.221	21.39	53.94
1.221	21.40	53.94
1.221	21.41	53.94
1.220	21.41	53.94
1.220	21.41	53.94
1.220	21.41	53.94
1.219	21.44	53.94
1.219	21.44	53.94
1.218	21.45	53.94
1.218	21.45	53.94
1.218	21.46	53.94
1.217	21.49	53.94
1.217	21.48	53.94
1.217	21.49	53.94
1.216	21.49	53.94
1.216	21.49	53.94
1.215	21.51	53.94
1.215	21.51	53.94
1.215	21.51	53.94
1.214	21.51	53.94
1.214	21.52	53.93
1.213	21.53	53.94
1.212	21.54	53.93
1.212	21.56	53.93
1.211	21.56	53.93
1.210	21.55	53.93
1.210	21.54	53.93
1.210	21.57	53.93
1.209	21.56	53.93
1.209	21.58	53.93
1.209	21.58	53.93
1.208	21.58	53.93
1.208	21.61	53.93
1.208	21.64	53.93
1.208	21.63	53.93
1.207	21.61	53.93
1.207	21.60	53.93
1.207	21.60	53.93
1.207	21.62	53.93
1.206	21.64	53.93
1.206	21.63	53.93
1.206	21.66	53.93
1.205	21.66	53.93
1.205	21.68	53.93
1.204	21.71	53.93
1.204	21.72	53.93
1.204	21.70	53.92
1.204	21.72	53.92
1.203	21.73	53.92
1.203	21.75	53.92
1.203	21.76	53.92
1.202	21.76	53.92
1.202	21.76	53.92
1.202	21.77	53.92
1.201	21.78	53.92
1.201	21.78	53.92
1.201	21.78	53.92
1.201	21.78	53.92
1.200	21.78	53.92
1.200	21.80	53.92
1.200	21.81	53.92
1.200	21.81	53.92
1.199	21.82	53.92
1.199	21.82	53.92
1.199	21.80	53.92
1.199	21.79	53.92
1.198	21.80	53.92
1.198	21.81	53.92
1.198	21.83	53.92
1.197	21.84	53.92
1.197	21.86	53.92
1.196	21.87	53.92
1.196	21.87	53.92
1.196	21.89	53.92
1.195	21.89	53.92
1.195	21.90	53.91
1.195	21.90	53.91
1.195	21.90	53.91
1.194	21.93	53.91
1.194	21.93	53.91
1.194	21.93	53.91
1.194	21.93	53.91
1.193	21.95	53.91
1.193	21.96	53.91
1.193	21.96	53.91
1.192	21.97	53.91
1.192	21.99	53.91
1.192	21.99	53.91
1.191	21.99	53.91
1.191	22.00	53.91
1.191	22.01	53.91
1.190	22.01	53.91
1.190	22.02	53.91
1.190	22.03	53.91
1.189	22.03	53.91
1.189	22.03	53.91
1.189	22.04	53.91
1.188	22.05	53.91
1.188	22.04	53.91
1.188	22.09	53.91
1.187	22.10	53.91
1.187	22.09	53.91
1.187	22.10	53.91
1.187	22.10	53.91
1.187	22.10	53.91
1.186	22.13	53.91
1.186	22.14	53.91
1.186	22.14	53.91
1.185	22.13	53.91
1.185	22.18	53.91
1.185	22.20	53.91
1.185	22.18	53.91
1.184	22.16	53.91
1.184	22.23	53.91
1.184	22.26	53.91
1.184	22.30	53.91
1.184	22.31	53.91
1.184	22.35	53.91
1.183	22.31	53.91
1.183	22.29	53.91
1.183	22.26	53.91
1.183	22.25	53.91
1.183	22.26	53.91
1.182	22.26	53.91
1.182	22.27	53.91
1.182	22.26	53.91
1.182	22.29	53.91
1.182	22.27	53.91
1.181	22.31	53.91
1.181	22.34	53.90
1.181	22.35	53.90
1.181	22.34	53.90
1.181	22.33	53.90
1.181	22.34	53.90
1.181	22.31	53.90
1.181	22.30	53.90
1.181	22.31	53.90
1.180	22.31	53.90
1.180	22.34	53.90
1.179	22.34	53.90
1.179	22.35	53.90
1.179	22.35	53.90
1.179	22.35	53.90
1.179	22.35	53.90
1.179	22.35	53.90
1.179	22.37	53.90
1.178	22.39	53.90
1.178	22.39	53.90
1.178	22.39	53.90
1.178	22.39	53.90
1.178	22.39	53.90
1.178	22.39	53.90
1.178	22.39	53.90
1.178	22.36	53.89
1.178	22.35	53.89
1.177	22.35	53.89
1.177	22.35	53.89
1.177	22.36	53.89
1.176	22.39	53.89
1.176	22.39	53.89
1.176	22.39	53.89
1.176	22.39	53.89
1.175	22.39	53.89
1.175	22.39	53.89
1.175	22.39	53.89
1.175	22.39	53.89
1.175	22.39	53.89
1.175	22.39	53.89
1.175	22.39	53.89
1.175	22.38	53.89
1.174	22.35	53.89
1.174	22.34	53.89
1.174	22.35	53.89
1.174	22.35	53.89
1.174	22.36	53.89
1.173	22.39	53.89
1.173	22.39	53.89
1.173	22.42	53.89
1.172	22.43	53.89
1.172	22.46	53.89
1.172	22.48	53.89
1.172	22.51	53.89
1.172	22.50	53.88
1.171	22.48	53.88
1.171	22.48	53.88
1.171	22.48	53.88
1.171	22.48	53.88
1.170	22.48	53.88
1.170	22.48	53.88
1.170	22.50	53.88
1.170	22.51	53.88
1.170	22.52	53.88
1.170	22.52	53.88
1.170	22.52	53.88
1.170	22.52	53.88
1.170	22.52	53.88
1.170	22.52	53.88
1.169	22.52	53.88
1.169	22.52	53.88
1.169	22.52	53.88
1.168	22.52	53.88
1.168	22.52	53.88
1.167	22.52	53.88
1.166	22.52	53.88
1.165	22.52	53.88
1.165	22.52	53.88
1.165	22.52	53.88
1.164	22.51	53.88
1.164	22.51	53.88
1.163	22.52	53.88
1.163	22.50	53.88
1.163	22.49	53.88
1.163	22.50	53.88
1.162	22.52	53.88
1.162	22.52	53.88
1.162	22.52	53.88
1.162	22.52	53.88
1.161	22.52	53.88
1.161	22.52	53.88
1.161	22.52	53.88
1.161	22.52	53.88
1.160	22.52	53.88
1.160	22.52	53.88
1.160	22.52	53.88
1.159	22.52	53.88
1.158	22.52	53.88
1.158	22.52	53.88
1.157	22.52	53.88
1.157	22.52	53.88
1.156	22.52	53.88
1.156	22.52	53.88
1.156	22.52	53.88
1.156	22.52	53.88
1.156	22.52	53.88
1.156	22.52	53.88
1.156	22.52	53.88
1.156	22.52	53.87
1.156	22.52	53.87
1.156	22.52	53.87
1.156	22.52	53.87
1.156	22.52	53.87
1.156	22.52	53.87
1.156	22.52	53.87
