0.992	22.83	-0.24
0.992	22.83	-0.24
0.992	22.83	-0.24
0.992	22.83	-0.24
0.992	22.83	-0.24
0.992	22.83	-0.24
0.992	22.83	-0.24
0.992	22.83	-0.24
0.992	22.83	-0.24
0.992	22.83	-0.24
0.992	22.83	-0.24
0.992	22.83	-0.24
0.992	22.83	-0.24
0.992	22.83	-0.24
0.993	22.83	-0.24
0.993	22.83	-0.24
0.993	22.83	-0.24
0.994	22.83	-0.24
0.994	22.83	-0.24
0.995	22.83	-0.24
0.996	22.83	-0.24
0.998	22.83	-0.24
0.999	22.83	-0.24
1.000	22.83	-0.24
1.001	22.83	-0.24
1.002	22.77	-0.24
1.004	22.67	-0.24
1.005	22.63	-0.24
1.006	22.61	-0.24
1.006	22.61	-0.24
1.007	22.61	-0.24
1.008	22.66	-0.24
1.008	22.67	-0.24
1.009	22.67	-0.24
1.009	22.60	-0.24
1.010	22.61	-0.24
1.011	22.61	-0.24
1.011	22.61	-0.24
1.012	22.61	-0.24
1.012	22.52	-0.24
1.013	22.54	-0.24
1.014	22.52	-0.24
1.015	22.52	-0.24
1.016	22.46	-0.24
1.017	22.46	-0.24
1.017	22.51	-0.24
1.018	22.44	-0.24
1.018	22.37	-0.24
1.019	22.41	-0.24
1.020	22.40	-0.24
1.020	22.30	-0.24
1.021	22.30	-0.24
1.022	22.30	-0.24
1.023	22.27	-0.24
1.023	22.24	-0.24
1.024	22.21	-0.24
1.025	22.20	-0.24
1.026	22.18	-0.24
1.026	22.19	-0.24
1.027	22.20	-0.24
1.027	22.19	-0.24
1.028	22.16	-0.24
1.028	22.13	-0.24
1.029	22.14	-0.24
1.029	22.14	-0.24
1.029	22.00	-0.24
1.030	22.00	-0.24
1.030	22.08	-0.24
1.030	22.06	-0.24
1.031	22.06	-0.24
1.031	22.08	-0.24
1.031	22.08	-0.24
1.031	22.09	-0.24
1.031	22.10	-0.24
1.032	22.10	-0.24
1.032	22.08	-0.24
1.032	22.08	-0.24
1.032	22.08	-0.24
1.033	22.08	-0.24
1.033	22.08	-0.24
1.033	22.08	-0.24
1.033	22.06	-0.24
1.033	22.06	-0.24
1.033	22.04	-0.25
1.033	22.05	-0.24
1.033	22.06	-0.25
1.034	22.05	-0.25
1.034	22.03	-0.25
1.034	22.02	-0.25
1.035	22.03	-0.25
1.035	22.03	-0.25
1.035	22.02	-0.25
1.035	22.01	-0.25
1.036	22.02	-0.25
1.036	22.03	-0.25
1.036	21.99	-0.25
1.036	21.98	-0.25
1.036	21.94	-0.25
1.036	21.93	-0.25
1.036	21.94	-0.25
1.036	21.94	-0.25
1.037	21.93	-0.25
1.037	21.96	-0.25
1.037	21.96	-0.25
1.037	21.97	-0.25
1.037	21.96	-0.25
1.037	21.96	-0.25
1.037	21.96	-0.25
1.038	21.97	-0.25
1.038	21.96	-0.25
1.038	21.96	-0.25
1.039	21.95	-0.25
1.039	21.93	-0.25
1.039	21.93	-0.25
1.039	21.92	-0.25
1.039	21.89	-0.25
1.040	21.89	-0.25
1.040	21.89	-0.25
1.040	21.89	-0.25
1.040	21.88	-0.25
1.041	21.88	-0.25
1.041	21.89	-0.25
1.041	21.89	-0.25
1.041	21.89	-0.25
1.042	21.88	-0.25
1.042	21.86	-0.25
1.042	21.86	-0.25
1.042	21.86	-0.25
1.042	21.87	-0.25
1.042	21.86	-0.25
1.042	21.83	-0.25
1.043	21.82	-0.25
1.043	21.80	-0.25
1.043	21.80	-0.25
1.043	21.79	-0.25
1.044	21.78	-0.25
1.044	21.78	-0.25
1.044	21.79	-0.25
1.044	21.80	-0.25
1.044	21.80	-0.25
1.045	21.80	-0.25
1.045	21.80	-0.25
1.045	21.80	-0.25
1.045	21.80	-0.25
1.045	21.80	-0.25
1.045	21.80	-0.25
1.045	21.80	-0.25
1.045	21.78	-0.25
1.046	21.77	-0.25
1.046	21.76	-0.25
1.046	21.78	-0.25
1.046	21.78	-0.25
1.046	21.78	-0.25
1.046	21.75	-0.25
1.047	21.72	-0.25
1.047	21.72	-0.25
1.047	21.73	-0.25
1.047	21.72	-0.25
1.048	21.73	-0.25
1.048	21.73	-0.25
1.048	21.71	-0.25
1.048	21.71	-0.25
1.048	21.72	-0.25
1.049	21.70	-0.25
1.049	21.69	-0.25
1.049	21.67	-0.25
1.049	21.67	-0.25
1.049	21.67	-0.25
1.049	21.68	-0.25
1.050	21.69	-0.25
1.050	21.69	-0.25
1.050	21.69	-0.25
1.050	21.69	-0.25
1.050	21.68	-0.25
1.051	21.66	-0.25
1.051	21.64	-0.25
1.051	21.63	-0.25
1.051	21.61	-0.25
1.051	21.59	-0.25
1.051	21.58	-0.25
1.052	21.58	-0.25
1.052	21.57	-0.25
1.052	21.55	-0.25
1.052	21.57	-0.25
1.052	21.57	-0.25
1.053	21.55	-0.25
1.053	21.53	-0.25
1.053	21.54	-0.25
1.053	21.55	-0.25
1.053	21.54	-0.25
1.054	21.52	-0.25
1.054	21.52	-0.25
1.054	21.52	-0.25
1.054	21.51	-0.25
1.054	21.52	-0.25
1.054	21.51	-0.25
1.054	21.49	-0.25
1.055	21.51	-0.25
1.055	21.52	-0.25
1.055	21.49	-0.25
1.055	21.48	-0.25
1.055	21.49	-0.25
1.056	21.49	-0.25
1.056	21.47	-0.25
1.056	21.47	-0.25
1.056	21.47	-0.25
1.056	21.47	-0.25
1.056	21.45	-0.25
1.056	21.43	-0.25
1.056	21.41	-0.25
1.057	21.42	-0.25
1.057	21.44	-0.25
1.057	21.43	-0.25
1.057	21.43	-0.25
1.057	21.37	-0.25
1.057	21.40	-0.25
1.057	21.42	-0.25
1.057	21.44	-0.25
1.058	21.44	-0.25
1.058	21.44	-0.25
1.058	21.44	-0.25
1.058	21.44	-0.25
1.058	21.44	-0.25
1.058	21.44	-0.25
1.058	21.44	-0.25
1.058	21.44	-0.25
1.059	21.44	-0.25
1.059	21.42	-0.25
1.059	21.44	-0.25
1.059	21.49	-0.26
1.059	21.47	-0.25
1.060	21.46	-0.25
1.060	21.46	-0.26
1.060	21.46	-0.25
1.060	21.47	-0.26
1.060	21.46	-0.26
1.060	21.45	-0.26
1.060	21.46	-0.26
1.060	21.44	-0.26
1.061	21.44	-0.26
1.061	21.40	-0.26
1.061	21.38	-0.26
1.061	21.38	-0.26
1.061	21.38	-0.26
1.061	21.37	-0.25
1.062	21.37	-0.26
1.062	21.34	-0.26
1.063	21.37	-0.26
1.063	21.38	-0.26
1.063	21.38	-0.26
1.063	21.37	-0.26
1.063	21.34	-0.26
1.064	21.34	-0.26
1.064	21.31	-0.26
1.064	21.33	-0.26
1.064	21.33	-0.26
1.065	21.34	-0.26
1.065	21.35	-0.26
1.065	21.32	-0.26
1.065	21.32	-0.26
1.065	21.32	-0.26
1.066	21.33	-0.26
1.066	21.30	-0.26
1.066	21.30	-0.26
1.066	21.28	-0.26
1.066	21.27	-0.26
1.067	21.26	-0.26
1.067	21.27	-0.26
1.067	21.25	-0.26
1.067	21.22	-0.26
1.067	21.25	-0.26
1.067	21.25	-0.26
1.068	21.25	-0.26
1.068	21.25	-0.26
1.068	21.25	-0.26
1.068	21.27	-0.26
1.069	21.27	-0.26
1.069	21.27	-0.26
1.069	21.25	-0.26
1.070	21.25	-0.26
1.070	21.25	-0.26
1.070	21.25	-0.26
1.071	21.25	-0.26
1.071	21.22	-0.26
1.071	21.19	-0.26
1.071	21.18	-0.26
1.071	21.16	-0.26
1.071	21.16	-0.26
1.071	21.15	-0.26
1.072	21.11	-0.26
1.072	21.04	-0.26
1.073	21.08	-0.26
1.073	21.08	-0.26
1.073	21.06	-0.26
1.073	20.94	-0.26
1.074	20.90	-0.26
1.074	20.98	-0.26
1.074	21.00	-0.26
1.074	20.96	-0.26
1.075	20.93	-0.26
1.075	20.94	-0.26
1.075	20.94	-0.26
1.076	20.97	-0.26
1.076	20.99	-0.26
1.076	21.03	-0.26
1.076	21.00	-0.26
1.077	20.98	-0.26
1.077	20.98	-0.26
1.077	21.03	-0.26
1.077	21.04	-0.26
1.077	21.05	-0.26
1.077	21.03	-0.26
1.078	21.02	-0.26
1.078	21.00	-0.26
1.078	20.97	-0.26
1.078	20.92	-0.26
1.079	20.92	-0.26
1.079	20.93	-0.26
1.079	20.93	-0.26
1.080	20.96	-0.26
1.080	20.95	-0.26
1.080	20.93	-0.26
1.080	20.90	-0.26
1.080	20.89	-0.26
1.080	20.93	-0.26
1.080	20.89	-0.26
1.081	20.91	-0.26
1.081	20.91	-0.26
1.081	20.89	-0.26
1.081	20.92	-0.26
1.081	20.95	-0.26
1.082	20.98	-0.26
1.082	20.98	-0.26
1.082	20.96	-0.26
1.082	20.96	-0.26
1.083	20.94	-0.26
1.083	20.96	-0.26
1.083	20.94	-0.26
1.083	20.96	-0.26
1.083	20.96	-0.26
1.083	20.93	-0.26
1.083	20.93	-0.26
1.084	20.93	-0.26
1.084	20.93	-0.26
1.084	20.90	-0.26
1.085	20.91	-0.26
1.085	20.89	-0.26
1.085	20.90	-0.26
1.086	20.90	-0.26
1.086	20.89	-0.26
1.086	20.85	-0.26
1.086	20.81	-0.26
1.087	20.80	-0.26
1.087	20.82	-0.26
1.087	20.84	-0.26
1.088	20.85	-0.26
1.088	20.85	-0.26
1.088	20.85	-0.26
1.088	20.84	-0.26
1.088	20.85	-0.26
1.088	20.85	-0.26
1.089	20.84	-0.26
1.089	20.84	-0.26
1.089	20.82	-0.26
1.089	20.83	-0.26
1.089	20.84	-0.26
1.089	20.82	-0.26
1.089	20.82	-0.26
1.089	20.82	-0.26
1.089	20.81	-0.26
1.090	20.80	-0.26
1.090	20.77	-0.26
1.090	20.73	-0.26
1.090	20.69	-0.26
1.090	20.71	-0.26
1.091	20.62	-0.26
1.091	20.55	-0.26
1.091	20.67	-0.26
1.091	20.75	-0.26
1.091	20.78	-0.26
1.092	20.80	-0.26
1.092	20.82	-0.26
1.092	20.82	-0.26
1.092	20.80	-0.26
1.093	20.79	-0.26
1.093	20.79	-0.26
1.093	20.78	-0.26
1.093	20.76	-0.26
1.094	20.76	-0.26
1.094	20.75	-0.26
1.094	20.71	-0.26
1.094	20.71	-0.26
1.095	20.72	-0.26
1.095	20.71	-0.26
1.095	20.66	-0.26
1.095	20.65	-0.26
1.095	20.65	-0.26
1.095	20.65	-0.26
1.096	20.64	-0.26
1.096	20.63	-0.26
1.096	20.62	-0.26
1.096	20.62	-0.26
1.097	20.60	-0.26
1.097	20.57	-0.26
1.097	20.53	-0.26
1.097	20.52	-0.26
1.097	20.53	-0.26
1.097	20.55	-0.26
1.098	20.54	-0.26
1.098	20.53	-0.26
1.098	20.54	-0.26
1.098	20.51	-0.26
1.098	20.50	-0.26
1.098	20.53	-0.26
1.098	20.55	-0.26
1.098	20.54	-0.26
1.099	20.51	-0.26
1.099	20.53	-0.26
1.099	20.54	-0.26
1.099	20.54	-0.26
1.099	20.53	-0.26
1.099	20.53	-0.26
1.100	20.54	-0.26
1.100	20.53	-0.26
1.100	20.53	-0.26
1.100	20.53	-0.26
1.100	20.53	-0.26
1.100	20.53	-0.26
1.101	20.53	-0.26
1.101	20.52	-0.26
1.101	20.50	-0.26
1.101	20.50	-0.26
1.101	20.49	-0.26
1.102	20.44	-0.26
1.102	20.43	-0.26
1.102	20.42	-0.26
1.102	20.44	-0.26
1.103	20.45	-0.26
1.103	20.43	-0.26
1.103	20.39	-0.26
1.103	20.40	-0.26
1.103	20.40	-0.26
1.104	20.42	-0.26
1.104	20.42	-0.26
1.104	20.42	-0.26
1.104	20.41	-0.26
1.104	20.42	-0.26
1.104	20.41	-0.26
1.104	20.39	-0.26
1.104	20.44	-0.26
1.104	20.46	-0.26
1.104	20.48	-0.26
1.105	20.45	-0.26
1.105	20.48	-0.26
1.105	20.49	-0.26
1.105	20.48	-0.26
1.105	20.47	-0.26
1.105	20.46	-0.26
1.106	20.47	-0.26
1.106	20.47	-0.26
1.106	20.48	-0.26
1.106	20.50	-0.26
1.106	20.50	-0.26
1.106	20.51	-0.26
1.106	20.51	-0.26
1.106	20.50	-0.26
1.106	20.49	-0.26
1.106	20.47	-0.26
1.106	20.46	-0.26
1.106	20.45	-0.26
1.106	20.45	-0.26
1.107	20.48	-0.26
1.107	20.45	-0.26
1.107	20.43	-0.26
1.107	20.42	-0.26
1.108	20.37	-0.26
1.109	20.34	-0.26
1.109	20.32	-0.26
1.110	20.33	-0.26
1.110	20.36	-0.26
1.111	20.36	-0.26
1.111	20.34	-0.26
1.111	20.28	-0.26
1.112	20.27	-0.26
1.112	20.29	-0.25
1.112	20.30	-0.26
1.112	20.31	-0.25
1.112	20.30	-0.26
1.113	20.31	-0.26
1.113	20.32	-0.25
1.113	20.33	-0.26
1.114	20.34	-0.25
1.114	20.33	-0.25
1.114	20.33	-0.25
1.115	20.33	-0.25
1.115	20.32	-0.25
1.115	20.21	-0.25
1.116	20.27	-0.25
1.116	20.30	-0.25
1.116	20.31	-0.25
1.116	20.30	-0.25
1.117	20.30	-0.25
1.117	20.31	-0.25
1.117	20.31	-0.25
1.117	20.30	-0.26
1.118	20.29	-0.26
1.118	20.24	-0.25
1.118	20.23	-0.25
1.118	20.22	-0.25
1.119	20.19	-0.26
1.119	20.19	-0.25
1.119	20.18	-0.25
1.119	20.17	-0.25
1.119	20.14	-0.25
1.119	20.13	-0.25
1.120	20.12	-0.25
1.120	20.09	-0.25
1.120	20.06	-0.25
1.120	20.07	-0.25
1.121	20.06	-0.25
1.121	20.06	-0.25
1.121	20.08	-0.25
1.121	20.07	-0.25
1.121	20.12	-0.25
1.122	20.13	-0.25
1.122	20.14	-0.25
1.122	20.14	-0.26
1.122	20.13	-0.25
1.122	20.12	-0.25
1.122	20.09	-0.25
1.122	20.07	-0.26
1.123	20.08	-0.25
1.123	20.07	-0.25
1.123	20.07	-0.26
1.124	20.08	-0.25
1.124	20.08	-0.25
1.125	17.88	-0.25
1.125	17.82	-0.26
1.125	17.76	-0.25
1.125	18.02	-0.26
1.126	18.91	-0.26
1.126	19.56	-0.26
1.126	19.02	-0.26
1.127	18.96	-0.26
1.127	19.79	-0.25
1.127	19.62	-0.25
1.127	19.94	-0.26
1.127	19.87	-0.26
1.127	19.71	-0.26
1.127	19.87	-0.26
1.127	19.97	-0.26
1.127	20.03	-0.26
1.128	20.00	-0.26
1.128	20.00	-0.26
1.128	19.97	-0.26
1.128	19.95	-0.26
1.128	19.96	-0.25
1.128	19.96	-0.26
1.129	19.94	-0.25
1.129	19.93	-0.26
1.129	19.93	-0.26
1.129	19.96	-0.25
1.130	19.93	-0.26
1.130	19.96	-0.25
1.130	19.95	-0.25
1.130	19.97	-0.26
1.131	19.98	-0.25
1.131	19.97	-0.26
1.131	19.97	-0.25
1.131	20.01	-0.26
1.132	20.01	-0.25
1.132	19.99	-0.25
1.132	19.90	-0.26
1.133	19.91	-0.25
1.133	19.91	-0.26
1.133	19.92	-0.25
1.133	19.93	-0.25
1.133	19.93	-0.25
1.134	19.90	-0.25
1.134	19.91	-0.26
1.134	19.91	-0.25
1.134	19.90	-0.25
1.135	19.84	-0.25
1.135	19.85	-0.25
1.135	19.88	-0.26
1.136	19.89	-0.25
1.136	19.88	-0.25
1.137	19.85	-0.25
1.137	19.81	-0.25
1.138	19.85	-0.25
1.138	19.85	-0.26
1.138	19.82	-0.25
1.139	19.82	-0.25
1.139	19.82	-0.25
1.139	19.81	-0.25
1.140	19.80	-0.25
1.140	19.84	-0.25
1.140	19.82	-0.25
1.140	19.80	-0.25
1.140	19.82	-0.25
1.140	19.81	-0.25
1.141	19.81	-0.25
1.141	19.82	-0.25
1.141	19.77	-0.25
1.141	19.75	-0.25
1.141	19.75	-0.25
1.142	19.73	-0.25
1.142	19.77	-0.25
1.142	19.80	-0.25
1.143	19.81	-0.25
1.143	19.81	-0.25
1.143	19.81	-0.25
1.143	19.80	-0.25
1.144	19.80	-0.25
1.144	19.80	-0.25
1.144	19.80	-0.25
1.145	19.80	-0.25
1.145	19.79	-0.25
1.145	19.77	-0.25
1.145	19.77	-0.25
1.145	19.77	-0.25
1.146	19.76	-0.25
1.146	19.75	-0.25
1.146	19.74	-0.25
1.146	19.74	-0.25
1.146	19.74	-0.25
1.146	19.73	-0.25
1.147	19.72	-0.25
1.147	19.72	-0.25
1.147	19.70	-0.25
1.147	19.69	-0.25
1.148	19.66	-0.25
1.148	19.63	-0.25
1.149	19.65	-0.25
1.149	19.61	-0.25
1.149	19.61	-0.25
1.150	19.62	-0.25
1.150	19.62	-0.25
1.150	19.60	-0.25
1.150	19.61	-0.25
1.150	19.62	-0.25
1.150	19.62	-0.25
1.150	19.62	-0.25
1.150	19.61	-0.25
1.150	19.59	-0.25
1.150	19.57	-0.25
1.150	19.58	-0.25
1.151	19.60	-0.25
1.151	19.60	-0.25
1.151	19.62	-0.25
1.151	19.61	-0.25
1.151	19.62	-0.25
1.152	19.62	-0.25
1.152	19.57	-0.25
1.152	19.57	-0.25
1.152	19.58	-0.25
1.152	19.60	-0.25
1.152	19.57	-0.25
1.152	19.57	-0.25
1.153	19.57	-0.25
1.153	19.58	-0.25
1.153	19.52	-0.25
1.153	19.56	-0.25
1.153	19.57	-0.25
1.153	19.58	-0.25
1.153	19.58	-0.25
1.153	19.57	-0.25
1.153	19.57	-0.25
1.153	19.55	-0.25
1.154	19.57	-0.25
1.153	19.56	-0.25
1.153	19.54	-0.25
1.154	19.53	-0.25
1.154	19.53	-0.25
1.154	19.51	-0.25
1.154	19.45	-0.25
1.155	19.45	-0.25
1.155	19.43	-0.25
1.155	19.36	-0.25
1.155	19.38	-0.25
1.155	19.41	-0.25
1.155	19.42	-0.25
1.156	19.41	-0.25
1.156	19.43	-0.25
1.156	19.46	-0.25
1.156	19.46	-0.25
1.156	19.46	-0.25
1.156	19.48	-0.25
1.156	19.47	-0.25
1.156	19.47	-0.25
1.157	19.49	-0.25
1.157	19.49	-0.25
1.157	19.50	-0.25
1.157	19.50	-0.25
1.157	19.50	-0.25
1.157	19.49	-0.25
1.157	19.50	-0.25
1.157	19.49	-0.25
1.157	19.48	-0.25
1.157	19.50	-0.25
1.158	19.49	-0.25
1.158	19.47	-0.25
1.158	19.48	-0.25
1.158	19.48	-0.25
1.158	19.48	-0.25
1.158	19.48	-0.25
1.158	19.48	-0.25
1.159	19.43	-0.25
1.159	19.40	-0.25
1.159	19.42	-0.25
1.160	19.43	-0.25
1.160	19.42	-0.25
1.161	19.42	-0.25
1.161	19.41	-0.25
1.161	19.41	-0.25
1.161	19.44	-0.25
1.161	19.43	-0.25
1.161	19.38	-0.25
1.161	19.37	-0.25
1.161	19.40	-0.25
1.162	19.43	-0.25
1.162	19.45	-0.25
1.162	19.43	-0.25
1.162	19.41	-0.25
1.162	19.41	-0.25
1.162	19.40	-0.25
1.163	19.41	-0.25
1.163	19.39	-0.25
1.163	19.37	-0.25
1.164	19.39	-0.25
1.164	19.39	-0.25
1.164	19.37	-0.25
1.164	19.35	-0.25
1.164	19.36	-0.25
1.164	19.36	-0.25
1.164	19.36	-0.25
1.164	19.34	-0.25
1.164	19.33	-0.25
1.164	19.33	-0.25
1.164	19.34	-0.25
1.165	19.35	-0.25
1.165	19.34	-0.25
1.165	19.33	-0.25
1.165	19.34	-0.25
1.165	19.34	-0.25
1.165	19.34	-0.25
1.165	19.33	-0.25
1.165	19.33	-0.25
1.165	19.33	-0.25
1.166	19.34	-0.25
1.166	19.36	-0.25
1.166	19.36	-0.25
1.166	19.36	-0.25
1.167	19.36	-0.25
1.167	19.36	-0.25
1.167	19.36	-0.25
1.167	19.35	-0.25
1.167	19.35	-0.25
1.167	19.36	-0.25
1.167	19.36	-0.25
1.167	19.36	-0.25
1.167	19.36	-0.25
1.167	19.34	-0.25
1.167	19.33	-0.25
1.167	19.34	-0.25
1.168	19.33	-0.25
1.168	19.33	-0.25
1.168	19.31	-0.25
1.168	19.29	-0.25
1.168	19.28	-0.25
1.168	19.29	-0.25
1.168	19.30	-0.25
1.168	19.30	-0.25
1.168	19.25	-0.25
1.168	18.93	-0.25
1.169	18.88	-0.25
1.169	18.78	-0.25
1.169	18.89	-0.25
1.169	18.76	-0.25
1.169	18.80	-0.25
1.169	19.01	-0.25
1.169	19.24	-0.25
1.169	19.30	-0.25
1.170	19.31	-0.25
1.170	19.32	-0.25
1.170	19.31	-0.25
1.170	19.31	-0.25
1.170	19.31	-0.25
1.170	19.31	-0.25
1.170	19.31	-0.25
1.170	19.31	-0.25
1.170	19.31	-0.25
1.170	19.31	-0.25
1.170	19.31	-0.25
1.170	19.30	-0.25
1.170	19.30	-0.25
1.170	19.30	-0.25
1.170	19.30	-0.25
1.170	19.30	-0.25
1.170	19.30	-0.25
1.170	19.29	-0.25
1.170	19.28	-0.25
1.171	19.27	-0.25
1.171	19.28	-0.25
1.171	19.27	-0.25
1.171	19.28	-0.25
1.171	19.28	-0.25
1.171	19.28	-0.25
1.171	19.28	-0.25
1.171	19.28	-0.25
1.171	19.27	-0.25
1.171	19.27	-0.25
1.171	19.27	-0.25
1.171	19.27	-0.25
1.171	19.27	-0.25
1.171	19.26	-0.25
1.172	19.25	-0.25
1.172	19.24	-0.25
1.172	19.24	-0.25
1.172	19.24	-0.25
1.172	19.23	-0.25
1.172	19.23	-0.25
1.172	19.23	-0.25
1.172	19.23	-0.25
1.172	19.23	-0.25
1.172	19.23	-0.25
1.173	19.23	-0.25
1.173	19.22	-0.25
1.173	19.21	-0.25
1.173	19.21	-0.25
1.173	19.19	-0.25
1.173	19.17	-0.25
1.173	19.16	-0.25
1.173	19.16	-0.25
1.173	19.15	-0.25
1.173	19.11	-0.25
1.174	19.12	-0.25
1.174	19.11	-0.25
1.174	19.09	-0.25
1.174	19.10	-0.25
1.174	19.08	-0.25
1.174	19.05	-0.25
1.175	19.09	-0.25
1.175	19.07	-0.25
1.175	19.07	-0.25
1.175	19.09	-0.25
1.175	19.09	-0.25
1.176	19.02	-0.25
1.176	19.06	-0.25
1.176	19.05	-0.25
1.176	19.06	-0.25
1.176	19.02	-0.25
1.177	18.47	-0.25
1.177	18.79	-0.25
1.177	18.77	-0.25
1.177	18.88	-0.25
1.177	19.04	-0.25
1.178	19.05	-0.25
1.178	19.07	-0.25
1.178	19.06	-0.25
1.178	19.06	-0.25
1.178	19.08	-0.25
1.178	19.08	-0.25
1.178	19.07	-0.25
1.178	19.08	-0.25
1.178	19.06	-0.25
1.178	19.07	-0.25
1.178	19.06	-0.25
1.178	19.04	-0.25
1.179	19.05	-0.25
1.179	19.05	-0.25
1.179	19.05	-0.25
1.179	19.04	-0.25
1.179	19.05	-0.25
1.179	19.06	-0.25
1.179	19.06	-0.25
1.179	19.06	-0.25
1.179	19.06	-0.25
1.179	19.04	-0.25
1.179	19.05	-0.25
1.179	19.03	-0.25
1.179	19.04	-0.25
1.179	19.04	-0.25
1.179	19.03	-0.25
1.179	19.01	-0.25
1.179	19.02	-0.25
1.179	19.02	-0.25
1.179	19.04	-0.25
1.180	19.04	-0.25
1.180	19.02	-0.25
1.180	18.86	-0.25
1.180	18.95	-0.25
1.180	18.97	-0.25
1.180	19.01	-0.25
1.180	19.01	-0.25
1.181	19.00	-0.25
1.181	19.00	-0.25
1.181	19.02	-0.25
1.181	19.03	-0.25
1.181	19.04	-0.25
1.181	19.04	-0.25
1.181	19.02	-0.25
1.181	19.00	-0.25
1.182	18.97	-0.25
1.182	18.97	-0.25
1.182	18.98	-0.25
1.182	18.99	-0.25
1.182	18.99	-0.25
1.182	18.99	-0.25
1.182	18.98	-0.25
1.183	18.99	-0.25
1.183	18.99	-0.25
1.183	18.98	-0.25
1.183	18.98	-0.25
1.183	18.98	-0.25
1.183	18.98	-0.25
1.183	18.98	-0.25
1.183	18.98	-0.25
1.183	18.97	-0.25
1.183	18.95	-0.25
1.183	18.95	-0.25
1.183	18.96	-0.25
1.183	18.97	-0.25
1.183	18.97	-0.25
1.183	18.97	-0.25
1.184	18.99	-0.25
1.184	18.99	-0.25
1.184	18.99	-0.25
1.184	19.00	-0.25
1.184	19.01	-0.25
1.184	19.02	-0.25
1.184	19.04	-0.25
1.184	19.00	-0.25
1.184	18.99	-0.25
1.184	18.98	-0.25
1.184	18.98	-0.25
1.185	18.99	-0.25
1.185	19.00	-0.25
1.185	19.01	-0.25
1.185	19.01	-0.25
1.185	19.01	-0.25
1.185	19.01	-0.25
1.185	19.02	-0.25
1.185	19.02	-0.25
1.185	19.02	-0.25
1.185	19.02	-0.25
1.185	19.02	-0.25
1.185	19.02	-0.25
1.185	19.02	-0.25
1.185	19.02	-0.25
1.185	19.02	-0.25
1.185	19.02	-0.25
1.185	19.04	-0.25
1.185	19.03	-0.25
1.185	19.03	-0.25
1.185	19.02	-0.25
1.185	19.02	-0.25
1.185	19.03	-0.25
1.185	19.03	-0.25
1.186	18.98	-0.25
1.186	18.95	-0.25
1.187	18.91	-0.25
1.187	18.93	-0.25
1.188	18.94	-0.25
1.188	18.95	-0.25
1.188	18.94	-0.25
1.189	18.90	-0.25
1.189	18.90	-0.25
1.189	18.91	-0.25
1.190	18.91	-0.25
1.190	18.93	-0.25
1.190	18.91	-0.25
1.190	18.90	-0.25
1.190	18.89	-0.25
1.190	18.89	-0.25
1.190	18.90	-0.25
1.190	18.89	-0.25
1.190	18.89	-0.25
1.190	18.88	-0.25
1.190	18.87	-0.25
1.190	18.89	-0.25
1.190	18.88	-0.25
1.190	18.87	-0.25
1.190	18.88	-0.25
1.190	18.88	-0.25
1.191	18.86	-0.25
1.191	18.84	-0.25
1.191	18.85	-0.25
1.191	18.89	-0.25
1.192	18.90	-0.25
1.192	18.89	-0.25
1.192	18.88	-0.25
1.192	18.88	-0.25
1.192	18.88	-0.25
1.192	18.88	-0.25
1.192	18.88	-0.25
1.192	18.87	-0.25
1.192	18.87	-0.25
1.192	18.87	-0.25
1.193	18.81	-0.25
1.193	18.82	-0.25
1.193	18.77	-0.25
1.193	18.80	-0.25
1.193	18.80	-0.25
1.193	18.70	-0.25
1.193	18.75	-0.25
1.193	18.72	-0.25
1.193	18.76	-0.25
1.193	18.76	-0.25
1.193	18.76	-0.25
1.193	18.78	-0.25
1.193	18.78	-0.25
1.193	18.82	-0.25
1.193	18.83	-0.25
1.193	18.82	-0.25
1.193	18.83	-0.25
1.193	18.81	-0.25
1.193	18.81	-0.25
1.193	18.83	-0.25
1.193	18.83	-0.25
1.193	18.81	-0.25
1.193	18.80	-0.26
1.193	18.80	-0.26
1.193	18.80	-0.26
1.193	18.80	-0.25
1.193	18.75	-0.25
1.193	18.32	-0.25
1.193	18.74	-0.25
1.193	18.83	-0.25
1.193	18.82	-0.26
1.193	18.83	-0.25
1.193	18.83	-0.25
1.193	18.76	-0.26
1.193	18.67	-0.26
1.193	18.74	-0.25
1.193	18.76	-0.25
1.193	18.75	-0.25
1.193	18.77	-0.26
1.193	18.75	-0.25
1.193	18.74	-0.26
1.193	18.72	-0.26
1.193	18.73	-0.25
1.193	18.71	-0.26
1.193	18.67	-0.26
1.193	18.71	-0.26
1.193	18.73	-0.25
1.193	18.70	-0.26
1.193	18.71	-0.26
1.193	18.68	-0.26
1.193	18.68	-0.25
1.193	18.67	-0.26
1.193	18.65	-0.26
1.193	18.66	-0.26
1.193	18.66	-0.26
1.193	18.68	-0.26
1.193	18.70	-0.25
1.193	18.73	-0.26
1.193	18.73	-0.25
1.193	18.69	-0.26
1.193	18.67	-0.26
1.193	18.76	-0.25
1.193	18.86	-0.25
1.193	18.84	-0.26
1.194	18.85	-0.26
1.194	18.86	-0.26
1.194	18.86	-0.26
1.194	18.87	-0.26
1.195	18.86	-0.26
1.195	18.87	-0.26
1.195	18.87	-0.26
1.196	18.87	-0.26
1.196	18.88	-0.26
1.196	18.88	-0.26
1.196	18.87	-0.26
1.196	18.86	-0.26
1.197	18.87	-0.25
1.197	18.87	-0.26
1.197	18.87	-0.26
1.197	18.87	-0.26
1.197	18.87	-0.26
1.197	18.87	-0.26
1.197	18.86	-0.26
1.198	18.85	-0.26
1.198	18.81	-0.26
1.198	18.81	-0.26
1.199	18.82	-0.26
1.199	18.83	-0.26
1.199	18.83	-0.26
1.199	18.83	-0.26
1.199	18.80	-0.26
1.199	18.79	-0.26
1.199	18.78	-0.26
1.199	18.78	-0.26
1.200	18.78	-0.26
1.200	18.80	-0.25
1.200	18.80	-0.26
1.200	18.80	-0.26
1.200	18.80	-0.26
1.200	18.80	-0.26
1.200	18.78	-0.26
1.201	18.78	-0.26
1.201	18.78	-0.26
1.201	18.76	-0.26
1.201	18.75	-0.26
1.201	18.75	-0.26
1.202	18.75	-0.26
1.202	18.75	-0.26
1.202	18.75	-0.25
1.202	18.75	-0.26
1.202	18.74	-0.26
1.202	18.75	-0.26
1.202	18.74	-0.26
1.202	18.75	-0.26
1.202	18.74	-0.25
1.202	18.74	-0.25
1.202	18.74	-0.25
1.203	18.73	-0.26
1.203	18.72	-0.25
1.203	18.73	-0.25
1.203	18.73	-0.25
1.203	18.72	-0.25
1.203	18.71	-0.25
1.203	18.71	-0.25
1.204	18.69	-0.25
1.204	18.67	-0.25
1.205	18.67	-0.25
1.205	18.67	-0.25
1.205	18.66	-0.25
1.205	18.67	-0.25
1.205	18.66	-0.25
1.206	18.66	-0.25
1.206	18.67	-0.25
1.206	18.65	-0.25
1.206	18.66	-0.25
1.206	18.65	-0.25
1.206	18.66	-0.25
1.207	18.66	-0.25
1.207	18.66	-0.25
1.207	18.60	-0.25
1.207	18.48	-0.25
1.207	18.60	-0.25
1.207	18.64	-0.25
1.207	18.64	-0.25
1.208	18.60	-0.25
1.208	18.63	-0.25
1.208	18.64	-0.25
1.208	18.64	-0.25
1.208	18.63	-0.25
1.208	18.63	-0.25
1.208	18.60	-0.25
1.208	18.61	-0.25
1.209	18.60	-0.25
1.209	18.58	-0.25
1.209	18.57	-0.25
1.209	18.57	-0.25
1.209	18.58	-0.25
1.209	18.59	-0.25
1.209	18.59	-0.25
1.209	18.60	-0.25
1.210	18.61	-0.25
1.210	18.61	-0.25
1.210	18.61	-0.25
1.210	18.62	-0.25
1.210	18.62	-0.25
1.210	18.62	-0.25
1.209	18.62	-0.25
1.210	18.62	-0.25
1.210	18.60	-0.25
1.210	18.61	-0.25
1.210	18.63	-0.25
1.210	18.63	-0.25
1.210	18.63	-0.25
1.210	18.63	-0.25
1.210	18.62	-0.25
1.210	18.60	-0.25
1.211	18.61	-0.25
1.211	18.61	-0.25
1.211	18.61	-0.25
1.211	18.61	-0.25
1.211	18.61	-0.25
1.211	18.62	-0.25
1.211	18.60	-0.25
1.211	18.60	-0.25
1.211	18.59	-0.25
1.211	18.58	-0.25
1.212	18.53	-0.25
1.212	18.50	-0.25
1.212	18.51	-0.25
1.212	18.53	-0.25
1.212	18.53	-0.25
1.212	18.54	-0.25
1.212	18.54	-0.25
1.212	18.55	-0.25
1.212	18.55	-0.25
1.212	18.55	-0.25
1.212	18.56	-0.25
1.212	18.56	-0.25
1.212	18.54	-0.25
1.213	18.54	-0.25
1.213	18.54	-0.25
1.213	18.54	-0.25
1.213	18.55	-0.25
1.213	18.56	-0.25
1.213	18.57	-0.25
1.213	18.58	-0.25
1.213	18.59	-0.25
1.213	18.58	-0.25
1.213	18.56	-0.25
1.213	18.56	-0.25
1.213	18.54	-0.25
1.214	18.53	-0.25
1.214	18.54	-0.25
1.214	18.55	-0.25
1.214	18.55	-0.25
1.214	18.56	-0.25
1.215	18.57	-0.25
1.215	18.56	-0.25
1.215	18.55	-0.25
1.215	18.54	-0.25
1.215	18.54	-0.25
1.215	18.55	-0.25
1.215	18.55	-0.25
1.215	18.55	-0.25
1.215	18.55	-0.25
1.215	18.54	-0.25
1.216	18.52	-0.25
1.216	18.53	-0.25
1.216	18.54	-0.25
1.217	18.53	-0.25
1.217	18.53	-0.25
1.217	18.53	-0.25
1.217	18.52	-0.25
1.217	18.53	-0.25
1.217	18.52	-0.25
1.217	18.51	-0.25
1.217	18.50	-0.25
1.218	18.49	-0.25
1.218	18.49	-0.25
1.218	18.49	-0.25
1.218	18.49	-0.25
1.218	18.47	-0.25
1.218	18.47	-0.25
1.218	18.45	-0.25
1.219	18.44	-0.25
1.219	18.45	-0.25
1.219	18.45	-0.25
1.220	18.46	-0.25
1.220	18.46	-0.25
1.220	18.47	-0.25
1.220	18.47	-0.25
1.220	18.46	-0.25
1.220	18.45	-0.25
1.220	18.43	-0.25
1.221	18.45	-0.25
1.221	18.45	-0.25
1.221	18.46	-0.25
1.221	18.46	-0.25
1.221	18.46	-0.25
1.221	18.47	-0.25
1.222	18.46	-0.25
1.222	18.46	-0.25
1.222	18.46	-0.25
1.222	18.46	-0.25
1.222	18.45	-0.25
1.222	18.45	-0.25
1.223	18.45	-0.25
1.223	18.45	-0.25
1.223	18.44	-0.25
1.223	18.44	-0.25
1.223	18.45	-0.25
1.224	18.45	-0.25
1.224	18.45	-0.25
1.224	18.44	-0.25
1.224	18.44	-0.25
1.224	18.45	-0.25
1.224	18.44	-0.25
1.225	18.44	-0.25
1.225	18.43	-0.25
1.225	18.42	-0.25
1.225	18.41	-0.25
1.225	18.40	-0.25
1.226	18.39	-0.25
1.226	18.39	-0.25
1.226	18.40	-0.25
1.226	18.41	-0.25
1.226	18.42	-0.25
1.227	18.42	-0.25
1.227	18.42	-0.25
1.227	18.41	-0.25
1.227	18.41	-0.25
1.227	18.39	-0.25
1.228	18.39	-0.25
1.228	18.39	-0.25
1.228	18.40	-0.25
1.228	18.39	-0.25
1.228	18.39	-0.25
1.228	18.39	-0.25
1.229	18.39	-0.25
1.229	18.39	-0.25
1.229	18.38	-0.25
1.229	18.38	-0.25
1.229	18.37	-0.25
1.230	18.37	-0.25
1.230	18.35	-0.25
1.230	18.35	-0.25
1.230	18.35	-0.25
1.230	18.35	-0.25
1.231	18.35	-0.25
1.231	18.34	-0.25
1.231	18.33	-0.25
1.231	18.31	-0.25
1.231	18.30	-0.25
1.231	18.31	-0.25
1.232	18.31	-0.25
1.232	18.31	-0.25
1.232	18.31	-0.25
1.232	18.30	-0.25
1.233	18.29	-0.25
1.233	18.29	-0.25
1.233	18.28	-0.25
1.233	18.19	-0.25
1.233	18.21	-0.25
1.234	18.24	-0.25
1.234	18.28	-0.25
1.234	18.28	-0.25
1.235	18.26	-0.25
1.235	18.28	-0.25
1.235	18.30	-0.25
1.236	18.30	-0.25
1.236	18.31	-0.25
1.236	18.30	-0.25
1.236	18.29	-0.25
1.236	18.28	-0.25
1.236	18.27	-0.25
1.237	18.26	-0.25
1.237	18.26	-0.25
1.237	18.26	-0.25
1.237	18.26	-0.25
1.238	18.26	-0.25
1.238	18.25	-0.25
1.238	18.24	-0.25
1.238	18.25	-0.25
1.239	18.25	-0.25
1.239	18.25	-0.25
1.239	18.24	-0.25
1.239	18.24	-0.25
1.239	18.22	-0.25
1.239	18.22	-0.25
1.239	18.21	-0.25
1.239	18.21	-0.25
1.239	18.20	-0.25
1.240	18.21	-0.25
1.240	18.22	-0.25
1.240	18.22	-0.25
1.240	18.21	-0.25
1.241	18.20	-0.25
1.241	18.19	-0.25
1.241	18.18	-0.25
1.241	18.16	-0.25
1.241	18.14	-0.25
1.242	18.01	-0.25
1.242	18.14	-0.25
1.242	18.09	-0.25
1.242	17.99	-0.25
1.242	18.07	-0.25
1.242	18.13	-0.25
1.242	18.16	-0.25
1.243	18.17	-0.25
1.243	18.19	-0.25
1.243	18.20	-0.25
1.243	18.20	-0.25
1.243	18.20	-0.25
1.244	18.18	-0.25
1.244	18.15	-0.25
1.244	18.16	-0.25
1.244	18.16	-0.25
1.245	18.16	-0.25
1.245	18.16	-0.25
1.245	18.16	-0.25
1.245	18.17	-0.25
1.245	18.14	-0.25
1.245	18.13	-0.25
1.245	18.12	-0.25
1.246	18.12	-0.25
1.246	18.12	-0.25
1.246	18.12	-0.25
1.246	18.12	-0.25
1.247	18.10	-0.25
1.247	18.08	-0.25
1.247	18.08	-0.25
1.247	18.05	-0.25
1.248	18.05	-0.25
1.248	18.04	-0.25
1.248	18.02	-0.25
1.249	18.01	-0.25
1.249	18.01	-0.25
1.249	18.01	-0.25
1.250	18.01	-0.25
1.250	18.01	-0.25
1.250	18.01	-0.25
1.250	18.00	-0.25
1.250	18.00	-0.25
1.250	18.00	-0.25
1.250	18.00	-0.25
1.250	18.00	-0.25
1.250	18.00	-0.25
1.250	18.00	-0.25
1.250	18.00	-0.25
1.251	18.00	-0.25
1.251	18.00	-0.25
1.251	18.00	-0.25
1.251	18.00	-0.25
1.251	18.00	-0.25
1.251	18.00	-0.25
1.252	18.00	-0.25
1.252	18.00	-0.25
1.252	17.98	-0.25
1.252	17.99	-0.25
1.252	18.00	-0.25
1.253	18.00	-0.25
1.253	18.00	-0.25
1.253	18.00	-0.25
1.253	18.00	-0.25
1.253	17.99	-0.25
1.254	17.99	-0.25
1.254	17.99	-0.25
1.254	17.99	-0.25
1.254	18.00	-0.25
1.254	17.99	-0.25
1.255	17.99	-0.25
1.255	17.99	-0.25
1.255	17.99	-0.25
1.255	17.98	-0.25
1.256	17.97	-0.25
1.256	17.97	-0.25
1.256	17.96	-0.25
1.256	17.95	-0.25
1.256	17.94	-0.25
1.256	17.92	-0.25
1.256	17.94	-0.25
1.257	17.95	-0.25
1.257	17.94	-0.25
1.257	17.95	-0.25
1.258	17.95	-0.25
1.258	17.96	-0.25
1.258	17.95	-0.25
1.258	17.92	-0.25
1.259	17.89	-0.25
1.259	17.86	-0.25
1.259	17.85	-0.25
1.260	17.85	-0.25
1.260	17.84	-0.25
1.260	17.84	-0.25
1.260	17.84	-0.25
1.261	17.83	-0.25
1.261	17.83	-0.25
1.261	17.83	-0.25
1.262	17.82	-0.25
1.262	17.80	-0.25
1.262	17.80	-0.25
1.263	17.80	-0.25
1.263	17.80	-0.25
1.263	17.80	-0.25
1.263	17.80	-0.25
1.263	17.80	-0.25
1.264	17.80	-0.25
1.264	17.79	-0.25
1.264	17.79	-0.25
1.265	17.78	-0.25
1.265	17.78	-0.25
1.265	17.77	-0.25
1.266	17.77	-0.25
1.266	17.76	-0.25
1.267	17.76	-0.25
1.267	17.74	-0.25
1.267	17.74	-0.25
1.268	17.73	-0.25
1.268	17.73	-0.25
1.268	17.73	-0.25
1.269	17.73	-0.25
1.269	17.72	-0.25
1.270	17.72	-0.25
1.270	17.72	-0.25
1.270	17.71	-0.25
1.270	17.71	-0.25
1.271	17.71	-0.25
1.271	17.70	-0.25
1.271	17.70	-0.25
1.271	17.70	-0.25
1.272	17.69	-0.25
1.272	17.69	-0.25
1.272	17.69	-0.25
1.273	17.69	-0.25
1.273	17.68	-0.25
1.273	17.68	-0.25
1.274	17.66	-0.25
1.274	17.66	-0.25
1.274	17.66	-0.25
1.274	17.66	-0.25
1.275	17.66	-0.25
1.275	17.66	-0.25
1.275	17.65	-0.25
1.275	17.65	-0.25
1.276	17.65	-0.25
1.276	17.65	-0.25
1.277	17.64	-0.25
1.277	17.63	-0.25
1.277	17.63	-0.25
1.277	17.62	-0.25
1.277	17.62	-0.25
1.278	17.62	-0.25
1.278	17.61	-0.25
1.278	17.61	-0.25
1.278	17.60	-0.25
1.279	17.60	-0.25
1.279	17.60	-0.25
1.279	17.60	-0.25
1.280	17.59	-0.25
1.280	17.59	-0.25
1.280	17.58	-0.25
1.280	17.58	-0.25
1.281	17.57	-0.25
1.281	17.56	-0.25
1.281	17.55	-0.25
1.282	17.54	-0.25
1.282	17.53	-0.25
1.283	17.53	-0.25
1.283	17.53	-0.25
1.284	17.53	-0.25
1.284	17.52	-0.25
1.284	17.52	-0.25
1.284	17.50	-0.25
1.285	17.50	-0.25
1.285	17.49	-0.25
1.286	17.48	-0.25
1.286	17.48	-0.25
1.286	17.48	-0.25
1.286	17.48	-0.25
1.287	17.46	-0.25
1.287	17.46	-0.25
1.288	17.45	-0.25
1.288	17.45	-0.25
1.288	17.44	-0.25
1.288	17.44	-0.25
1.289	17.44	-0.25
1.289	17.43	-0.25
1.289	17.43	-0.25
1.289	17.42	-0.25
1.290	17.41	-0.25
1.290	17.41	-0.25
1.291	17.40	-0.25
1.291	17.40	-0.25
1.292	17.39	-0.25
1.292	17.38	-0.25
1.292	17.38	-0.25
1.292	17.38	-0.25
1.293	17.38	-0.25
1.293	17.37	-0.25
1.293	17.37	-0.25
1.293	17.36	-0.25
1.294	17.35	-0.25
1.294	17.35	-0.25
1.294	17.35	-0.25
1.295	17.34	-0.25
1.295	17.34	-0.25
1.295	17.34	-0.25
1.295	17.33	-0.25
1.295	17.33	-0.25
1.295	17.33	-0.25
1.295	17.32	-0.25
1.296	17.31	-0.25
1.296	17.31	-0.25
1.296	17.31	-0.25
1.296	17.31	-0.25
1.296	17.31	-0.25
1.297	17.30	-0.25
1.297	17.30	-0.25
1.297	17.29	-0.25
1.298	17.29	-0.25
1.298	17.29	-0.25
1.298	17.28	-0.25
1.298	17.28	-0.25
1.298	17.27	-0.25
1.299	17.27	-0.25
1.299	17.27	-0.25
1.299	17.14	-0.25
1.299	17.11	-0.25
1.300	17.18	-0.25
1.300	17.24	-0.25
1.300	17.26	-0.25
1.300	17.26	-0.25
1.301	17.26	-0.25
1.301	17.26	-0.25
1.302	17.25	-0.25
1.302	17.24	-0.25
1.302	17.24	-0.25
1.303	17.24	-0.25
1.303	17.23	-0.25
1.303	17.24	-0.25
1.303	17.23	-0.25
1.303	17.23	-0.25
1.304	17.23	-0.25
1.304	17.23	-0.25
1.305	17.23	-0.25
1.305	17.22	-0.25
1.305	17.21	-0.25
1.306	17.21	-0.25
1.306	17.21	-0.25
1.306	17.21	-0.25
1.306	17.21	-0.25
1.306	17.20	-0.25
1.307	17.19	-0.25
1.307	17.19	-0.25
1.307	17.18	-0.25
1.308	17.18	-0.25
1.308	17.18	-0.25
1.308	17.17	-0.25
1.309	17.17	-0.25
1.309	17.17	-0.25
1.309	17.16	-0.25
1.310	17.16	-0.25
1.310	17.15	-0.25
1.310	17.15	-0.25
1.310	17.15	-0.25
1.311	17.15	-0.25
1.311	17.14	-0.25
1.311	17.14	-0.25
1.311	17.13	-0.25
1.312	17.13	-0.25
1.312	17.13	-0.25
1.312	17.13	-0.25
1.312	17.12	-0.25
1.313	17.12	-0.25
1.313	17.11	-0.25
1.314	17.11	-0.25
1.314	17.10	-0.25
1.314	17.09	-0.25
1.315	17.09	-0.25
1.315	17.08	-0.25
1.315	17.07	-0.25
1.315	17.07	-0.25
1.316	17.06	-0.25
1.316	17.06	-0.25
1.317	17.01	-0.25
1.317	17.05	-0.25
1.317	17.05	-0.25
1.318	17.04	-0.25
1.318	17.04	-0.25
1.318	17.04	-0.25
1.318	17.03	-0.25
1.318	17.03	-0.25
1.319	17.02	-0.25
1.319	17.01	-0.25
1.319	17.01	-0.25
1.320	17.00	-0.25
1.320	17.00	-0.25
1.320	16.99	-0.25
1.320	16.99	-0.25
1.320	16.99	-0.25
1.321	16.98	-0.25
1.321	16.98	-0.25
1.321	16.98	-0.25
1.322	16.97	-0.25
1.322	16.97	-0.25
1.322	16.96	-0.25
1.323	16.96	-0.25
1.323	16.96	-0.25
1.323	16.95	-0.25
1.324	16.95	-0.25
1.324	16.95	-0.25
1.324	16.94	-0.25
1.324	16.94	-0.25
1.324	16.93	-0.25
1.325	16.93	-0.25
1.325	16.92	-0.25
1.325	16.92	-0.25
1.325	16.92	-0.25
1.326	16.90	-0.25
1.326	16.90	-0.25
1.327	16.90	-0.25
1.327	16.89	-0.25
1.327	16.88	-0.25
1.328	16.88	-0.25
1.328	16.88	-0.25
1.328	16.88	-0.25
1.328	16.87	-0.25
1.329	16.87	-0.25
1.329	16.87	-0.25
1.329	16.86	-0.25
1.330	16.85	-0.25
1.330	16.84	-0.25
1.330	16.84	-0.25
1.331	16.83	-0.25
1.331	16.83	-0.25
1.331	16.83	-0.25
1.332	16.83	-0.25
1.332	16.82	-0.25
1.332	16.82	-0.25
1.332	16.82	-0.25
1.333	16.80	-0.25
1.333	16.80	-0.25
1.334	16.80	-0.25
1.334	16.79	-0.25
1.334	16.79	-0.25
1.334	16.78	-0.25
1.335	16.78	-0.25
1.335	16.78	-0.25
1.335	16.78	-0.25
1.335	16.78	-0.25
1.336	16.78	-0.25
1.336	16.78	-0.25
1.337	16.77	-0.25
1.337	16.77	-0.25
1.337	16.77	-0.25
1.338	16.76	-0.25
1.338	16.75	-0.25
1.339	16.75	-0.25
1.339	16.75	-0.25
1.340	16.74	-0.25
1.340	16.74	-0.25
1.340	16.74	-0.25
1.340	16.74	-0.25
1.340	16.74	-0.25
1.340	16.73	-0.25
1.341	16.72	-0.25
1.341	16.73	-0.25
1.341	16.71	-0.25
1.341	16.71	-0.25
1.341	16.72	-0.25
1.342	16.72	-0.25
1.342	16.72	-0.25
1.342	16.72	-0.25
1.342	16.71	-0.25
1.343	16.70	-0.25
1.343	16.70	-0.25
1.343	16.69	-0.25
1.344	16.69	-0.25
1.344	16.69	-0.25
1.345	16.69	-0.25
1.345	16.69	-0.25
1.345	16.68	-0.25
1.345	16.68	-0.25
1.346	16.68	-0.25
1.346	16.67	-0.25
1.346	16.67	-0.25
1.346	16.66	-0.25
1.347	16.66	-0.25
1.347	16.66	-0.25
1.347	16.66	-0.25
1.347	16.65	-0.25
1.348	16.65	-0.25
1.348	16.65	-0.25
1.348	16.65	-0.25
1.348	16.65	-0.25
1.348	16.65	-0.25
1.348	16.64	-0.25
1.348	16.64	-0.25
1.348	16.64	-0.25
1.349	16.63	-0.25
1.349	16.63	-0.25
1.349	16.62	-0.25
1.350	16.61	-0.25
1.350	16.61	-0.25
1.351	16.60	-0.25
1.351	16.60	-0.25
1.351	16.59	-0.25
1.352	16.58	-0.25
1.352	16.57	-0.25
1.352	16.57	-0.25
1.353	16.57	-0.25
1.353	16.57	-0.25
1.353	16.56	-0.25
1.353	16.56	-0.25
1.353	16.56	-0.25
1.354	16.55	-0.25
1.354	16.55	-0.25
1.354	16.55	-0.25
1.355	16.54	-0.25
1.355	16.54	-0.25
1.355	16.54	-0.25
1.355	16.53	-0.25
1.355	16.53	-0.25
1.356	16.53	-0.25
1.356	16.52	-0.25
1.356	16.52	-0.25
1.356	16.51	-0.25
1.356	16.50	-0.25
1.357	16.50	-0.25
1.357	16.49	-0.25
1.358	16.49	-0.25
1.358	16.48	-0.25
1.359	16.48	-0.25
1.359	16.47	-0.25
1.360	16.46	-0.25
1.360	16.46	-0.25
1.361	16.45	-0.25
1.362	16.44	-0.25
1.362	16.43	-0.25
1.362	16.43	-0.25
1.363	16.42	-0.25
1.363	16.42	-0.25
1.363	16.42	-0.25
1.364	16.41	-0.25
1.364	16.40	-0.25
1.365	16.40	-0.25
1.365	16.40	-0.25
1.365	16.39	-0.25
1.365	16.39	-0.25
1.366	16.38	-0.25
1.366	16.38	-0.25
1.366	16.38	-0.25
1.367	16.38	-0.25
1.367	16.37	-0.25
1.367	16.36	-0.25
1.368	16.36	-0.25
1.368	16.35	-0.25
1.368	16.34	-0.25
1.369	16.34	-0.25
1.369	16.34	-0.25
1.370	16.34	-0.25
1.370	16.33	-0.25
1.370	16.33	-0.25
1.371	16.32	-0.25
1.371	16.32	-0.25
1.371	16.32	-0.25
1.372	16.32	-0.25
1.372	16.32	-0.25
1.372	16.32	-0.25
1.372	16.32	-0.25
1.373	16.32	-0.25
1.373	16.32	-0.25
1.373	16.32	-0.25
1.373	16.31	-0.25
1.374	16.31	-0.25
1.374	16.31	-0.25
1.374	16.31	-0.25
1.374	16.30	-0.25
1.375	16.30	-0.25
1.375	16.30	-0.25
1.375	16.29	-0.25
1.376	16.29	-0.25
1.376	16.28	-0.25
1.376	16.28	-0.25
1.377	16.27	-0.25
1.377	16.28	-0.25
1.377	16.27	-0.25
1.378	16.26	-0.25
1.378	16.26	-0.25
1.379	16.26	-0.25
1.379	16.26	-0.25
1.379	16.25	-0.25
1.380	16.24	-0.25
1.380	16.24	-0.25
1.381	16.22	-0.25
1.382	16.21	-0.25
1.382	16.21	-0.25
1.382	16.21	-0.25
1.382	16.21	-0.25
1.383	16.21	-0.25
1.383	16.21	-0.25
1.383	16.20	-0.25
1.383	16.20	-0.25
1.383	16.20	-0.24
1.383	16.20	-0.25
1.383	16.20	-0.24
1.383	16.19	-0.25
1.383	16.19	-0.24
1.384	16.19	-0.25
1.384	16.19	-0.24
1.384	16.19	-0.24
1.384	16.19	-0.24
1.384	16.19	-0.24
1.385	16.19	-0.24
1.385	16.18	-0.24
1.385	16.18	-0.24
1.385	16.18	-0.24
1.385	16.18	-0.24
1.386	16.18	-0.24
1.386	16.16	-0.24
1.386	16.15	-0.24
1.387	16.15	-0.24
1.387	16.15	-0.24
1.388	16.14	-0.24
1.388	16.13	-0.24
1.388	16.13	-0.24
1.389	16.13	-0.24
1.389	16.12	-0.24
1.389	16.11	-0.24
1.389	16.11	-0.24
1.390	16.10	-0.24
1.390	16.09	-0.24
1.391	16.07	-0.24
1.391	16.07	-0.24
1.392	16.07	-0.24
1.392	16.06	-0.24
1.392	16.06	-0.24
1.392	16.06	-0.24
1.393	16.05	-0.24
1.393	16.04	-0.24
1.394	16.03	-0.24
1.395	16.02	-0.24
1.395	16.02	-0.24
1.395	16.02	-0.24
1.395	16.02	-0.24
1.396	16.02	-0.24
1.396	16.01	-0.24
1.396	16.00	-0.24
1.397	16.00	-0.24
1.397	15.99	-0.24
1.398	15.99	-0.24
1.398	15.98	-0.24
1.398	15.97	-0.24
1.398	15.97	-0.24
1.399	15.97	-0.24
1.399	15.97	-0.24
1.399	15.96	-0.24
1.399	15.96	-0.24
1.400	15.96	-0.24
1.400	15.95	-0.24
1.401	15.95	-0.24
1.401	15.94	-0.24
1.401	15.94	-0.24
1.402	15.93	-0.24
1.402	15.92	-0.24
1.403	15.93	-0.24
1.403	15.93	-0.24
1.403	15.93	-0.24
1.403	15.92	-0.24
1.403	15.91	-0.24
1.403	15.91	-0.24
1.404	15.91	-0.24
1.404	15.91	-0.24
1.404	15.91	-0.24
1.404	15.90	-0.24
1.404	15.90	-0.24
1.404	15.90	-0.24
1.405	15.90	-0.24
1.405	15.89	-0.24
1.405	15.89	-0.24
1.405	15.88	-0.24
1.406	15.88	-0.24
1.407	15.88	-0.24
1.407	15.87	-0.24
1.407	15.86	-0.24
1.408	15.86	-0.24
1.408	15.86	-0.24
1.408	15.85	-0.24
1.409	15.85	-0.24
1.410	15.84	-0.24
1.410	15.84	-0.24
1.410	15.83	-0.24
1.411	15.83	-0.24
1.411	15.83	-0.24
1.411	15.83	-0.24
1.411	15.83	-0.24
1.412	15.83	-0.24
1.412	15.83	-0.24
1.412	15.82	-0.24
1.413	15.83	-0.24
1.413	15.82	-0.24
1.413	15.82	-0.24
1.413	15.82	-0.24
1.413	15.82	-0.24
1.414	15.82	-0.24
1.414	15.82	-0.24
1.414	15.82	-0.24
1.414	15.81	-0.24
1.414	15.81	-0.24
1.415	15.80	-0.24
1.415	15.80	-0.24
1.416	15.80	-0.24
1.416	15.80	-0.24
1.416	15.80	-0.24
1.416	15.79	-0.24
1.416	15.79	-0.24
1.417	15.79	-0.24
1.417	15.79	-0.24
1.417	15.78	-0.24
1.417	15.78	-0.24
1.417	15.78	-0.24
1.418	15.78	-0.24
1.418	15.77	-0.24
1.419	15.77	-0.24
1.419	15.77	-0.24
1.419	15.77	-0.24
1.419	15.76	-0.24
1.419	15.76	-0.24
1.420	15.75	-0.24
1.420	15.75	-0.24
1.420	15.74	-0.24
1.420	15.74	-0.24
1.421	15.74	-0.24
1.421	15.74	-0.24
1.421	15.74	-0.24
1.421	15.74	-0.24
1.422	15.73	-0.24
1.422	15.73	-0.24
1.422	15.73	-0.24
1.422	15.73	-0.24
1.422	15.72	-0.24
1.423	15.71	-0.24
1.423	15.71	-0.24
1.424	15.71	-0.24
1.424	15.70	-0.24
1.424	15.70	-0.24
1.425	15.69	-0.24
1.425	15.69	-0.24
1.426	15.68	-0.24
1.426	15.68	-0.24
1.426	15.68	-0.24
1.427	15.67	-0.24
1.427	15.66	-0.24
1.427	15.65	-0.24
1.428	15.65	-0.24
1.428	15.64	-0.24
1.429	15.63	-0.24
1.429	15.62	-0.24
1.430	15.62	-0.24
1.430	15.62	-0.24
1.430	15.61	-0.24
1.431	15.50	-0.24
1.432	15.45	-0.24
1.432	15.44	-0.24
1.432	15.47	-0.24
1.433	15.52	-0.24
1.433	15.51	-0.24
1.433	15.54	-0.24
1.434	15.57	-0.24
1.434	15.56	-0.24
1.435	15.55	-0.24
1.435	15.55	-0.24
1.435	15.55	-0.24
1.435	15.54	-0.24
1.436	15.53	-0.24
1.436	15.53	-0.24
1.436	15.53	-0.24
1.437	15.52	-0.24
1.437	15.51	-0.24
1.438	15.51	-0.24
1.439	15.50	-0.24
1.439	15.50	-0.24
1.439	15.50	-0.24
1.439	15.50	-0.24
1.439	15.50	-0.24
1.439	15.49	-0.24
1.439	15.50	-0.24
1.439	15.50	-0.24
1.439	15.49	-0.24
1.439	15.50	-0.24
1.439	15.49	-0.24
1.439	15.50	-0.24
1.439	15.50	-0.24
1.439	15.50	-0.24
1.439	15.50	-0.24
1.439	15.50	-0.24
1.439	15.50	-0.24
1.439	15.50	-0.24
1.439	15.49	-0.24
1.439	15.50	-0.24
1.439	15.50	-0.24
1.439	15.50	-0.24
1.439	15.50	-0.24
1.439	15.50	-0.24
1.439	15.50	-0.24
1.439	15.50	-0.24
1.439	15.50	-0.24
1.439	15.50	-0.24
1.439	15.50	-0.24
1.439	15.50	-0.24
1.439	15.48	-0.24
1.439	15.48	-0.24
1.440	15.47	-0.24
1.441	15.46	-0.24
1.442	15.45	-0.24
1.442	15.45	-0.24
1.443	15.44	-0.24
1.443	15.44	-0.24
1.443	15.44	-0.24
1.443	15.44	-0.24
1.444	15.43	-0.24
1.444	15.42	-0.24
1.445	15.42	-0.24
1.445	15.42	-0.24
1.445	15.42	-0.24
1.445	15.42	-0.24
1.446	15.41	-0.24
1.447	15.40	-0.24
1.447	15.40	-0.24
1.448	15.40	-0.24
1.448	15.39	-0.24
1.448	15.39	-0.24
1.449	15.38	-0.24
1.449	15.38	-0.24
1.450	15.37	-0.24
1.450	15.37	-0.24
1.450	15.38	-0.24
1.451	15.37	-0.24
1.451	15.37	-0.24
1.451	15.37	-0.24
1.452	15.37	-0.24
1.452	15.37	-0.24
1.452	15.37	-0.24
1.452	15.37	-0.24
1.452	15.37	-0.24
1.452	15.36	-0.24
1.452	15.36	-0.24
1.452	15.36	-0.24
1.453	15.36	-0.24
1.453	15.35	-0.24
1.454	15.34	-0.24
1.455	15.34	-0.24
1.455	15.33	-0.24
1.456	15.34	-0.24
1.456	15.34	-0.24
1.456	15.34	-0.24
1.456	15.34	-0.24
1.457	15.33	-0.24
1.457	15.32	-0.24
1.457	15.33	-0.24
1.457	15.32	-0.24
1.457	15.32	-0.24
1.458	15.31	-0.24
1.458	15.31	-0.24
1.459	15.31	-0.24
1.459	15.31	-0.24
1.459	15.30	-0.24
1.460	15.30	-0.24
1.460	15.29	-0.24
1.460	15.29	-0.24
1.460	15.28	-0.24
1.461	15.28	-0.24
1.461	15.28	-0.24
1.461	15.28	-0.24
1.461	15.28	-0.24
1.462	15.26	-0.24
1.462	15.26	-0.24
1.463	15.25	-0.24
1.464	15.24	-0.24
1.465	15.23	-0.24
1.466	15.23	-0.24
1.467	15.23	-0.24
1.467	15.21	-0.24
1.468	15.19	-0.24
1.469	15.19	-0.24
1.470	15.17	-0.24
1.471	15.15	-0.24
1.472	15.15	-0.24
1.472	15.14	-0.24
1.473	15.13	-0.24
1.474	15.13	-0.24
1.475	15.12	-0.24
1.475	15.11	-0.24
1.476	15.10	-0.24
1.476	15.08	-0.24
1.477	15.08	-0.24
1.478	15.07	-0.24
1.478	15.07	-0.24
1.479	15.07	-0.24
1.479	15.06	-0.24
1.479	15.06	-0.24
1.479	15.05	-0.24
1.480	15.06	-0.24
1.480	15.04	-0.24
1.481	15.03	-0.24
1.482	15.03	-0.24
1.482	15.02	-0.24
1.482	15.01	-0.25
1.483	15.00	-0.24
1.483	15.00	-0.24
1.484	15.00	-0.24
1.484	14.99	-0.24
1.485	14.98	-0.25
1.485	14.98	-0.25
1.485	14.98	-0.25
1.486	14.97	-0.25
1.487	14.97	-0.25
1.487	14.96	-0.25
1.487	14.96	-0.25
1.488	14.96	-0.25
1.488	14.95	-0.25
1.488	14.95	-0.25
1.488	14.95	-0.25
1.488	14.95	-0.25
1.489	14.95	-0.25
1.489	14.95	-0.25
1.489	14.94	-0.25
1.489	14.93	-0.25
1.490	14.93	-0.25
1.490	14.93	-0.25
1.491	14.93	-0.25
1.491	14.92	-0.25
1.491	14.91	-0.25
1.492	14.91	-0.25
1.492	14.90	-0.25
1.493	14.90	-0.25
1.493	14.90	-0.25
1.493	14.90	-0.25
1.494	14.89	-0.25
1.494	14.89	-0.25
1.494	14.89	-0.25
1.495	14.89	-0.25
1.495	14.89	-0.25
1.495	14.89	-0.25
1.496	14.88	-0.25
1.496	14.88	-0.25
1.496	14.88	-0.25
1.496	14.88	-0.25
1.497	14.88	-0.25
1.497	14.88	-0.25
1.497	14.87	-0.25
1.498	14.87	-0.25
1.498	14.87	-0.25
1.498	14.87	-0.25
1.498	14.87	-0.25
1.498	14.87	-0.25
1.499	14.87	-0.25
1.499	14.87	-0.25
1.499	14.86	-0.25
1.499	14.86	-0.25
1.499	14.86	-0.25
1.500	14.85	-0.25
1.500	14.85	-0.25
1.500	14.85	-0.25
1.501	14.85	-0.25
1.501	14.85	-0.25
1.502	14.85	-0.25
1.502	14.84	-0.25
1.502	14.84	-0.25
1.502	14.83	-0.25
1.503	14.83	-0.25
1.503	14.83	-0.25
1.503	14.83	-0.25
1.503	14.82	-0.25
1.504	14.82	-0.25
1.504	14.82	-0.25
1.504	14.82	-0.25
1.504	14.82	-0.25
1.505	14.81	-0.25
1.505	14.81	-0.25
1.505	14.81	-0.25
1.505	14.81	-0.25
1.505	14.80	-0.25
1.506	14.80	-0.25
1.506	14.79	-0.25
1.507	14.79	-0.25
1.507	14.79	-0.25
1.508	14.79	-0.25
1.508	14.79	-0.25
1.508	14.79	-0.25
1.508	14.78	-0.25
1.508	14.78	-0.25
1.508	14.78	-0.25
1.508	14.78	-0.25
1.508	14.77	-0.25
1.509	14.77	-0.25
1.509	14.77	-0.25
1.509	14.76	-0.25
1.509	14.76	-0.25
1.510	14.76	-0.25
1.510	14.76	-0.25
1.510	14.75	-0.25
1.511	14.75	-0.25
1.511	14.75	-0.25
1.511	14.74	-0.25
1.511	14.74	-0.25
1.512	14.73	-0.25
1.512	14.73	-0.25
1.512	14.73	-0.25
1.513	14.73	-0.25
1.513	14.72	-0.25
1.513	14.71	-0.25
1.514	14.70	-0.25
1.514	14.70	-0.25
1.515	14.70	-0.25
1.515	14.69	-0.25
1.516	14.68	-0.25
1.517	14.67	-0.25
1.517	14.66	-0.25
1.518	14.66	-0.25
1.518	14.66	-0.25
1.519	14.65	-0.25
1.519	14.64	-0.25
1.519	14.64	-0.25
1.520	14.62	-0.25
1.520	14.63	-0.25
1.520	14.62	-0.25
1.521	14.62	-0.25
1.521	14.62	-0.25
1.521	14.61	-0.25
1.522	14.61	-0.25
1.522	14.61	-0.25
1.522	14.60	-0.25
1.522	14.60	-0.25
1.523	14.60	-0.25
1.523	14.59	-0.25
1.524	14.59	-0.25
1.524	14.59	-0.25
1.524	14.59	-0.25
1.525	14.59	-0.25
1.525	14.56	-0.25
1.525	14.57	-0.25
1.526	14.55	-0.25
1.526	14.55	-0.25
1.527	14.55	-0.25
1.527	14.54	-0.25
1.528	14.53	-0.25
1.529	14.52	-0.25
1.529	14.52	-0.25
1.530	14.51	-0.25
1.531	14.51	-0.25
1.531	14.50	-0.25
1.532	14.50	-0.25
1.533	14.49	-0.25
1.534	14.48	-0.25
1.534	14.48	-0.25
1.534	14.47	-0.25
1.535	14.47	-0.25
1.535	14.46	-0.25
1.536	14.46	-0.25
1.536	14.45	-0.25
1.537	14.45	-0.25
1.537	14.44	-0.25
1.537	14.44	-0.25
1.538	14.43	-0.25
1.539	14.43	-0.25
1.540	14.43	-0.25
1.540	14.43	-0.25
1.541	14.41	-0.25
1.542	14.41	-0.25
1.542	14.41	-0.25
1.543	14.41	-0.25
1.543	14.41	-0.25
1.543	14.41	-0.25
1.544	14.41	-0.25
1.544	14.41	-0.25
1.544	14.41	-0.25
1.545	14.41	-0.25
1.545	14.41	-0.25
1.545	14.41	-0.25
1.546	14.40	-0.25
1.546	14.39	-0.25
1.546	14.40	-0.25
1.546	14.40	-0.25
1.547	14.39	-0.25
1.547	14.39	-0.25
1.547	14.39	-0.25
1.548	14.39	-0.25
1.548	14.39	-0.25
1.548	14.39	-0.25
1.548	14.38	-0.25
1.549	14.38	-0.25
1.549	14.37	-0.25
1.549	14.37	-0.25
1.549	14.36	-0.25
1.549	14.36	-0.25
1.550	14.36	-0.25
1.550	14.36	-0.25
1.550	14.36	-0.25
1.551	14.36	-0.25
1.551	14.35	-0.25
1.551	14.34	-0.25
1.551	14.34	-0.25
1.552	14.34	-0.25
1.552	14.33	-0.25
1.552	14.33	-0.25
1.553	14.33	-0.25
1.553	14.33	-0.25
1.553	14.32	-0.25
1.554	14.32	-0.25
1.554	14.32	-0.25
1.554	14.32	-0.25
1.554	14.32	-0.25
1.555	14.31	-0.25
1.555	14.31	-0.25
1.555	14.30	-0.25
1.556	14.30	-0.25
1.556	14.30	-0.25
1.557	14.30	-0.25
1.557	14.29	-0.25
1.557	14.29	-0.25
1.558	14.28	-0.25
1.558	14.28	-0.25
1.558	14.28	-0.25
1.558	14.27	-0.25
1.559	14.27	-0.25
1.559	14.26	-0.25
1.560	14.25	-0.25
1.560	14.25	-0.25
1.561	14.25	-0.25
1.561	14.24	-0.25
1.562	14.23	-0.25
1.562	14.23	-0.25
1.562	14.22	-0.25
1.563	14.22	-0.25
1.563	14.21	-0.25
1.564	14.21	-0.25
1.564	14.21	-0.25
1.565	14.19	-0.25
1.565	14.18	-0.25
1.566	14.18	-0.25
1.567	14.18	-0.25
1.567	14.17	-0.25
1.567	14.16	-0.25
1.568	14.16	-0.25
1.568	14.15	-0.25
1.569	14.16	-0.25
1.569	14.15	-0.25
1.570	14.15	-0.25
1.570	14.14	-0.25
1.570	14.14	-0.25
1.571	14.13	-0.25
1.571	14.13	-0.25
1.571	14.13	-0.25
1.572	14.13	-0.25
1.572	14.11	-0.25
1.572	14.11	-0.25
1.573	14.10	-0.25
1.574	14.10	-0.25
1.574	14.09	-0.25
1.575	14.09	-0.25
1.575	14.09	-0.25
1.575	14.08	-0.25
1.576	14.08	-0.25
1.576	14.08	-0.25
1.577	14.06	-0.25
1.578	14.06	-0.25
1.578	14.05	-0.25
1.579	14.04	-0.25
1.580	14.04	-0.25
1.581	14.03	-0.25
1.581	14.03	-0.25
1.581	14.02	-0.25
1.582	14.03	-0.25
1.582	14.01	-0.25
1.582	14.00	-0.25
1.583	13.99	-0.25
1.583	13.99	-0.25
1.583	13.99	-0.25
1.584	13.99	-0.25
1.584	13.98	-0.25
1.585	13.98	-0.25
1.585	13.98	-0.25
1.586	13.97	-0.25
1.586	13.97	-0.25
1.587	13.97	-0.25
1.588	13.97	-0.25
1.588	13.97	-0.25
1.589	13.96	-0.25
1.589	13.96	-0.25
1.590	13.95	-0.25
1.590	13.95	-0.25
1.590	13.95	-0.25
1.591	13.95	-0.25
1.591	13.94	-0.25
1.591	13.94	-0.25
1.592	13.94	-0.25
1.592	13.94	-0.25
1.592	13.94	-0.25
1.593	13.94	-0.25
1.593	13.94	-0.25
1.593	13.94	-0.25
1.594	13.94	-0.25
1.594	13.94	-0.25
1.594	13.93	-0.25
1.594	13.93	-0.25
1.595	13.93	-0.25
1.595	13.93	-0.25
1.596	13.92	-0.25
1.596	13.92	-0.25
1.596	13.92	-0.25
1.597	13.92	-0.25
1.597	13.91	-0.25
1.598	13.91	-0.25
1.598	13.91	-0.25
1.598	13.90	-0.25
1.599	13.90	-0.25
1.599	13.90	-0.25
1.599	13.89	-0.25
1.600	13.89	-0.25
1.600	13.88	-0.25
1.601	13.89	-0.25
1.601	13.88	-0.25
1.601	13.88	-0.25
1.602	13.87	-0.25
1.602	13.86	-0.25
1.603	13.86	-0.25
1.604	13.85	-0.25
1.604	13.84	-0.25
1.605	13.84	-0.25
1.605	13.85	-0.25
1.605	13.84	-0.25
1.605	13.84	-0.25
1.605	13.83	-0.25
1.606	13.82	-0.25
1.606	13.83	-0.25
1.607	13.82	-0.25
1.607	13.82	-0.25
1.607	13.81	-0.25
1.608	13.80	-0.25
1.608	13.88	-0.25
1.609	13.80	-0.25
1.610	13.79	-0.25
1.610	13.79	-0.25
1.610	13.79	-0.25
1.611	13.78	-0.25
1.611	13.77	-0.25
1.612	13.77	-0.25
1.612	13.76	-0.25
1.613	13.75	-0.25
1.613	13.74	-0.25
1.614	13.74	-0.25
1.614	13.73	-0.25
1.615	13.72	-0.25
1.616	13.71	-0.25
1.617	13.71	-0.25
1.617	13.71	-0.25
1.617	13.71	-0.25
1.618	13.70	-0.25
1.618	13.70	-0.25
1.619	13.70	-0.25
1.619	13.69	-0.25
1.620	13.69	-0.25
1.620	13.67	-0.25
1.621	13.67	-0.25
1.621	13.67	-0.25
1.621	13.66	-0.25
1.622	13.65	-0.25
1.622	13.65	-0.25
1.623	13.64	-0.25
1.624	13.63	-0.25
1.625	13.63	-0.25
1.626	13.62	-0.25
1.627	13.61	-0.25
1.628	13.60	-0.25
1.628	13.60	-0.25
1.629	13.60	-0.25
1.629	13.59	-0.25
1.629	13.59	-0.25
1.630	13.58	-0.25
1.630	13.58	-0.25
1.630	13.58	-0.25
1.630	13.57	-0.25
1.631	13.57	-0.25
1.632	13.57	-0.25
1.632	13.56	-0.25
1.632	13.56	-0.25
1.632	13.54	-0.25
1.632	13.56	-0.25
1.633	13.55	-0.25
1.633	13.55	-0.25
1.633	13.55	-0.25
1.633	13.54	-0.25
1.633	13.55	-0.25
1.633	13.54	-0.25
1.633	13.54	-0.25
1.634	13.54	-0.25
1.634	13.54	-0.25
1.634	13.55	-0.25
1.634	13.54	-0.25
1.634	13.54	-0.25
1.634	13.53	-0.25
1.634	13.54	-0.25
1.635	13.53	-0.25
1.635	13.53	-0.25
1.635	13.53	-0.25
1.635	13.52	-0.25
1.635	13.53	-0.25
1.636	13.52	-0.25
1.636	13.53	-0.25
1.637	13.51	-0.25
1.637	13.51	-0.25
1.638	13.51	-0.25
1.638	13.51	-0.25
1.638	13.50	-0.25
1.639	13.49	-0.25
1.639	13.50	-0.25
1.640	13.49	-0.25
1.641	13.49	-0.25
1.641	13.48	-0.25
1.641	13.48	-0.25
1.642	13.48	-0.25
1.642	13.47	-0.25
1.643	13.48	-0.25
1.644	13.47	-0.25
1.644	13.47	-0.25
1.644	13.48	-0.25
1.645	13.47	-0.25
1.645	13.47	-0.25
1.645	13.46	-0.25
1.646	13.47	-0.25
1.647	13.46	-0.25
1.647	13.46	-0.25
1.647	13.46	-0.25
1.647	13.45	-0.25
1.648	13.45	-0.25
1.648	13.45	-0.25
1.649	13.45	-0.25
1.649	13.43	-0.25
1.649	13.44	-0.25
1.650	13.44	-0.25
1.650	13.44	-0.25
1.651	13.44	-0.25
1.651	13.43	-0.25
1.652	13.43	-0.25
1.652	13.43	-0.25
1.652	13.42	-0.25
1.653	13.42	-0.25
1.653	13.42	-0.25
1.653	13.41	-0.25
1.654	13.41	-0.25
1.654	13.40	-0.25
1.655	13.39	-0.25
1.656	13.39	-0.25
1.656	13.39	-0.25
1.657	13.38	-0.25
1.657	13.38	-0.25
1.658	13.37	-0.25
1.658	13.37	-0.25
1.659	13.37	-0.25
1.659	13.36	-0.25
1.660	13.37	-0.25
1.660	13.35	-0.25
1.661	13.34	-0.25
1.661	13.33	-0.25
1.661	13.33	-0.25
1.662	13.33	-0.25
1.662	13.32	-0.25
1.662	13.32	-0.25
1.663	13.31	-0.25
1.663	13.29	-0.25
1.664	13.30	-0.25
1.665	13.29	-0.25
1.666	13.28	-0.25
1.667	13.28	-0.25
1.668	13.27	-0.25
1.668	13.27	-0.25
1.668	13.27	-0.25
1.668	13.27	-0.25
1.668	13.26	-0.25
1.668	13.26	-0.25
1.669	13.25	-0.25
1.670	13.25	-0.25
1.670	13.24	-0.25
1.670	13.24	-0.25
1.671	13.23	-0.25
1.672	13.22	-0.25
1.672	13.22	-0.25
1.672	13.22	-0.25
1.673	13.21	-0.25
1.674	13.21	-0.25
1.674	13.21	-0.25
1.675	13.20	-0.25
1.675	13.20	-0.25
1.675	13.19	-0.25
1.676	13.19	-0.25
1.677	13.17	-0.25
1.677	13.16	-0.25
1.678	13.17	-0.25
1.678	13.16	-0.25
1.678	13.15	-0.25
1.679	13.15	-0.25
1.680	13.13	-0.25
1.681	13.13	-0.25
1.681	13.12	-0.25
1.682	13.12	-0.25
1.682	13.12	-0.25
1.683	13.12	-0.25
1.683	13.11	-0.25
1.685	13.10	-0.25
1.686	13.09	-0.25
1.686	13.08	-0.25
1.687	13.08	-0.25
1.689	13.07	-0.25
1.689	13.07	-0.25
1.690	13.06	-0.25
1.691	13.05	-0.25
1.692	13.05	-0.25
1.692	13.05	-0.25
1.693	13.04	-0.25
1.693	13.04	-0.25
1.694	13.04	-0.25
1.695	13.04	-0.25
1.695	13.02	-0.25
1.696	13.03	-0.25
1.697	13.02	-0.25
1.698	13.03	-0.25
1.698	13.02	-0.25
1.699	13.01	-0.25
1.700	13.01	-0.25
1.700	13.01	-0.25
1.700	13.01	-0.25
1.701	13.01	-0.25
1.701	13.01	-0.25
1.701	13.00	-0.25
1.702	13.00	-0.25
1.702	13.00	-0.25
1.702	12.99	-0.25
1.702	12.99	-0.25
1.703	12.99	-0.25
1.703	12.99	-0.25
1.704	12.98	-0.25
1.704	12.97	-0.25
1.705	12.98	-0.25
1.706	12.98	-0.25
1.706	12.98	-0.25
1.706	12.98	-0.25
1.706	12.97	-0.25
1.706	12.97	-0.25
1.706	12.96	-0.25
1.707	12.96	-0.25
1.708	12.96	-0.25
1.709	12.96	-0.25
1.709	12.95	-0.25
1.709	12.95	-0.25
1.710	12.95	-0.25
1.710	12.95	-0.25
1.711	12.94	-0.25
1.712	12.94	-0.25
1.712	12.93	-0.25
1.713	12.92	-0.25
1.714	12.91	-0.25
1.715	12.90	-0.25
1.716	12.90	-0.25
1.717	12.90	-0.25
1.717	12.88	-0.25
1.719	12.87	-0.25
1.720	12.87	-0.25
1.720	12.87	-0.25
1.721	12.86	-0.25
1.721	12.85	-0.25
1.722	12.85	-0.25
1.722	12.83	-0.25
1.724	12.83	-0.25
1.724	12.82	-0.25
1.725	12.82	-0.25
1.725	12.81	-0.25
1.726	12.81	-0.25
1.726	12.80	-0.25
1.726	12.79	-0.25
1.727	12.79	-0.25
1.727	12.79	-0.25
1.727	12.78	-0.25
1.727	12.78	-0.25
1.727	12.78	-0.25
1.727	12.78	-0.25
1.727	12.78	-0.25
1.728	12.77	-0.25
1.728	12.77	-0.25
1.729	12.76	-0.25
1.729	12.75	-0.25
1.731	12.74	-0.25
1.732	12.74	-0.25
1.733	12.73	-0.25
1.734	12.73	-0.25
1.734	12.72	-0.25
1.735	12.72	-0.25
1.735	12.71	-0.25
1.735	12.71	-0.25
1.736	12.71	-0.25
1.736	12.70	-0.25
1.737	12.70	-0.25
1.737	12.69	-0.25
1.738	12.69	-0.25
1.738	12.68	-0.25
1.738	12.67	-0.25
1.739	12.68	-0.25
1.739	12.68	-0.25
1.740	12.67	-0.25
1.740	12.67	-0.25
1.741	12.66	-0.25
1.741	12.65	-0.25
1.742	12.64	-0.25
1.742	12.64	-0.25
1.743	12.64	-0.25
1.743	12.62	-0.25
1.744	12.63	-0.25
1.745	12.62	-0.25
1.745	12.62	-0.25
1.746	12.61	-0.25
1.747	12.61	-0.25
1.747	12.61	-0.25
1.748	12.60	-0.25
1.749	12.59	-0.25
1.750	12.59	-0.25
1.751	12.59	-0.25
1.751	12.59	-0.25
1.751	12.59	-0.25
1.751	12.59	-0.25
1.751	12.59	-0.25
1.751	12.59	-0.25
1.750	12.58	-0.25
1.750	12.59	-0.25
1.750	12.59	-0.25
1.750	12.58	-0.25
1.750	12.58	-0.25
1.750	12.59	-0.25
1.750	12.59	-0.25
1.750	12.59	-0.25
1.750	12.59	-0.25
1.750	12.59	-0.25
1.750	12.59	-0.25
1.752	12.57	-0.25
1.753	12.57	-0.25
1.753	12.56	-0.25
1.753	12.55	-0.25
1.754	12.55	-0.25
1.754	12.55	-0.25
1.755	12.55	-0.25
1.756	12.55	-0.25
1.756	12.54	-0.25
1.756	12.55	-0.25
1.756	12.54	-0.25
1.757	12.54	-0.25
1.757	12.54	-0.25
1.758	12.53	-0.25
1.758	12.53	-0.25
1.759	12.53	-0.25
1.760	12.53	-0.25
1.760	12.52	-0.25
1.762	12.52	-0.25
1.763	12.52	-0.25
1.764	12.52	-0.25
1.765	12.51	-0.25
1.765	12.52	-0.25
1.765	12.52	-0.25
1.765	12.52	-0.25
1.766	12.52	-0.25
1.766	12.51	-0.25
1.766	12.51	-0.25
1.767	12.51	-0.25
1.767	12.50	-0.25
1.767	12.50	-0.25
1.768	12.51	-0.25
1.768	12.50	-0.25
1.768	12.49	-0.25
1.768	12.49	-0.25
1.769	12.48	-0.25
1.769	12.47	-0.25
1.769	12.48	-0.25
1.770	12.47	-0.25
1.771	12.47	-0.25
1.771	12.47	-0.25
1.772	12.46	-0.25
1.772	12.45	-0.25
1.772	12.46	-0.25
1.773	12.45	-0.25
1.773	12.45	-0.25
1.774	12.44	-0.25
1.774	12.44	-0.25
1.775	12.44	-0.25
1.775	12.44	-0.25
1.776	12.43	-0.25
1.777	12.42	-0.25
1.778	12.41	-0.25
1.778	12.42	-0.25
1.779	12.41	-0.25
1.779	12.40	-0.25
1.779	12.40	-0.25
1.780	12.40	-0.25
1.781	12.39	-0.25
1.782	12.38	-0.25
1.783	12.38	-0.25
1.783	12.37	-0.25
1.784	12.36	-0.25
1.785	12.34	-0.25
1.786	12.34	-0.25
1.787	12.33	-0.25
1.788	12.33	-0.25
1.788	12.31	-0.25
1.789	12.30	-0.25
1.790	12.28	-0.25
1.791	12.28	-0.25
1.791	12.28	-0.25
1.792	12.27	-0.25
1.793	12.26	-0.25
1.794	12.25	-0.25
1.794	12.25	-0.25
1.795	12.25	-0.25
1.795	12.26	-0.25
1.796	12.25	-0.25
1.796	12.25	-0.25
1.796	12.24	-0.25
1.797	12.23	-0.25
1.798	12.23	-0.25
1.798	12.22	-0.25
1.799	12.22	-0.25
1.800	12.22	-0.25
1.800	12.21	-0.25
1.801	12.20	-0.25
1.802	12.19	-0.25
1.803	12.19	-0.25
1.804	12.18	-0.25
1.804	12.18	-0.25
1.805	12.18	-0.25
1.806	12.17	-0.25
1.806	12.17	-0.25
1.807	12.16	-0.25
1.807	12.15	-0.24
1.808	12.15	-0.25
1.809	12.13	-0.25
1.810	12.13	-0.25
1.811	12.13	-0.25
1.811	12.13	-0.24
1.811	12.13	-0.25
1.811	12.13	-0.25
1.811	12.13	-0.25
1.811	12.12	-0.24
1.812	12.12	-0.24
1.812	12.12	-0.24
1.813	12.11	-0.24
1.813	12.10	-0.24
1.814	12.10	-0.24
1.815	12.10	-0.24
1.815	12.10	-0.24
1.815	12.10	-0.24
1.816	12.10	-0.24
1.816	12.10	-0.24
1.816	12.10	-0.24
1.817	12.10	-0.24
1.817	12.10	-0.24
1.818	12.10	-0.24
1.818	12.09	-0.24
1.818	12.09	-0.24
1.819	12.09	-0.24
1.819	12.09	-0.24
1.819	12.08	-0.24
1.820	12.08	-0.24
1.821	12.08	-0.24
1.822	12.08	-0.24
1.823	12.07	-0.24
1.823	12.07	-0.24
1.824	12.07	-0.24
1.824	12.07	-0.24
1.824	12.07	-0.24
1.825	12.06	-0.24
1.825	12.07	-0.24
1.825	12.07	-0.24
1.826	12.07	-0.24
1.826	12.07	-0.24
1.826	12.06	-0.24
1.827	12.06	-0.24
1.827	12.06	-0.24
1.828	12.06	-0.24
1.828	12.06	-0.24
1.828	12.06	-0.24
1.829	12.06	-0.24
1.829	12.05	-0.24
1.829	12.05	-0.24
1.830	12.04	-0.24
1.830	12.03	-0.24
1.831	12.03	-0.24
1.831	12.03	-0.24
1.831	12.02	-0.24
1.832	12.02	-0.24
1.833	12.01	-0.24
1.833	12.01	-0.24
1.834	12.01	-0.24
1.834	12.00	-0.24
1.835	11.99	-0.24
1.836	11.99	-0.24
1.837	11.99	-0.24
1.837	11.99	-0.24
1.838	11.99	-0.24
1.838	11.98	-0.24
1.839	11.98	-0.24
1.839	11.97	-0.24
1.839	11.98	-0.24
1.839	11.97	-0.24
1.840	11.97	-0.24
1.840	11.97	-0.24
1.841	11.97	-0.24
1.841	11.97	-0.24
1.841	11.97	-0.24
1.841	11.96	-0.24
1.842	11.96	-0.24
1.842	11.96	-0.24
1.842	11.95	-0.24
1.842	11.95	-0.24
1.843	11.95	-0.24
1.843	11.95	-0.24
1.843	11.95	-0.24
1.843	11.95	-0.24
1.844	11.94	-0.24
1.844	11.95	-0.24
1.845	11.94	-0.24
1.846	11.94	-0.24
1.846	11.93	-0.24
1.846	11.92	-0.24
1.846	11.92	-0.24
1.847	11.91	-0.24
1.847	11.91	-0.24
1.847	11.91	-0.24
1.847	11.91	-0.24
1.847	11.91	-0.24
1.847	11.91	-0.24
1.847	11.90	-0.24
1.847	11.91	-0.24
1.847	11.90	-0.24
1.847	11.90	-0.24
1.848	11.89	-0.24
1.849	11.88	-0.24
1.851	11.85	-0.24
1.853	11.85	-0.24
1.854	11.83	-0.24
1.856	11.82	-0.24
1.857	11.81	-0.24
1.858	11.79	-0.24
1.859	11.79	-0.24
1.860	11.79	-0.24
1.860	11.78	-0.24
1.861	11.77	-0.24
1.862	11.76	-0.24
1.863	11.76	-0.24
1.863	11.75	-0.24
1.864	11.75	-0.24
1.865	11.75	-0.24
1.865	11.75	-0.24
1.866	11.74	-0.24
1.866	11.73	-0.24
1.867	11.72	-0.24
1.868	11.72	-0.24
1.868	11.72	-0.24
1.869	11.72	-0.24
1.869	11.71	-0.24
1.869	11.72	-0.24
1.870	11.71	-0.24
1.870	11.70	-0.24
1.871	11.70	-0.24
1.872	11.69	-0.24
1.872	11.68	-0.24
1.873	11.68	-0.24
1.873	11.68	-0.24
1.874	11.68	-0.24
1.874	11.68	-0.24
1.874	11.68	-0.24
1.875	11.67	-0.24
1.876	11.67	-0.24
1.876	11.66	-0.24
1.877	11.66	-0.24
1.878	11.66	-0.24
1.878	11.65	-0.24
1.879	11.65	-0.24
1.879	11.65	-0.24
1.880	11.65	-0.24
1.880	11.64	-0.24
1.881	11.64	-0.24
1.881	11.64	-0.24
1.881	11.63	-0.24
1.882	11.63	-0.24
1.882	11.63	-0.24
1.883	11.63	-0.24
1.884	11.62	-0.24
1.884	11.62	-0.24
1.884	11.62	-0.24
1.885	11.62	-0.24
1.885	11.62	-0.24
1.886	11.61	-0.24
1.887	11.60	-0.24
1.887	11.60	-0.24
1.888	11.59	-0.24
1.888	11.60	-0.24
1.889	11.59	-0.24
1.891	11.58	-0.24
1.892	11.58	-0.24
1.892	11.58	-0.24
1.893	11.58	-0.24
1.894	11.57	-0.24
1.894	11.58	-0.24
1.895	11.57	-0.24
1.896	11.57	-0.24
1.896	11.57	-0.24
1.896	11.57	-0.24
1.897	11.57	-0.24
1.897	11.57	-0.24
1.898	11.56	-0.24
1.899	11.57	-0.24
1.899	11.56	-0.24
1.899	11.56	-0.24
1.900	11.56	-0.24
1.900	11.55	-0.24
1.901	11.55	-0.24
1.901	11.55	-0.24
1.901	11.55	-0.24
1.902	11.55	-0.24
1.902	11.55	-0.24
1.902	11.55	-0.24
1.903	11.54	-0.24
1.903	11.54	-0.24
1.903	11.54	-0.24
1.903	11.54	-0.24
1.904	11.54	-0.24
1.904	11.54	-0.24
1.904	11.54	-0.24
1.905	11.54	-0.24
1.905	11.53	-0.24
1.905	11.53	-0.24
1.905	11.53	-0.24
1.906	11.53	-0.24
1.906	11.53	-0.24
1.906	11.52	-0.24
1.906	11.52	-0.24
1.907	11.52	-0.24
1.907	11.51	-0.24
1.907	11.51	-0.24
1.908	11.51	-0.24
1.909	11.51	-0.24
1.909	11.50	-0.24
1.909	11.50	-0.24
1.910	11.50	-0.24
1.910	11.50	-0.24
1.911	11.50	-0.24
1.911	11.49	-0.24
1.913	11.49	-0.24
1.913	11.48	-0.24
1.913	11.48	-0.24
1.914	11.48	-0.24
1.914	11.47	-0.24
1.915	11.45	-0.24
1.916	11.44	-0.24
1.917	11.44	-0.24
1.917	11.44	-0.24
1.918	11.42	-0.24
1.919	11.42	-0.24
1.920	11.41	-0.24
1.920	11.41	-0.24
1.922	11.39	-0.24
1.922	11.39	-0.24
1.923	11.38	-0.24
1.924	11.38	-0.24
1.925	11.37	-0.24
1.925	11.36	-0.24
1.926	11.35	-0.24
1.927	11.33	-0.24
1.928	11.33	-0.24
1.929	11.33	-0.24
1.930	11.32	-0.24
1.930	11.32	-0.24
1.931	11.31	-0.24
1.931	11.31	-0.24
1.932	11.29	-0.24
1.933	11.29	-0.24
1.933	11.28	-0.24
1.934	11.28	-0.24
1.935	11.27	-0.24
1.935	11.27	-0.24
1.936	11.27	-0.24
1.937	11.27	-0.24
1.937	11.26	-0.24
1.937	11.26	-0.24
1.938	11.26	-0.24
1.938	11.25	-0.24
1.939	11.25	-0.24
1.939	11.25	-0.24
1.940	11.24	-0.24
1.941	11.23	-0.24
1.942	11.23	-0.24
1.943	11.23	-0.24
1.943	11.22	-0.24
1.944	11.22	-0.24
1.945	11.21	-0.24
1.946	11.20	-0.24
1.946	11.20	-0.24
1.946	11.20	-0.24
1.947	11.19	-0.24
1.947	11.19	-0.24
1.948	11.18	-0.24
1.948	11.18	-0.24
1.949	11.18	-0.24
1.950	11.18	-0.24
1.950	11.17	-0.24
1.950	11.17	-0.24
1.951	11.17	-0.24
1.952	11.17	-0.24
1.952	11.17	-0.24
1.952	11.17	-0.24
1.952	11.16	-0.24
1.953	11.16	-0.24
1.953	11.16	-0.24
1.953	11.16	-0.24
1.953	11.16	-0.24
1.954	11.16	-0.24
1.954	11.15	-0.24
1.955	11.15	-0.24
1.955	11.15	-0.24
1.955	11.15	-0.24
1.956	11.15	-0.24
1.956	11.15	-0.24
1.956	11.14	-0.24
1.957	11.13	-0.24
1.959	11.13	-0.24
1.960	11.12	-0.24
1.961	11.13	-0.24
1.962	11.12	-0.24
1.962	11.12	-0.24
1.962	11.12	-0.24
1.962	11.12	-0.24
1.963	11.12	-0.24
1.963	11.12	-0.24
1.964	11.12	-0.24
1.964	11.12	-0.24
1.965	11.12	-0.24
1.966	11.11	-0.24
1.966	11.11	-0.24
1.967	11.11	-0.24
1.968	11.11	-0.24
1.969	11.11	-0.24
1.969	11.11	-0.24
1.970	11.11	-0.24
1.971	11.11	-0.24
1.971	11.10	-0.24
1.972	11.10	-0.24
1.972	11.10	-0.24
1.973	11.09	-0.24
1.974	11.08	-0.24
1.975	11.08	-0.24
1.975	11.07	-0.24
1.975	11.07	-0.24
1.976	11.07	-0.24
1.976	11.07	-0.24
1.977	11.07	-0.24
1.977	11.07	-0.24
1.977	11.06	-0.24
1.978	11.07	-0.24
1.978	11.07	-0.24
1.979	11.06	-0.24
1.979	11.06	-0.24
1.980	11.05	-0.24
1.980	11.05	-0.24
1.981	11.05	-0.24
1.981	11.05	-0.24
1.982	11.05	-0.24
1.982	11.04	-0.24
1.983	11.04	-0.24
1.984	11.04	-0.24
1.985	11.02	-0.24
1.986	11.01	-0.24
1.987	11.01	-0.24
1.988	11.01	-0.24
1.989	11.01	-0.24
1.989	11.00	-0.24
1.990	10.99	-0.24
1.990	10.98	-0.24
1.991	10.97	-0.24
1.992	10.97	-0.24
1.993	10.97	-0.24
1.994	10.96	-0.24
1.995	10.95	-0.24
1.996	10.95	-0.24
1.996	10.95	-0.24
1.997	10.94	-0.24
1.999	10.92	-0.24
2.000	10.91	-0.24
2.001	10.90	-0.24
2.002	10.89	-0.24
2.003	10.87	-0.24
2.005	10.86	-0.24
2.006	10.84	-0.24
2.008	10.83	-0.24
2.010	10.82	-0.24
2.012	10.81	-0.24
2.013	10.80	-0.24
2.014	10.80	-0.24
2.014	10.78	-0.24
2.015	10.78	-0.24
2.017	10.77	-0.24
2.018	10.76	-0.24
2.019	10.76	-0.24
2.021	10.75	-0.24
2.022	10.74	-0.24
2.024	10.73	-0.24
2.025	10.73	-0.24
2.027	10.72	-0.24
2.028	10.71	-0.24
2.031	10.69	-0.24
2.033	10.69	-0.24
2.034	10.68	-0.24
2.034	10.69	-0.24
2.034	10.68	-0.24
2.035	10.68	-0.24
2.036	10.68	-0.24
2.036	10.67	-0.24
2.036	10.67	-0.24
2.036	10.66	-0.24
2.037	10.66	-0.24
2.037	10.66	-0.24
2.037	10.65	-0.24
2.038	10.65	-0.24
2.038	10.65	-0.24
2.039	10.65	-0.24
2.039	10.65	-0.24
2.040	10.65	-0.24
2.040	10.65	-0.24
2.041	10.65	-0.24
2.041	10.64	-0.24
2.042	10.64	-0.24
2.043	10.64	-0.24
2.043	10.63	-0.24
2.044	10.63	-0.24
2.045	10.63	-0.24
2.045	10.63	-0.24
2.046	10.63	-0.24
2.047	10.63	-0.24
2.047	10.63	-0.24
2.048	10.62	-0.24
2.049	10.62	-0.24
2.050	10.62	-0.24
2.050	10.62	-0.24
2.050	10.62	-0.24
2.051	10.62	-0.24
2.052	10.61	-0.24
2.052	10.61	-0.24
2.052	10.61	-0.24
2.053	10.61	-0.24
2.053	10.61	-0.24
2.053	10.61	-0.24
2.054	10.61	-0.24
2.054	10.61	-0.24
2.055	10.61	-0.24
2.055	10.61	-0.24
2.055	10.61	-0.24
2.056	10.61	-0.24
2.056	10.60	-0.24
2.057	10.60	-0.24
2.057	10.59	-0.24
2.058	10.59	-0.24
2.058	10.59	-0.24
2.059	10.59	-0.24
2.059	10.58	-0.24
2.060	10.58	-0.24
2.061	10.58	-0.24
2.061	10.58	-0.24
2.062	10.57	-0.24
2.062	10.57	-0.24
2.063	10.56	-0.24
2.063	10.56	-0.24
2.064	10.55	-0.24
2.065	10.55	-0.24
2.066	10.54	-0.24
2.067	10.54	-0.24
2.067	10.54	-0.24
2.068	10.54	-0.24
2.068	10.54	-0.24
2.068	10.54	-0.24
2.068	10.54	-0.24
2.068	10.54	-0.24
2.068	10.53	-0.24
2.068	10.53	-0.24
2.068	10.53	-0.24
2.069	10.53	-0.24
2.069	10.53	-0.24
2.070	10.53	-0.24
2.070	10.52	-0.24
2.070	10.52	-0.24
2.071	10.52	-0.24
2.071	10.52	-0.24
2.071	10.52	-0.24
2.071	10.52	-0.24
2.071	10.52	-0.24
2.072	10.51	-0.24
2.072	10.51	-0.24
2.072	10.50	-0.24
2.072	10.51	-0.24
2.073	10.51	-0.24
2.073	10.51	-0.24
2.073	10.50	-0.24
2.073	10.51	-0.24
2.073	10.50	-0.24
2.073	10.50	-0.24
2.073	10.50	-0.24
2.074	10.49	-0.24
2.074	10.49	-0.24
2.074	10.49	-0.24
2.074	10.48	-0.24
2.074	10.48	-0.24
2.075	10.48	-0.24
2.076	10.47	-0.24
2.076	10.47	-0.24
2.077	10.47	-0.24
2.077	10.46	-0.24
2.077	10.46	-0.24
2.078	10.45	-0.24
2.078	10.45	-0.24
2.078	10.45	-0.24
2.079	10.45	-0.24
2.079	10.45	-0.24
2.079	10.45	-0.24
2.080	10.44	-0.24
2.080	10.43	-0.24
2.081	10.42	-0.24
2.082	10.41	-0.24
2.083	10.40	-0.24
2.083	10.40	-0.24
2.083	10.40	-0.24
2.083	10.40	-0.24
2.083	10.40	-0.24
2.084	10.40	-0.24
2.084	10.40	-0.24
2.085	10.39	-0.24
2.087	10.38	-0.24
2.087	10.37	-0.24
2.088	10.37	-0.24
2.089	10.36	-0.24
2.089	10.36	-0.24
2.090	10.36	-0.24
2.090	10.35	-0.24
2.090	10.35	-0.24
2.091	10.34	-0.24
2.092	10.34	-0.24
2.092	10.33	-0.24
2.093	10.33	-0.24
2.093	10.33	-0.24
2.094	10.32	-0.24
2.095	10.32	-0.24
2.096	10.31	-0.24
2.096	10.31	-0.24
2.097	10.30	-0.24
2.097	10.30	-0.24
2.098	10.29	-0.24
2.098	10.29	-0.24
2.098	10.29	-0.24
2.098	10.29	-0.24
2.098	10.29	-0.24
2.098	10.28	-0.24
2.099	10.28	-0.24
2.100	10.28	-0.24
2.100	10.27	-0.24
2.101	10.28	-0.24
2.101	10.27	-0.24
2.101	10.27	-0.24
2.102	10.27	-0.24
2.102	10.27	-0.24
2.104	10.26	-0.24
2.105	10.26	-0.24
2.105	10.26	-0.24
2.106	10.25	-0.24
2.107	10.24	-0.24
2.108	10.23	-0.24
2.109	10.23	-0.24
2.110	10.23	-0.24
2.111	10.23	-0.24
2.111	10.22	-0.24
2.112	10.22	-0.24
2.113	10.22	-0.24
2.113	10.22	-0.24
2.114	10.21	-0.24
2.115	10.21	-0.24
2.115	10.21	-0.24
2.116	10.21	-0.24
2.117	10.21	-0.24
2.117	10.20	-0.24
2.117	10.20	-0.24
2.118	10.19	-0.24
2.118	10.19	-0.24
2.119	10.19	-0.24
2.119	10.18	-0.24
2.120	10.18	-0.24
2.121	10.18	-0.24
2.121	10.18	-0.24
2.121	10.18	-0.24
2.122	10.18	-0.24
2.123	10.17	-0.24
2.123	10.17	-0.24
2.124	10.16	-0.24
2.125	10.16	-0.24
2.126	10.16	-0.24
2.127	10.16	-0.24
2.127	10.16	-0.24
2.128	10.16	-0.24
2.129	10.15	-0.24
2.129	10.15	-0.24
2.130	10.15	-0.24
2.131	10.14	-0.24
2.132	10.14	-0.24
2.132	10.14	-0.24
2.133	10.14	-0.24
2.134	10.14	-0.24
2.134	10.13	-0.24
2.135	10.13	-0.24
2.136	10.13	-0.24
2.136	10.13	-0.24
2.137	10.13	-0.24
2.137	10.13	-0.24
2.138	10.13	-0.24
2.138	10.13	-0.24
2.139	10.12	-0.24
2.139	10.12	-0.24
2.139	10.12	-0.24
2.140	10.12	-0.24
2.140	10.12	-0.24
2.140	10.12	-0.24
2.141	10.12	-0.24
2.142	10.12	-0.24
2.142	10.12	-0.24
2.143	10.12	-0.24
2.143	10.12	-0.24
2.144	10.11	-0.24
2.144	10.11	-0.24
2.145	10.10	-0.24
2.145	10.10	-0.24
2.146	10.10	-0.24
2.146	10.10	-0.24
2.146	10.10	-0.24
2.146	10.10	-0.24
2.147	10.10	-0.24
2.148	10.09	-0.24
2.148	10.09	-0.24
2.148	10.09	-0.24
2.149	10.09	-0.24
2.149	10.08	-0.24
2.149	10.09	-0.24
2.149	10.08	-0.24
2.150	10.08	-0.24
2.150	10.08	-0.24
2.151	10.07	-0.24
2.151	10.07	-0.24
2.152	10.07	-0.24
2.152	10.07	-0.24
2.152	10.07	-0.24
2.152	10.07	-0.24
2.153	10.06	-0.24
2.154	10.06	-0.24
2.154	10.06	-0.24
2.155	10.06	-0.24
2.155	10.05	-0.24
2.155	10.06	-0.24
2.155	10.05	-0.24
2.156	10.05	-0.24
2.156	10.04	-0.24
2.158	10.04	-0.24
2.158	10.03	-0.24
2.159	10.03	-0.24
2.159	10.03	-0.24
2.160	10.02	-0.24
2.161	10.02	-0.24
2.162	10.01	-0.24
2.162	10.01	-0.24
2.163	10.00	-0.24
2.164	10.00	-0.24
2.164	10.00	-0.24
2.165	9.99	-0.24
2.166	9.98	-0.24
2.167	9.97	-0.24
2.167	9.97	-0.24
2.167	9.96	-0.24
2.168	9.96	-0.24
2.168	9.96	-0.24
2.169	9.96	-0.24
2.169	9.95	-0.24
2.170	9.95	-0.24
2.170	9.95	-0.24
2.170	9.95	-0.24
2.171	9.94	-0.24
2.172	9.92	-0.24
2.174	9.92	-0.24
2.175	9.91	-0.24
2.176	9.90	-0.24
2.177	9.89	-0.24
2.178	9.89	-0.24
2.179	9.88	-0.24
2.180	9.88	-0.24
2.180	9.88	-0.24
2.181	9.87	-0.24
2.183	9.86	-0.24
2.183	9.85	-0.24
2.184	9.85	-0.24
2.185	9.84	-0.24
2.186	9.83	-0.24
2.187	9.82	-0.24
2.188	9.82	-0.24
2.189	9.82	-0.24
2.190	9.82	-0.24
2.190	9.81	-0.24
2.191	9.81	-0.24
2.192	9.81	-0.24
2.192	9.81	-0.24
2.193	9.80	-0.24
2.193	9.80	-0.24
2.193	9.80	-0.24
2.194	9.80	-0.24
2.195	9.79	-0.24
2.195	9.79	-0.24
2.196	9.79	-0.24
2.196	9.78	-0.24
2.197	9.78	-0.24
2.197	9.77	-0.24
2.198	9.77	-0.24
2.199	9.77	-0.24
2.199	9.77	-0.24
2.200	9.76	-0.24
2.200	9.76	-0.24
2.201	9.75	-0.24
2.202	9.74	-0.24
2.203	9.74	-0.24
2.204	9.74	-0.24
2.205	9.72	-0.24
2.206	9.72	-0.24
2.206	9.72	-0.24
2.207	9.71	-0.24
2.208	9.71	-0.24
2.208	9.71	-0.24
2.209	9.70	-0.24
2.209	9.70	-0.24
2.210	9.70	-0.24
2.211	9.70	-0.24
2.212	9.70	-0.24
2.212	9.69	-0.24
2.213	9.69	-0.24
2.214	9.69	-0.24
2.214	9.68	-0.24
2.214	9.68	-0.24
2.214	9.68	-0.24
2.215	9.67	-0.24
2.216	9.67	-0.24
2.217	9.67	-0.24
2.217	9.67	-0.24
2.217	9.67	-0.24
2.218	9.67	-0.24
2.218	9.66	-0.24
2.219	9.66	-0.24
2.220	9.65	-0.24
2.221	9.65	-0.24
2.222	9.65	-0.24
2.223	9.65	-0.24
2.224	9.64	-0.24
2.225	9.64	-0.24
2.226	9.64	-0.24
2.226	9.64	-0.24
2.226	9.64	-0.24
2.227	9.64	-0.24
2.229	9.65	-0.24
2.229	9.64	-0.24
2.230	9.63	-0.24
2.230	9.63	-0.24
2.231	9.63	-0.24
2.232	9.63	-0.24
2.232	9.62	-0.24
2.232	9.62	-0.24
2.233	9.62	-0.24
2.234	9.62	-0.24
2.234	9.62	-0.24
2.236	9.62	-0.24
2.236	9.62	-0.24
2.237	9.60	-0.24
2.238	9.60	-0.24
2.239	9.60	-0.24
2.240	9.59	-0.24
2.240	9.59	-0.24
2.241	9.58	-0.24
2.241	9.58	-0.24
2.242	9.58	-0.24
2.243	9.58	-0.24
2.243	9.58	-0.24
2.244	9.58	-0.24
2.244	9.58	-0.24
2.245	9.58	-0.24
2.246	9.58	-0.24
2.246	9.57	-0.24
2.247	9.57	-0.24
2.247	9.56	-0.24
2.248	9.56	-0.24
2.248	9.55	-0.24
2.249	9.55	-0.24
2.249	9.54	-0.24
2.249	9.54	-0.24
2.250	9.53	-0.24
2.251	9.52	-0.24
2.252	9.51	-0.24
2.252	9.51	-0.24
2.252	9.51	-0.24
2.252	9.51	-0.24
2.253	9.50	-0.24
2.253	9.49	-0.24
2.253	9.49	-0.24
2.254	9.48	-0.24
2.254	9.49	-0.24
2.254	9.49	-0.24
2.254	9.49	-0.24
2.255	9.49	-0.24
2.255	9.49	-0.24
2.255	9.49	-0.24
2.255	9.49	-0.24
2.256	9.49	-0.24
2.256	9.49	-0.24
2.257	9.49	-0.24
2.257	9.50	-0.24
2.258	9.51	-0.24
2.258	9.51	-0.24
2.259	9.51	-0.24
2.259	9.49	-0.24
2.260	9.47	-0.24
2.261	9.46	-0.24
2.261	9.45	-0.24
2.263	9.45	-0.24
2.263	9.45	-0.24
2.264	9.45	-0.24
2.265	9.45	-0.24
2.265	9.45	-0.24
2.266	9.45	-0.24
2.266	9.45	-0.24
2.267	9.44	-0.24
2.268	9.44	-0.24
2.270	9.44	-0.24
2.271	9.44	-0.24
2.272	9.43	-0.24
2.273	9.42	-0.24
2.275	9.42	-0.24
2.276	9.41	-0.24
2.277	9.41	-0.24
2.279	9.41	-0.24
2.280	9.41	-0.24
2.282	9.40	-0.24
2.282	9.41	-0.24
2.283	9.41	-0.24
2.284	9.40	-0.24
2.286	9.40	-0.24
2.287	9.40	-0.24
2.288	9.40	-0.24
2.289	9.39	-0.24
2.290	9.39	-0.24
2.291	9.39	-0.24
2.292	9.39	-0.24
2.293	9.40	-0.24
2.294	9.40	-0.24
2.296	9.38	-0.24
2.297	9.37	-0.24
2.298	9.35	-0.24
2.299	9.31	-0.24
2.299	9.27	-0.24
2.300	9.27	-0.24
2.301	9.26	-0.24
2.302	9.25	-0.24
2.303	9.25	-0.24
2.304	9.25	-0.24
2.304	9.25	-0.24
2.306	9.25	-0.24
2.307	9.24	-0.24
2.307	9.24	-0.24
2.308	9.26	-0.24
2.309	9.24	-0.24
2.310	9.24	-0.24
2.311	9.23	-0.24
2.312	9.25	-0.24
2.314	9.24	-0.24
2.314	9.23	-0.24
2.314	9.22	-0.24
2.315	9.21	-0.24
2.316	9.20	-0.24
2.317	9.18	-0.24
2.317	9.18	-0.24
2.318	9.14	-0.24
2.320	9.15	-0.24
2.320	9.16	-0.24
2.321	9.17	-0.24
2.322	9.16	-0.24
2.324	9.17	-0.24
2.326	9.18	-0.24
2.327	9.18	-0.24
2.327	9.17	-0.24
2.328	9.20	-0.24
2.329	9.23	-0.24
2.331	9.22	-0.24
2.333	9.21	-0.24
2.333	9.22	-0.24
2.334	9.23	-0.24
2.335	9.22	-0.24
2.336	9.22	-0.24
2.337	9.22	-0.24
2.337	9.21	-0.24
2.338	9.20	-0.24
2.339	9.21	-0.24
2.340	9.20	-0.24
2.341	9.18	-0.24
2.342	9.17	-0.24
2.343	9.17	-0.24
2.343	9.16	-0.24
2.344	9.14	-0.24
2.345	9.12	-0.24
2.346	9.12	-0.24
2.346	9.12	-0.24
2.348	9.11	-0.24
2.349	9.10	-0.24
2.350	9.11	-0.24
2.352	9.09	-0.24
2.353	9.08	-0.24
2.354	9.08	-0.24
2.355	9.09	-0.24
2.356	9.07	-0.24
2.357	9.06	-0.24
2.358	9.05	-0.24
2.358	9.06	-0.24
2.359	9.09	-0.24
2.360	9.07	-0.24
2.362	9.08	-0.24
2.363	9.09	-0.24
2.364	9.10	-0.24
2.367	9.05	-0.24
2.369	9.03	-0.24
2.370	9.01	-0.24
2.372	8.99	-0.24
2.374	8.97	-0.24
2.375	8.98	-0.24
2.375	8.97	-0.24
2.376	8.97	-0.24
2.377	8.96	-0.24
2.378	8.96	-0.24
2.379	8.96	-0.24
2.380	8.94	-0.24
2.382	8.93	-0.24
2.384	8.92	-0.24
2.386	8.92	-0.24
2.387	8.91	-0.24
2.389	8.90	-0.24
2.391	8.89	-0.24
2.392	8.90	-0.24
2.394	8.88	-0.24
2.396	8.87	-0.24
2.398	8.88	-0.24
2.399	8.87	-0.24
2.400	8.87	-0.24
2.401	8.87	-0.24
2.403	8.85	-0.24
2.404	8.82	-0.24
2.406	8.81	-0.24
2.408	8.79	-0.24
2.410	8.85	-0.24
2.412	8.85	-0.24
2.415	8.84	-0.24
2.418	8.83	-0.24
2.421	8.73	-0.24
2.423	8.71	-0.24
2.425	8.71	-0.24
2.426	8.70	-0.24
2.426	8.71	-0.24
2.428	8.70	-0.24
2.430	8.69	-0.24
2.430	8.70	-0.24
2.430	8.70	-0.24
2.430	8.69	-0.24
2.431	8.68	-0.24
2.432	8.70	-0.24
2.432	8.70	-0.24
2.432	8.71	-0.24
2.433	8.69	-0.24
2.434	8.70	-0.24
2.435	8.69	-0.24
2.436	8.70	-0.24
2.437	8.70	-0.24
2.439	8.68	-0.24
2.440	8.68	-0.24
2.441	8.69	-0.24
2.443	8.69	-0.24
2.448	8.72	-0.24
2.451	8.69	-0.24
2.454	8.73	-0.24
2.455	8.72	-0.24
2.455	8.71	-0.24
2.456	8.70	-0.24
2.456	8.73	-0.24
2.457	8.72	-0.24
2.458	8.71	-0.24
2.458	8.71	-0.24
2.459	8.71	-0.24
2.459	8.69	-0.24
2.460	8.71	-0.24
2.461	8.69	-0.24
2.462	8.69	-0.24
2.463	8.70	-0.24
2.464	8.68	-0.24
2.464	8.68	-0.24
2.465	8.66	-0.24
2.466	8.66	-0.24
2.467	8.65	-0.24
2.468	8.64	-0.24
2.469	8.65	-0.24
2.470	8.65	-0.24
2.471	8.63	-0.24
2.472	8.64	-0.24
2.473	8.65	-0.24
2.474	8.64	-0.24
2.475	8.64	-0.24
2.476	8.63	-0.24
2.477	8.64	-0.24
2.478	8.65	-0.24
2.479	8.63	-0.24
2.480	8.65	-0.24
2.480	8.65	-0.24
2.481	8.64	-0.24
2.481	8.64	-0.24
2.482	8.64	-0.24
2.482	8.64	-0.24
2.482	8.61	-0.24
2.483	8.58	-0.24
2.485	8.62	-0.24
2.487	8.60	-0.24
2.488	8.58	-0.24
2.489	8.59	-0.24
2.491	8.61	-0.24
2.493	8.56	-0.24
2.494	8.55	-0.24
2.494	8.53	-0.24
2.497	8.52	-0.24
2.500	8.48	-0.24
2.502	8.49	-0.24
2.505	8.46	-0.24
2.507	8.48	-0.24
2.508	8.49	-0.24
2.510	8.47	-0.24
2.511	8.47	-0.24
2.513	8.44	-0.24
2.514	8.44	-0.24
2.516	8.42	-0.24
2.517	8.45	-0.24
2.519	8.42	-0.24
2.520	8.42	-0.24
2.521	8.42	-0.24
2.522	8.41	-0.24
2.523	8.42	-0.24
2.525	8.40	-0.24
2.526	8.39	-0.24
2.528	8.38	-0.24
2.530	8.40	-0.24
2.531	8.40	-0.24
2.532	8.41	-0.24
2.534	8.41	-0.24
2.535	8.41	-0.24
2.536	8.42	-0.24
2.538	8.39	-0.24
2.539	8.39	-0.24
2.541	8.39	-0.24
2.543	8.35	-0.24
2.545	8.34	-0.24
2.547	8.34	-0.24
2.548	8.32	-0.24
2.550	8.32	-0.24
2.553	8.32	-0.24
2.555	8.34	-0.24
2.557	8.33	-0.24
2.559	8.28	-0.24
2.560	8.29	-0.24
2.562	8.32	-0.24
2.566	8.31	-0.24
2.567	8.31	-0.24
2.568	8.29	-0.24
2.569	8.29	-0.24
2.572	8.30	-0.24
2.574	8.32	-0.24
2.576	8.31	-0.24
2.578	8.31	-0.24
2.580	8.33	-0.24
2.581	8.33	-0.24
2.582	8.33	-0.24
2.583	8.33	-0.24
2.584	8.32	-0.24
2.585	8.30	-0.24
2.586	8.28	-0.24
2.587	8.31	-0.24
2.588	8.31	-0.24
2.588	8.32	-0.24
2.589	8.27	-0.24
2.590	8.28	-0.24
2.591	8.27	-0.24
2.591	8.25	-0.24
2.591	8.27	-0.24
2.592	8.26	-0.24
2.593	8.26	-0.24
2.593	8.27	-0.24
2.593	8.25	-0.24
2.594	8.27	-0.24
2.595	8.24	-0.24
2.596	8.25	-0.24
2.597	8.27	-0.24
2.597	8.26	-0.24
2.598	8.23	-0.24
2.599	8.23	-0.24
2.600	8.22	-0.24
2.601	8.25	-0.24
2.602	8.23	-0.24
2.604	8.21	-0.24
2.604	8.20	-0.24
2.605	8.19	-0.24
2.606	8.17	-0.24
2.607	8.18	-0.24
2.607	8.18	-0.24
2.607	8.21	-0.24
2.609	8.29	-0.24
2.610	8.24	-0.24
2.611	8.25	-0.24
2.612	8.27	-0.24
2.613	8.24	-0.24
2.614	8.17	-0.24
2.615	8.14	-0.24
2.616	8.16	-0.24
2.618	8.15	-0.24
2.619	8.16	-0.24
2.620	8.17	-0.24
2.623	8.17	-0.24
2.625	8.13	-0.24
2.626	8.13	-0.24
2.628	8.18	-0.24
2.630	8.09	-0.24
2.631	8.03	-0.24
2.633	8.00	-0.24
2.634	8.01	-0.24
2.637	7.99	-0.24
2.640	7.97	-0.24
2.642	7.97	-0.24
2.643	7.95	-0.24
2.643	7.95	-0.24
2.646	7.94	-0.24
2.648	7.94	-0.24
2.650	7.96	-0.24
2.651	7.95	-0.24
2.652	7.96	-0.24
2.654	7.94	-0.24
2.656	7.94	-0.24
2.658	7.93	-0.24
2.659	7.95	-0.24
2.660	7.92	-0.24
2.661	7.91	-0.24
2.662	7.93	-0.24
2.665	7.90	-0.24
2.667	7.91	-0.24
2.669	7.90	-0.24
2.672	7.91	-0.24
2.673	7.90	-0.24
2.675	7.88	-0.24
2.678	7.89	-0.24
2.681	7.90	-0.24
2.684	7.90	-0.24
2.687	7.86	-0.24
2.688	7.87	-0.24
2.691	7.81	-0.24
2.694	7.79	-0.24
2.696	7.75	-0.24
2.697	7.77	-0.24
2.699	7.82	-0.24
2.702	7.82	-0.24
2.705	7.77	-0.24
2.708	7.85	-0.24
2.710	7.92	-0.24
2.711	7.90	-0.24
2.713	7.87	-0.24
2.717	7.86	-0.24
2.720	7.83	-0.24
2.723	7.83	-0.24
2.725	7.86	-0.24
2.726	7.86	-0.24
2.727	7.86	-0.24
2.729	7.86	-0.24
2.731	7.83	-0.24
2.733	7.81	-0.24
2.734	7.85	-0.24
2.736	7.82	-0.24
2.737	7.79	-0.24
2.740	7.73	-0.24
2.741	7.71	-0.24
2.743	7.73	-0.24
2.744	7.69	-0.24
2.745	7.70	-0.24
2.746	7.71	-0.24
2.748	7.69	-0.24
2.750	7.71	-0.24
2.752	7.69	-0.24
2.753	7.74	-0.24
2.755	7.78	-0.24
2.757	7.77	-0.24
2.758	7.80	-0.24
2.760	7.79	-0.24
2.762	7.67	-0.24
2.766	7.68	-0.24
2.770	7.63	-0.24
2.771	7.59	-0.24
2.772	7.61	-0.24
2.774	7.61	-0.24
2.776	7.60	-0.24
2.777	7.59	-0.24
2.778	7.54	-0.24
2.781	7.53	-0.24
2.784	7.51	-0.24
2.787	7.49	-0.24
2.791	7.48	-0.24
2.794	7.48	-0.24
2.797	7.45	-0.24
2.800	7.43	-0.24
2.802	7.45	-0.24
2.804	7.44	-0.24
2.807	7.42	-0.24
2.810	7.40	-0.24
2.814	7.41	-0.24
2.817	7.39	-0.24
2.820	7.39	-0.24
2.822	7.39	-0.24
2.825	7.38	-0.24
2.827	7.36	-0.24
2.827	7.39	-0.24
2.828	7.35	-0.24
2.830	7.38	-0.24
2.832	7.38	-0.24
2.833	7.39	-0.24
2.835	7.34	-0.24
2.836	7.35	-0.24
2.838	7.32	-0.24
2.840	7.33	-0.24
2.842	7.32	-0.24
2.844	7.31	-0.24
2.848	7.27	-0.24
2.852	7.28	-0.24
2.853	7.27	-0.24
2.854	7.28	-0.24
2.858	7.26	-0.24
2.863	7.25	-0.24
2.865	7.27	-0.24
2.867	7.27	-0.24
2.870	7.35	-0.24
2.876	7.37	-0.24
2.881	7.38	-0.24
2.885	7.35	-0.24
2.888	7.33	-0.24
2.891	7.29	-0.24
2.893	7.30	-0.24
2.895	7.33	-0.24
2.897	7.33	-0.24
2.898	7.31	-0.24
2.900	7.31	-0.24
2.901	7.28	-0.24
2.902	7.32	-0.24
2.905	7.32	-0.24
2.907	7.33	-0.24
2.909	7.30	-0.24
2.911	7.25	-0.24
2.914	7.23	-0.24
2.915	7.23	-0.24
2.916	7.21	-0.24
2.917	7.22	-0.24
2.918	7.23	-0.24
2.920	7.24	-0.24
2.923	7.29	-0.24
2.926	7.26	-0.24
2.929	7.21	-0.24
2.932	7.15	-0.24
2.934	7.15	-0.24
2.936	7.14	-0.24
2.938	7.13	-0.24
2.940	7.14	-0.24
2.941	7.16	-0.24
2.943	7.17	-0.24
2.945	7.11	-0.24
2.947	7.12	-0.24
2.951	7.06	-0.24
2.956	7.00	-0.24
2.957	7.02	-0.24
2.958	6.99	-0.24
2.960	6.98	-0.24
2.964	6.95	-0.24
2.966	7.01	-0.24
2.967	6.99	-0.24
2.970	6.99	-0.24
2.974	6.96	-0.24
2.977	6.93	-0.24
2.979	6.92	-0.24
2.981	6.92	-0.24
2.983	6.93	-0.24
2.986	6.92	-0.24
2.988	6.94	-0.24
2.991	6.90	-0.24
2.994	6.90	-0.24
2.996	6.90	-0.24
2.997	6.91	-0.24
2.998	6.89	-0.24
2.999	6.86	-0.24
3.002	6.87	-0.24
3.003	6.84	-0.24
3.004	6.83	-0.24
3.004	6.84	-0.24
3.004	6.87	-0.24
3.005	6.85	-0.24
3.006	6.85	-0.24
3.007	6.86	-0.24
3.008	6.84	-0.24
3.009	6.85	-0.24
3.011	6.88	-0.24
3.014	6.85	-0.24
3.016	6.84	-0.24
3.017	6.84	-0.24
3.019	6.82	-0.24
3.021	6.83	-0.24
3.023	6.82	-0.24
3.026	6.83	-0.24
3.030	6.81	-0.24
3.032	6.79	-0.24
3.033	6.79	-0.24
3.038	6.80	-0.24
3.040	6.80	-0.24
3.042	6.80	-0.24
3.045	6.80	-0.24
3.049	6.85	-0.24
3.051	6.85	-0.24
3.054	6.84	-0.24
3.058	6.84	-0.24
3.062	6.82	-0.24
3.064	6.81	-0.24
3.065	6.80	-0.24
3.067	6.83	-0.24
3.069	6.82	-0.24
3.069	6.81	-0.24
3.068	6.80	-0.24
3.067	6.81	-0.24
3.066	6.79	-0.24
3.066	6.80	-0.24
3.066	6.80	-0.24
3.065	6.79	-0.24
3.065	6.79	-0.24
3.064	6.79	-0.24
3.064	6.79	-0.24
3.064	6.80	-0.24
3.063	6.81	-0.24
3.063	6.79	-0.24
3.063	6.80	-0.24
3.062	6.79	-0.24
3.062	6.81	-0.24
3.062	6.81	-0.24
3.061	6.79	-0.24
3.061	6.79	-0.24
3.061	6.77	-0.24
3.061	6.78	-0.24
3.061	6.80	-0.24
3.060	6.79	-0.24
3.060	6.81	-0.24
3.060	6.78	-0.24
3.060	6.78	-0.24
3.060	6.79	-0.24
3.059	6.78	-0.24
3.059	6.80	-0.24
3.059	6.80	-0.24
3.059	6.79	-0.24
3.059	6.78	-0.24
3.058	6.79	-0.24
3.058	6.79	-0.24
3.058	6.78	-0.24
3.058	6.79	-0.24
3.058	6.78	-0.24
3.058	6.78	-0.24
3.058	6.79	-0.24
3.058	6.78	-0.24
3.057	6.78	-0.24
3.057	6.78	-0.24
3.057	6.79	-0.24
3.057	6.80	-0.24
3.057	6.79	-0.24
3.057	6.78	-0.24
3.057	6.79	-0.24
3.056	6.79	-0.24
3.056	6.78	-0.24
3.056	6.79	-0.24
3.056	6.78	-0.24
3.056	6.80	-0.24
3.056	6.80	-0.24
3.056	6.79	-0.24
3.056	6.80	-0.24
3.056	6.78	-0.24
3.056	6.81	-0.24
3.055	6.79	-0.24
3.055	6.79	-0.24
3.055	6.79	-0.24
3.055	6.79	-0.24
3.055	6.79	-0.24
3.055	6.79	-0.24
3.055	6.81	-0.24
3.054	6.79	-0.24
3.054	6.79	-0.24
3.054	6.79	-0.24
3.054	6.78	-0.24
3.054	6.78	-0.24
3.054	6.78	-0.24
3.054	6.77	-0.24
3.054	6.79	-0.24
3.054	6.79	-0.24
3.054	6.79	-0.24
3.053	6.79	-0.24
3.053	6.81	-0.24
3.053	6.79	-0.24
3.053	6.79	-0.24
3.053	6.76	-0.24
3.053	6.77	-0.24
3.053	6.79	-0.24
3.053	6.77	-0.24
3.053	6.79	-0.24
3.053	6.78	-0.24
3.053	6.77	-0.24
3.053	6.78	-0.24
