3.020	7.34	15.32
3.020	7.31	15.32
3.020	7.35	15.32
3.020	7.29	15.32
3.020	7.35	15.32
3.020	7.35	15.32
3.020	7.30	15.32
3.020	7.35	15.32
3.020	7.38	15.32
3.020	7.36	15.32
3.020	7.34	15.32
3.020	7.30	15.32
3.020	7.38	15.32
3.020	7.27	15.32
3.020	7.35	15.32
3.020	7.34	15.32
3.020	7.27	15.32
3.020	7.39	15.32
3.020	7.30	15.32
3.020	7.32	15.32
3.020	7.31	15.32
3.020	7.29	15.32
3.020	7.32	15.32
3.020	7.31	15.32
3.020	7.32	15.32
3.020	7.31	15.32
3.020	7.30	15.32
3.020	7.36	15.32
3.020	7.32	15.32
3.020	7.34	15.32
3.020	7.29	15.32
3.020	7.33	15.32
3.020	7.35	15.32
3.020	7.34	15.32
3.019	7.35	15.32
3.019	7.40	15.32
3.018	7.34	15.32
3.018	7.37	15.32
3.017	7.38	15.32
3.016	7.37	15.32
3.015	7.37	15.32
3.014	7.36	15.32
3.012	7.40	15.32
3.009	7.44	15.32
3.005	7.42	15.32
3.001	7.44	15.32
2.998	7.46	15.32
2.996	7.44	15.32
2.993	7.42	15.32
2.990	7.47	15.32
2.986	7.54	15.32
2.983	7.50	15.32
2.981	7.53	15.32
2.980	7.52	15.32
2.978	7.56	15.32
2.976	7.62	15.32
2.972	7.62	15.32
2.968	7.63	15.32
2.965	7.64	15.32
2.963	7.61	15.32
2.962	7.67	15.32
2.957	7.69	15.32
2.952	7.69	15.32
2.948	7.74	15.32
2.945	7.72	15.32
2.940	7.76	15.32
2.934	7.78	15.32
2.928	7.74	15.32
2.923	7.76	15.32
2.919	7.81	15.32
2.915	7.83	15.32
2.912	7.81	15.32
2.909	7.79	15.32
2.906	7.81	15.32
2.905	7.81	15.32
2.903	7.83	15.32
2.902	7.86	15.32
2.899	7.82	15.32
2.897	7.88	15.32
2.895	7.83	15.32
2.893	7.85	15.32
2.890	7.83	15.32
2.888	7.86	15.32
2.886	7.82	15.32
2.885	7.80	15.32
2.883	7.79	15.32
2.881	7.81	15.32
2.878	7.84	15.32
2.876	7.76	15.32
2.875	7.81	15.32
2.874	7.83	15.32
2.872	7.85	15.32
2.870	7.83	15.32
2.870	7.84	15.32
2.869	7.83	15.32
2.869	7.85	15.32
2.868	7.85	15.32
2.867	7.83	15.32
2.864	7.92	15.32
2.862	7.88	15.32
2.860	7.87	15.32
2.859	7.84	15.32
2.858	7.91	15.32
2.857	7.83	15.32
2.856	7.87	15.32
2.855	7.86	15.32
2.854	7.86	15.32
2.854	7.87	15.32
2.853	7.86	15.32
2.852	7.86	15.32
2.851	7.89	15.32
2.850	7.85	15.32
2.849	7.90	15.32
2.847	7.92	15.32
2.845	7.93	15.32
2.843	7.92	15.32
2.842	7.88	15.32
2.841	7.91	15.32
2.841	7.89	15.32
2.841	7.90	15.32
2.842	7.93	15.32
2.842	7.93	15.32
2.841	7.93	15.32
2.839	7.93	15.32
2.835	7.95	15.32
2.833	7.93	15.32
2.831	7.96	15.32
2.829	7.95	15.32
2.828	7.94	15.32
2.827	7.93	15.32
2.826	7.95	15.32
2.824	7.97	15.32
2.821	8.00	15.32
2.818	7.99	15.32
2.816	8.05	15.32
2.814	8.10	15.32
2.811	8.13	15.32
2.809	8.15	15.32
2.807	8.26	15.32
2.804	8.19	15.32
2.802	8.14	15.32
2.801	8.19	15.32
2.801	8.19	15.32
2.800	8.12	15.32
2.799	8.25	15.32
2.795	8.19	15.32
2.792	8.17	15.32
2.787	8.29	15.32
2.783	8.22	15.32
2.780	8.26	15.32
2.776	8.23	15.32
2.773	8.16	15.32
2.770	8.17	15.32
2.768	8.24	15.32
2.765	8.25	15.32
2.762	8.29	15.32
2.759	8.32	15.32
2.757	8.34	15.32
2.755	8.33	15.32
2.753	8.34	15.32
2.751	8.31	15.32
2.749	8.27	15.32
2.746	8.34	15.32
2.743	8.29	15.32
2.742	8.30	15.32
2.741	8.23	15.32
2.740	8.29	15.32
2.740	8.28	15.32
2.740	8.29	15.32
2.739	8.28	15.32
2.739	8.28	15.32
2.738	8.32	15.32
2.737	8.31	15.32
2.737	8.32	15.32
2.736	8.28	15.32
2.736	8.32	15.32
2.734	8.31	15.32
2.734	8.28	15.32
2.732	8.31	15.32
2.731	8.28	15.32
2.730	8.24	15.32
2.729	8.30	15.32
2.727	8.29	15.32
2.727	8.29	15.32
2.727	8.32	15.32
2.727	8.28	15.32
2.727	8.27	15.32
2.727	8.28	15.32
2.727	8.34	15.32
2.726	8.32	15.32
2.723	8.37	15.32
2.720	8.33	15.32
2.718	8.31	15.32
2.717	8.36	15.32
2.716	8.30	15.32
2.715	8.32	15.32
2.714	8.34	15.32
2.712	8.36	15.32
2.710	8.36	15.32
2.708	8.32	15.32
2.708	8.34	15.32
2.708	8.36	15.32
2.707	8.36	15.32
2.707	8.37	15.32
2.707	8.37	15.32
2.706	8.36	15.32
2.704	8.38	15.32
2.702	8.39	15.32
2.701	8.30	15.32
2.699	8.38	15.32
2.696	8.39	15.32
2.694	8.41	15.32
2.693	8.39	15.32
2.693	8.40	15.32
2.693	8.37	15.32
2.693	8.37	15.32
2.693	8.39	15.32
2.693	8.36	15.32
2.693	8.37	15.32
2.694	8.39	15.32
2.694	8.38	15.32
2.694	8.42	15.32
2.693	8.38	15.32
2.693	8.38	15.32
2.692	8.41	15.32
2.692	8.40	15.32
2.691	8.42	15.32
2.690	8.41	15.32
2.689	8.43	15.32
2.689	8.42	15.32
2.688	8.43	15.32
2.686	8.45	15.32
2.684	8.47	15.32
2.682	8.46	15.32
2.679	8.47	15.32
2.676	8.49	15.32
2.674	8.53	15.32
2.670	8.47	15.32
2.668	8.49	15.32
2.667	8.50	15.32
2.667	8.47	15.32
2.666	8.50	15.32
2.666	8.53	15.32
2.665	8.56	15.32
2.664	8.61	15.32
2.660	8.61	15.32
2.656	8.66	15.32
2.652	8.63	15.32
2.650	8.63	15.32
2.648	8.66	15.32
2.646	8.58	15.32
2.646	8.61	15.32
2.644	8.65	15.32
2.641	8.66	15.32
2.637	8.67	15.32
2.634	8.61	15.32
2.631	8.68	15.32
2.628	8.66	15.32
2.627	8.66	15.32
2.625	8.66	15.32
2.624	8.66	15.32
2.622	8.68	15.32
2.621	8.70	15.32
2.619	8.71	15.32
2.618	8.70	15.32
2.616	8.71	15.32
2.613	8.75	15.32
2.611	8.73	15.32
2.610	8.69	15.32
2.608	8.63	15.32
2.607	8.70	15.32
2.606	8.70	15.32
2.605	8.71	15.32
2.605	8.68	15.32
2.604	8.71	15.32
2.604	8.67	15.32
2.604	8.67	15.32
2.604	8.67	15.32
2.604	8.65	15.32
2.603	8.63	15.32
2.603	8.69	15.32
2.601	8.69	15.32
2.599	8.72	15.32
2.596	8.76	15.32
2.594	8.72	15.32
2.592	8.70	15.32
2.591	8.69	15.32
2.590	8.69	15.32
2.590	8.73	15.32
2.589	8.70	15.32
2.589	8.68	15.32
2.588	8.71	15.32
2.588	8.67	15.32
2.589	8.67	15.32
2.589	8.69	15.32
2.589	8.70	15.32
2.589	8.71	15.32
2.589	8.66	15.32
2.589	8.70	15.32
2.590	8.68	15.32
2.590	8.68	15.32
2.590	8.66	15.32
2.590	8.64	15.32
2.590	8.70	15.32
2.591	8.69	15.33
2.591	8.71	15.33
2.591	8.69	15.32
2.591	8.71	15.33
2.591	8.67	15.33
2.591	8.69	15.33
2.591	8.71	15.33
2.591	8.70	15.33
2.591	8.70	15.33
2.591	8.70	15.33
2.591	8.71	15.33
2.589	8.76	15.33
2.585	8.72	15.33
2.580	8.76	15.33
2.576	8.80	15.33
2.572	8.87	15.33
2.569	8.82	15.33
2.566	8.81	15.33
2.562	8.84	15.33
2.559	8.88	15.33
2.555	8.89	15.33
2.552	8.90	15.33
2.549	8.90	15.33
2.547	8.89	15.33
2.546	8.89	15.33
2.544	8.87	15.33
2.543	8.90	15.33
2.542	8.94	15.33
2.540	8.94	15.33
2.538	8.97	15.33
2.537	8.94	15.33
2.536	8.94	15.33
2.536	8.95	15.33
2.536	8.95	15.33
2.536	8.95	15.33
2.536	8.97	15.33
2.535	9.00	15.33
2.532	9.02	15.33
2.527	9.08	15.33
2.521	9.17	15.33
2.516	9.15	15.33
2.513	9.17	15.33
2.510	9.10	15.33
2.507	9.11	15.33
2.505	9.14	15.33
2.503	9.11	15.33
2.501	9.13	15.33
2.499	9.13	15.33
2.497	9.14	15.33
2.496	9.15	15.33
2.494	9.17	15.33
2.492	9.18	15.33
2.491	9.18	15.33
2.489	9.17	15.33
2.488	9.21	15.33
2.487	9.19	15.33
2.487	9.19	15.33
2.486	9.20	15.33
2.485	9.19	15.33
2.484	9.20	15.33
2.484	9.18	15.33
2.482	9.18	15.33
2.481	9.17	15.33
2.481	9.18	15.33
2.480	9.19	15.33
2.480	9.16	15.33
2.481	9.15	15.33
2.481	9.17	15.33
2.481	9.17	15.33
2.480	9.18	15.33
2.480	9.17	15.33
2.478	9.13	15.33
2.477	9.13	15.33
2.476	9.14	15.33
2.475	9.14	15.33
2.474	9.15	15.33
2.473	9.17	15.33
2.472	9.13	15.33
2.471	9.20	15.33
2.469	9.22	15.33
2.467	9.25	15.33
2.465	9.26	15.33
2.463	9.23	15.33
2.463	9.28	15.33
2.462	9.27	15.33
2.461	9.26	15.33
2.459	9.25	15.33
2.458	9.27	15.33
2.457	9.25	15.33
2.456	9.27	15.33
2.454	9.25	15.33
2.452	9.26	15.33
2.449	9.30	15.33
2.445	9.37	15.33
2.441	9.39	15.33
2.439	9.39	15.33
2.437	9.39	15.33
2.436	9.40	15.33
2.434	9.40	15.33
2.432	9.40	15.33
2.431	9.41	15.33
2.430	9.41	15.33
2.428	9.42	15.33
2.427	9.42	15.33
2.427	9.42	15.33
2.426	9.42	15.33
2.426	9.42	15.33
2.426	9.42	15.33
2.426	9.42	15.33
2.425	9.42	15.33
2.425	9.42	15.33
2.425	9.42	15.33
2.425	9.43	15.33
2.425	9.44	15.33
2.424	9.44	15.33
2.424	9.44	15.33
2.423	9.44	15.33
2.422	9.45	15.33
2.421	9.45	15.33
2.419	9.44	15.33
2.418	9.45	15.33
2.416	9.46	15.33
2.412	9.48	15.33
2.407	9.50	15.33
2.402	9.52	15.33
2.398	9.52	15.33
2.395	9.54	15.33
2.393	9.54	15.33
2.393	9.55	15.33
2.392	9.55	15.33
2.392	9.55	15.33
2.392	9.56	15.33
2.392	9.56	15.33
2.392	9.57	15.33
2.391	9.57	15.33
2.389	9.57	15.33
2.388	9.58	15.33
2.386	9.58	15.33
2.385	9.59	15.33
2.385	9.58	15.33
2.384	9.59	15.33
2.383	9.59	15.33
2.383	9.59	15.33
2.383	9.60	15.33
2.382	9.60	15.33
2.382	9.61	15.33
2.381	9.61	15.33
2.381	9.61	15.33
2.381	9.61	15.33
2.381	9.61	15.33
2.380	9.62	15.33
2.380	9.62	15.33
2.380	9.62	15.33
2.379	9.62	15.33
2.379	9.62	15.33
2.379	9.62	15.33
2.379	9.62	15.33
2.379	9.62	15.33
2.378	9.62	15.33
2.378	9.62	15.33
2.378	9.62	15.33
2.377	9.63	15.33
2.377	9.64	15.33
2.376	9.64	15.33
2.374	9.65	15.33
2.371	9.65	15.33
2.369	9.65	15.33
2.368	9.66	15.33
2.367	9.66	15.33
2.367	9.66	15.33
2.366	9.66	15.33
2.365	9.67	15.33
2.363	9.67	15.33
2.361	9.68	15.33
2.360	9.69	15.33
2.360	9.69	15.33
2.359	9.70	15.33
2.358	9.70	15.33
2.356	9.71	15.33
2.355	9.71	15.33
2.355	9.71	15.33
2.355	9.71	15.33
2.354	9.70	15.33
2.354	9.71	15.33
2.354	9.71	15.33
2.355	9.71	15.33
2.355	9.71	15.33
2.355	9.71	15.33
2.355	9.70	15.33
2.355	9.71	15.33
2.356	9.71	15.33
2.356	9.71	15.33
2.356	9.71	15.33
2.356	9.71	15.33
2.356	9.71	15.33
2.356	9.70	15.33
2.356	9.71	15.33
2.356	9.70	15.33
2.356	9.71	15.33
2.356	9.70	15.33
2.356	9.71	15.33
2.356	9.71	15.33
2.356	9.71	15.33
2.355	9.72	15.33
2.355	9.72	15.33
2.354	9.73	15.33
2.353	9.73	15.33
2.352	9.73	15.33
2.351	9.75	15.33
2.350	9.76	15.33
2.349	9.77	15.33
2.348	9.77	15.33
2.347	9.77	15.33
2.346	9.78	15.33
2.345	9.77	15.33
2.344	9.78	15.33
2.343	9.79	15.33
2.342	9.79	15.33
2.342	9.79	15.33
2.341	9.79	15.33
2.341	9.79	15.33
2.341	9.79	15.33
2.341	9.79	15.33
2.341	9.79	15.33
2.341	9.79	15.33
2.342	9.79	15.33
2.342	9.79	15.33
2.342	9.80	15.33
2.340	9.81	15.33
2.338	9.82	15.33
2.334	9.83	15.33
2.331	9.85	15.34
2.328	9.86	15.34
2.327	9.87	15.34
2.325	9.87	15.34
2.325	9.88	15.34
2.324	9.88	15.34
2.324	9.88	15.34
2.324	9.88	15.34
2.324	9.88	15.34
2.325	9.88	15.34
2.325	9.88	15.34
2.325	9.88	15.34
2.325	9.88	15.34
2.325	9.88	15.34
2.325	9.87	15.34
2.325	9.88	15.34
2.325	9.88	15.34
2.326	9.88	15.34
2.326	9.88	15.34
2.326	9.88	15.34
2.326	9.88	15.34
2.326	9.88	15.34
2.326	9.88	15.34
2.326	9.88	15.34
2.326	9.87	15.34
2.326	9.88	15.34
2.326	9.88	15.34
2.326	9.89	15.34
2.326	9.88	15.34
2.325	9.89	15.34
2.324	9.90	15.34
2.323	9.90	15.34
2.322	9.89	15.34
2.322	9.89	15.34
2.322	9.90	15.34
2.322	9.90	15.34
2.322	9.90	15.34
2.322	9.89	15.34
2.322	9.89	15.34
2.322	9.90	15.34
2.322	9.90	15.34
2.322	9.89	15.34
2.322	9.90	15.34
2.322	9.89	15.34
2.322	9.90	15.34
2.322	9.90	15.34
2.323	9.89	15.34
2.323	9.90	15.34
2.323	9.90	15.34
2.323	9.90	15.34
2.323	9.90	15.34
2.323	9.90	15.34
2.323	9.90	15.34
2.323	9.90	15.34
2.323	9.90	15.34
2.323	9.90	15.34
2.323	9.90	15.34
2.323	9.90	15.34
2.323	9.90	15.34
2.323	9.90	15.34
2.323	9.90	15.34
2.323	9.90	15.34
2.323	9.90	15.34
2.323	9.90	15.34
2.323	9.90	15.34
2.323	9.90	15.34
2.323	9.90	15.34
2.323	9.90	15.34
2.323	9.90	15.34
2.324	9.90	15.34
2.324	9.90	15.34
2.324	9.90	15.34
2.324	9.90	15.34
2.324	9.90	15.34
2.324	9.90	15.34
2.324	9.90	15.34
2.324	9.90	15.34
2.324	9.90	15.34
2.324	9.90	15.34
2.324	9.90	15.34
2.324	9.90	15.34
2.324	9.90	15.34
2.324	9.90	15.34
2.324	9.90	15.34
2.324	9.90	15.34
2.324	9.90	15.34
2.324	9.90	15.34
2.324	9.90	15.34
2.324	9.90	15.34
2.324	9.90	15.34
2.324	9.90	15.34
2.324	9.90	15.34
2.324	9.92	15.34
2.323	9.93	15.34
2.321	9.94	15.34
2.318	9.96	15.34
2.314	10.00	15.34
2.308	10.05	15.34
2.303	10.07	15.34
2.299	10.07	15.34
2.297	10.07	15.34
2.296	10.09	15.34
2.294	10.09	15.34
2.292	10.09	15.34
2.291	10.10	15.34
2.289	10.10	15.34
2.288	10.10	15.34
2.286	10.12	15.34
2.286	10.12	15.34
2.285	10.12	15.34
2.284	10.12	15.34
2.283	10.12	15.34
2.282	10.11	15.34
2.281	10.13	15.34
2.281	10.12	15.34
2.280	10.12	15.34
2.280	10.12	15.34
2.279	10.12	15.34
2.278	10.12	15.34
2.278	10.12	15.34
2.277	10.12	15.34
2.277	10.13	15.34
2.276	10.13	15.34
2.276	10.13	15.34
2.276	10.13	15.34
2.276	10.13	15.34
2.276	10.14	15.34
2.275	10.14	15.34
2.275	10.13	15.34
2.275	10.14	15.34
2.275	10.14	15.34
2.274	10.13	15.34
2.274	10.13	15.34
2.273	10.14	15.34
2.273	10.14	15.34
2.272	10.15	15.34
2.271	10.15	15.34
2.270	10.15	15.34
2.269	10.16	15.34
2.268	10.16	15.34
2.267	10.16	15.34
2.267	10.16	15.34
2.267	10.16	15.34
2.266	10.17	15.34
2.265	10.18	15.34
2.263	10.19	15.34
2.262	10.19	15.34
2.261	10.19	15.34
2.260	10.19	15.34
2.260	10.19	15.34
2.259	10.20	15.34
2.259	10.22	15.34
2.258	10.21	15.34
2.257	10.21	15.34
2.256	10.21	15.34
2.255	10.22	15.34
2.253	10.23	15.34
2.252	10.23	15.34
2.251	10.23	15.34
2.250	10.24	15.34
2.249	10.25	15.34
2.248	10.25	15.34
2.248	10.25	15.34
2.248	10.25	15.34
2.248	10.25	15.34
2.248	10.25	15.34
2.248	10.25	15.34
2.247	10.26	15.34
2.247	10.26	15.34
2.246	10.27	15.34
2.245	10.27	15.34
2.244	10.27	15.34
2.244	10.27	15.34
2.243	10.27	15.34
2.241	10.28	15.34
2.240	10.29	15.34
2.239	10.29	15.34
2.238	10.30	15.34
2.237	10.31	15.34
2.236	10.31	15.34
2.236	10.31	15.34
2.235	10.31	15.34
2.235	10.32	15.34
2.235	10.32	15.34
2.235	10.32	15.34
2.234	10.33	15.34
2.234	10.32	15.34
2.234	10.33	15.34
2.234	10.33	15.34
2.233	10.35	15.34
2.232	10.36	15.34
2.231	10.36	15.34
2.229	10.37	15.34
2.228	10.37	15.34
2.228	10.37	15.34
2.228	10.38	15.34
2.227	10.38	15.34
2.227	10.38	15.34
2.227	10.39	15.34
2.227	10.39	15.34
2.227	10.39	15.34
2.227	10.40	15.34
2.227	10.40	15.34
2.226	10.42	15.34
2.225	10.41	15.34
2.225	10.42	15.34
2.224	10.41	15.34
2.224	10.41	15.34
2.223	10.42	15.34
2.223	10.42	15.34
2.223	10.42	15.34
2.223	10.42	15.34
2.223	10.42	15.34
2.223	10.42	15.34
2.223	10.42	15.34
2.223	10.42	15.34
2.223	10.42	15.34
2.223	10.42	15.34
2.223	10.43	15.34
2.222	10.45	15.34
2.219	10.47	15.34
2.215	10.50	15.34
2.212	10.51	15.34
2.209	10.52	15.34
2.208	10.52	15.34
2.208	10.53	15.34
2.207	10.53	15.34
2.206	10.53	15.34
2.206	10.53	15.34
2.205	10.54	15.34
2.205	10.54	15.34
2.204	10.55	15.34
2.204	10.55	15.34
2.204	10.55	15.34
2.203	10.55	15.34
2.203	10.55	15.34
2.203	10.55	15.34
2.203	10.55	15.34
2.204	10.55	15.34
2.203	10.55	15.34
2.203	10.55	15.35
2.203	10.55	15.34
2.203	10.55	15.35
2.203	10.56	15.34
2.203	10.56	15.34
2.202	10.57	15.34
2.202	10.56	15.34
2.202	10.57	15.34
2.201	10.56	15.35
2.201	10.56	15.35
2.201	10.56	15.35
2.200	10.57	15.35
2.200	10.56	15.35
2.200	10.56	15.35
2.200	10.57	15.35
2.200	10.57	15.35
2.200	10.57	15.35
2.199	10.58	15.35
2.199	10.58	15.35
2.199	10.57	15.35
2.199	10.57	15.35
2.198	10.58	15.35
2.198	10.57	15.35
2.198	10.58	15.35
2.198	10.58	15.35
2.198	10.58	15.35
2.197	10.58	15.35
2.197	10.58	15.35
2.197	10.58	15.35
2.197	10.59	15.35
2.197	10.58	15.35
2.196	10.59	15.35
2.196	10.58	15.35
2.196	10.58	15.35
2.196	10.58	15.35
2.196	10.59	15.35
2.196	10.58	15.35
2.195	10.58	15.35
2.195	10.59	15.35
2.195	10.59	15.35
2.194	10.59	15.35
2.194	10.59	15.35
2.194	10.59	15.35
2.194	10.60	15.35
2.193	10.60	15.35
2.193	10.59	15.35
2.193	10.60	15.35
2.193	10.59	15.35
2.193	10.60	15.35
2.193	10.60	15.35
2.192	10.60	15.35
2.192	10.60	15.35
2.192	10.60	15.35
2.192	10.60	15.35
2.192	10.60	15.35
2.192	10.60	15.35
2.192	10.60	15.35
2.192	10.60	15.35
2.192	10.60	15.35
2.192	10.60	15.35
2.192	10.60	15.35
2.192	10.60	15.35
2.192	10.60	15.35
2.192	10.60	15.35
2.192	10.60	15.35
2.191	10.60	15.35
2.191	10.60	15.35
2.191	10.60	15.35
2.191	10.60	15.35
2.191	10.60	15.35
2.191	10.60	15.35
2.191	10.60	15.35
2.191	10.61	15.35
2.191	10.61	15.35
2.191	10.61	15.35
2.191	10.61	15.35
2.190	10.61	15.35
2.190	10.61	15.35
2.190	10.61	15.35
2.190	10.61	15.35
2.189	10.61	15.35
2.189	10.61	15.35
2.189	10.61	15.35
2.188	10.62	15.35
2.188	10.62	15.35
2.188	10.62	15.35
2.187	10.62	15.35
2.187	10.62	15.35
2.187	10.62	15.35
2.187	10.62	15.35
2.186	10.62	15.35
2.186	10.62	15.35
2.186	10.62	15.35
2.186	10.62	15.35
2.186	10.61	15.35
2.186	10.62	15.35
2.186	10.62	15.35
2.186	10.62	15.35
2.186	10.62	15.35
2.186	10.62	15.35
2.186	10.62	15.35
2.186	10.62	15.35
2.185	10.62	15.35
2.185	10.62	15.35
2.185	10.62	15.35
2.185	10.62	15.35
2.185	10.62	15.35
2.185	10.62	15.35
2.185	10.63	15.35
2.184	10.63	15.35
2.184	10.62	15.35
2.184	10.62	15.35
2.184	10.63	15.35
2.184	10.63	15.35
2.184	10.62	15.35
2.184	10.63	15.35
2.184	10.63	15.35
2.183	10.62	15.35
2.183	10.62	15.35
2.183	10.62	15.35
2.183	10.63	15.35
2.183	10.63	15.35
2.182	10.63	15.35
2.182	10.63	15.35
2.182	10.63	15.35
2.182	10.63	15.35
2.182	10.63	15.35
2.182	10.64	15.35
2.182	10.63	15.35
2.182	10.64	15.35
2.181	10.63	15.35
2.181	10.64	15.35
2.181	10.64	15.35
2.181	10.64	15.35
2.180	10.64	15.35
2.179	10.65	15.35
2.178	10.64	15.35
2.177	10.65	15.35
2.177	10.65	15.35
2.176	10.65	15.35
2.176	10.66	15.35
2.175	10.66	15.35
2.175	10.66	15.35
2.174	10.67	15.35
2.173	10.67	15.35
2.172	10.68	15.35
2.171	10.68	15.35
2.171	10.68	15.35
2.170	10.69	15.35
2.169	10.69	15.35
2.168	10.70	15.35
2.167	10.70	15.35
2.167	10.69	15.35
2.166	10.70	15.35
2.166	10.70	15.35
2.166	10.70	15.35
2.166	10.70	15.35
2.166	10.70	15.35
2.166	10.70	15.35
2.166	10.70	15.35
2.166	10.70	15.35
2.165	10.70	15.35
2.165	10.71	15.35
2.164	10.71	15.35
2.164	10.72	15.35
2.163	10.73	15.35
2.163	10.73	15.35
2.162	10.73	15.35
2.162	10.73	15.35
2.161	10.73	15.35
2.161	10.73	15.35
2.160	10.73	15.35
2.160	10.73	15.35
2.160	10.73	15.35
2.160	10.74	15.35
2.159	10.74	15.35
2.159	10.75	15.35
2.157	10.75	15.35
2.156	10.76	15.35
2.155	10.76	15.35
2.154	10.76	15.35
2.154	10.76	15.35
2.154	10.76	15.35
2.153	10.76	15.35
2.153	10.76	15.35
2.153	10.77	15.35
2.153	10.76	15.35
2.152	10.77	15.35
2.152	10.77	15.35
2.151	10.78	15.35
2.150	10.78	15.35
2.150	10.79	15.35
2.149	10.79	15.35
2.149	10.79	15.35
2.148	10.80	15.35
2.148	10.80	15.35
2.147	10.81	15.35
2.147	10.81	15.35
2.147	10.81	15.35
2.146	10.81	15.35
2.146	10.81	15.35
2.146	10.82	15.35
2.146	10.83	15.35
2.145	10.82	15.35
2.145	10.82	15.35
2.145	10.82	15.35
2.145	10.82	15.35
2.144	10.84	15.35
2.144	10.84	15.35
2.143	10.84	15.35
2.143	10.85	15.35
2.143	10.84	15.35
2.142	10.84	15.35
2.142	10.85	15.35
2.142	10.86	15.35
2.141	10.86	15.35
2.141	10.86	15.35
2.140	10.86	15.35
2.140	10.87	15.35
2.140	10.87	15.35
2.140	10.86	15.35
2.140	10.87	15.35
2.140	10.87	15.35
2.140	10.87	15.35
2.140	10.87	15.35
2.140	10.88	15.35
2.140	10.87	15.35
2.139	10.87	15.35
2.139	10.87	15.35
2.139	10.89	15.35
2.139	10.88	15.35
2.139	10.89	15.35
2.139	10.89	15.35
2.138	10.91	15.35
2.138	10.90	15.35
2.137	10.90	15.35
2.137	10.91	15.36
2.136	10.91	15.36
2.136	10.91	15.36
2.136	10.91	15.36
2.136	10.92	15.36
2.135	10.92	15.36
2.135	10.92	15.36
2.135	10.93	15.36
2.134	10.93	15.36
2.134	10.94	15.36
2.133	10.95	15.36
2.133	10.95	15.36
2.133	10.95	15.36
2.132	10.95	15.36
2.132	10.95	15.36
2.131	10.95	15.36
2.130	10.95	15.36
2.130	10.96	15.36
2.129	10.96	15.36
2.129	10.96	15.36
2.129	10.97	15.36
2.128	10.96	15.36
2.128	10.97	15.36
2.127	10.97	15.36
2.126	10.99	15.36
2.125	10.99	15.36
2.124	10.99	15.36
2.124	11.00	15.36
2.123	11.01	15.36
2.122	11.02	15.36
2.122	11.02	15.36
2.121	11.02	15.36
2.120	11.03	15.36
2.120	11.02	15.36
2.120	11.03	15.36
2.120	11.03	15.36
2.120	11.04	15.36
2.119	11.04	15.36
2.118	11.04	15.36
2.117	11.05	15.36
2.117	11.05	15.36
2.116	11.05	15.36
2.116	11.05	15.36
2.116	11.05	15.36
2.116	11.05	15.36
2.115	11.05	15.36
2.115	11.05	15.36
2.115	11.06	15.36
2.115	11.06	15.36
2.115	11.06	15.36
2.115	11.06	15.36
2.115	11.06	15.36
2.114	11.06	15.36
2.114	11.06	15.36
2.114	11.06	15.36
2.114	11.06	15.36
2.114	11.06	15.36
2.113	11.06	15.36
2.113	11.06	15.36
2.113	11.07	15.36
2.112	11.06	15.36
2.112	11.07	15.36
2.112	11.07	15.36
2.111	11.07	15.36
2.111	11.07	15.36
2.111	11.07	15.36
2.110	11.07	15.36
2.110	11.07	15.36
2.110	11.07	15.36
2.110	11.07	15.36
2.110	11.07	15.36
2.109	11.07	15.36
2.109	11.07	15.36
2.109	11.07	15.36
2.109	11.08	15.36
2.109	11.07	15.36
2.108	11.08	15.36
2.108	11.07	15.36
2.108	11.08	15.36
2.107	11.08	15.36
2.106	11.09	15.36
2.106	11.09	15.36
2.106	11.09	15.36
2.105	11.09	15.36
2.105	11.09	15.36
2.104	11.10	15.36
2.104	11.10	15.36
2.104	11.10	15.36
2.104	11.10	15.36
2.104	11.11	15.36
2.103	11.11	15.36
2.103	11.10	15.36
2.103	11.10	15.36
2.103	11.11	15.36
2.103	11.10	15.36
2.103	11.10	15.36
2.103	11.11	15.36
2.104	11.10	15.36
2.104	11.11	15.36
2.104	11.10	15.36
2.104	11.10	15.36
2.104	11.11	15.36
2.104	11.10	15.36
2.104	11.10	15.36
2.104	11.10	15.36
2.104	11.10	15.36
2.104	11.11	15.36
2.104	11.10	15.36
2.104	11.10	15.36
2.104	11.11	15.36
2.104	11.10	15.36
2.104	11.10	15.36
2.104	11.10	15.36
2.104	11.11	15.36
2.104	11.11	15.36
2.104	11.10	15.36
2.104	11.10	15.36
2.104	11.11	15.36
2.104	11.10	15.36
2.104	11.11	15.36
2.103	11.11	15.36
2.103	11.11	15.36
2.103	11.10	15.36
2.102	11.10	15.36
2.102	11.11	15.36
2.101	11.10	15.36
2.101	11.11	15.36
2.101	11.11	15.36
2.101	11.10	15.36
2.100	11.11	15.36
2.100	11.11	15.36
2.100	11.11	15.36
2.100	11.10	15.36
2.100	11.11	15.36
2.100	11.11	15.36
2.100	11.11	15.36
2.100	11.11	15.36
2.100	11.11	15.36
2.100	11.11	15.36
2.100	11.11	15.36
2.100	11.11	15.36
2.100	11.11	15.36
2.100	11.10	15.36
2.100	11.12	15.36
2.100	11.12	15.36
2.100	11.11	15.36
2.100	11.12	15.36
2.100	11.13	15.36
2.100	11.11	15.36
2.099	11.12	15.36
2.099	11.12	15.36
2.098	11.12	15.36
2.098	11.12	15.36
2.097	11.13	15.36
2.097	11.12	15.36
2.096	11.13	15.36
2.096	11.13	15.36
2.096	11.12	15.36
2.095	11.12	15.36
2.095	11.13	15.36
2.095	11.12	15.36
2.094	11.14	15.36
2.094	11.13	15.36
2.094	11.13	15.36
2.093	11.13	15.36
2.093	11.14	15.36
2.092	11.14	15.36
2.091	11.14	15.36
2.091	11.14	15.36
2.090	11.14	15.36
2.089	11.15	15.36
2.089	11.15	15.36
2.089	11.14	15.36
2.089	11.15	15.36
2.089	11.15	15.36
2.089	11.15	15.36
2.089	11.15	15.36
2.088	11.15	15.36
2.088	11.15	15.36
2.088	11.15	15.36
2.088	11.15	15.36
2.088	11.15	15.36
2.088	11.15	15.36
2.088	11.16	15.36
2.088	11.16	15.36
2.088	11.15	15.36
2.088	11.16	15.36
2.088	11.16	15.36
2.087	11.16	15.36
2.087	11.16	15.36
2.087	11.16	15.36
2.087	11.16	15.36
2.087	11.16	15.36
2.087	11.16	15.36
2.087	11.16	15.36
2.087	11.16	15.36
2.087	11.16	15.36
2.087	11.16	15.36
2.087	11.16	15.36
2.087	11.16	15.36
2.087	11.16	15.36
2.087	11.16	15.36
2.087	11.16	15.36
2.087	11.16	15.36
2.087	11.16	15.36
2.087	11.17	15.36
2.087	11.17	15.36
2.087	11.17	15.36
2.086	11.17	15.36
2.086	11.17	15.36
2.086	11.17	15.36
2.085	11.18	15.36
2.085	11.18	15.36
2.084	11.18	15.36
2.084	11.18	15.36
2.083	11.18	15.36
2.083	11.18	15.36
2.083	11.18	15.36
2.083	11.19	15.36
2.082	11.19	15.36
2.082	11.19	15.36
2.082	11.19	15.36
2.082	11.19	15.36
2.082	11.19	15.36
2.082	11.19	15.36
2.082	11.19	15.36
2.082	11.19	15.36
2.082	11.19	15.36
2.082	11.19	15.36
2.082	11.19	15.36
2.082	11.19	15.36
2.082	11.19	15.36
2.082	11.20	15.36
2.082	11.21	15.36
2.081	11.21	15.36
2.080	11.22	15.36
2.079	11.23	15.36
2.078	11.23	15.36
2.077	11.23	15.36
2.077	11.23	15.36
2.076	11.23	15.36
2.075	11.24	15.36
2.073	11.24	15.36
2.073	11.24	15.36
2.072	11.25	15.36
2.072	11.25	15.36
2.071	11.25	15.36
2.071	11.25	15.36
2.070	11.26	15.36
2.070	11.26	15.36
2.070	11.26	15.36
2.069	11.27	15.36
2.068	11.27	15.36
2.068	11.27	15.36
2.067	11.27	15.36
2.067	11.27	15.36
2.066	11.28	15.36
2.066	11.28	15.36
2.065	11.29	15.36
2.065	11.29	15.36
2.065	11.29	15.36
2.064	11.30	15.36
2.064	11.30	15.36
2.064	11.30	15.36
2.064	11.31	15.36
2.063	11.32	15.36
2.062	11.32	15.36
2.062	11.33	15.36
2.061	11.33	15.36
2.061	11.32	15.36
2.061	11.33	15.36
2.061	11.33	15.36
2.061	11.32	15.36
2.061	11.32	15.36
2.061	11.33	15.36
2.061	11.33	15.36
2.061	11.33	15.36
2.061	11.33	15.36
2.061	11.34	15.36
2.061	11.33	15.36
2.060	11.34	15.36
2.060	11.35	15.36
2.060	11.34	15.36
2.059	11.36	15.36
2.059	11.36	15.36
2.059	11.36	15.36
2.059	11.37	15.36
2.058	11.36	15.36
2.058	11.37	15.36
2.058	11.36	15.36
2.058	11.37	15.36
2.058	11.38	15.36
2.057	11.38	15.36
2.057	11.37	15.36
2.057	11.38	15.36
2.057	11.38	15.36
2.057	11.39	15.36
2.056	11.38	15.36
2.056	11.38	15.36
2.056	11.38	15.36
2.055	11.38	15.36
2.055	11.39	15.36
2.055	11.40	15.36
2.054	11.40	15.36
2.054	11.41	15.36
2.054	11.40	15.36
2.054	11.41	15.36
2.053	11.41	15.36
2.053	11.41	15.36
2.052	11.43	15.36
2.051	11.43	15.36
2.049	11.44	15.36
2.048	11.44	15.36
2.048	11.45	15.36
2.047	11.47	15.36
2.046	11.47	15.36
2.046	11.48	15.36
2.045	11.48	15.36
2.045	11.48	15.36
2.044	11.48	15.36
2.043	11.49	15.36
2.043	11.50	15.36
2.043	11.50	15.36
2.042	11.51	15.36
2.041	11.51	15.36
2.040	11.51	15.36
2.040	11.51	15.36
2.039	11.52	15.36
2.039	11.52	15.36
2.038	11.52	15.36
2.038	11.52	15.36
2.037	11.52	15.36
2.037	11.53	15.36
2.036	11.53	15.36
2.036	11.54	15.36
2.035	11.53	15.36
2.035	11.54	15.36
2.034	11.54	15.36
2.034	11.53	15.36
2.033	11.54	15.36
2.033	11.54	15.36
2.032	11.55	15.36
2.032	11.54	15.36
2.031	11.54	15.36
2.031	11.54	15.36
2.031	11.54	15.36
2.031	11.55	15.36
2.030	11.55	15.36
2.030	11.54	15.36
2.030	11.55	15.36
2.030	11.55	15.36
2.029	11.55	15.36
2.029	11.55	15.36
2.029	11.55	15.36
2.028	11.55	15.36
2.028	11.56	15.36
2.027	11.56	15.36
2.027	11.56	15.36
2.027	11.55	15.36
2.027	11.56	15.36
2.027	11.56	15.36
2.027	11.56	15.36
2.027	11.56	15.36
2.027	11.56	15.36
2.027	11.56	15.36
2.026	11.56	15.36
2.026	11.56	15.36
2.026	11.56	15.36
2.026	11.56	15.36
2.026	11.56	15.36
2.026	11.56	15.36
2.025	11.57	15.36
2.025	11.56	15.36
2.025	11.56	15.36
2.024	11.56	15.36
2.024	11.57	15.36
2.024	11.57	15.36
2.024	11.57	15.36
2.024	11.57	15.36
2.024	11.56	15.36
2.024	11.57	15.36
2.024	11.57	15.36
2.023	11.57	15.36
2.023	11.57	15.36
2.023	11.58	15.36
2.023	11.58	15.36
2.022	11.58	15.36
2.022	11.58	15.36
2.022	11.58	15.36
2.021	11.57	15.36
2.021	11.58	15.36
2.020	11.59	15.36
2.020	11.59	15.36
2.019	11.58	15.36
2.019	11.59	15.36
2.019	11.58	15.36
2.019	11.59	15.36
2.018	11.59	15.36
2.018	11.59	15.36
2.018	11.59	15.36
2.018	11.59	15.36
2.018	11.59	15.36
2.018	11.60	15.36
2.018	11.59	15.36
2.018	11.60	15.36
2.017	11.60	15.36
2.017	11.60	15.36
2.016	11.62	15.36
2.016	11.62	15.36
2.015	11.62	15.36
2.014	11.62	15.36
2.013	11.63	15.36
2.012	11.62	15.36
2.012	11.63	15.36
2.011	11.63	15.36
2.010	11.64	15.36
2.010	11.64	15.36
2.009	11.64	15.36
2.008	11.65	15.37
2.008	11.65	15.37
2.008	11.66	15.37
2.007	11.65	15.37
2.007	11.66	15.37
2.006	11.67	15.37
2.005	11.67	15.37
2.004	11.68	15.37
2.004	11.68	15.37
2.003	11.68	15.37
2.002	11.67	15.37
2.002	11.68	15.37
2.001	11.68	15.37
2.001	11.68	15.37
2.001	11.69	15.37
2.000	11.68	15.37
2.000	11.69	15.37
2.000	11.70	15.37
1.999	11.70	15.37
1.999	11.71	15.37
1.998	11.71	15.37
1.998	11.72	15.37
1.997	11.72	15.37
1.996	11.72	15.37
1.996	11.72	15.37
1.996	11.72	15.37
1.995	11.73	15.37
1.995	11.73	15.37
1.994	11.73	15.37
1.994	11.73	15.37
1.993	11.74	15.37
1.992	11.75	15.37
1.991	11.75	15.37
1.990	11.76	15.37
1.990	11.76	15.37
1.989	11.76	15.37
1.989	11.76	15.37
1.988	11.77	15.37
1.988	11.78	15.37
1.987	11.78	15.37
1.987	11.78	15.37
1.987	11.78	15.37
1.987	11.79	15.37
1.986	11.80	15.37
1.985	11.81	15.37
1.985	11.82	15.37
1.984	11.82	15.37
1.983	11.83	15.37
1.983	11.83	15.37
1.983	11.83	15.37
1.983	11.88	15.37
1.983	11.83	15.37
1.982	11.83	15.37
1.982	11.83	15.37
1.982	11.83	15.37
1.982	11.89	15.37
1.982	11.84	15.37
1.981	11.85	15.37
1.981	11.86	15.37
1.980	11.87	15.37
1.980	11.87	15.37
1.979	11.87	15.37
1.979	11.87	15.37
1.979	11.87	15.37
1.979	11.86	15.37
1.978	11.88	15.37
1.978	11.89	15.37
1.977	11.89	15.37
1.976	11.89	15.37
1.975	11.91	15.37
1.975	11.91	15.37
1.973	11.94	15.37
1.971	11.95	15.37
1.969	11.94	15.37
1.969	11.94	15.37
1.969	11.95	15.37
1.968	11.95	15.37
1.968	11.96	15.37
1.967	11.98	15.37
1.966	11.97	15.37
1.964	11.97	15.37
1.963	11.99	15.37
1.963	11.99	15.37
1.962	11.99	15.37
1.962	11.99	15.37
1.962	11.99	15.37
1.961	12.00	15.37
1.961	12.00	15.37
1.961	11.99	15.37
1.961	11.98	15.37
1.961	11.99	15.37
1.961	11.99	15.37
1.961	12.00	15.37
1.961	11.98	15.37
1.961	12.01	15.37
1.961	11.99	15.37
1.961	11.99	15.37
1.961	11.99	15.37
1.961	12.01	15.37
1.960	11.99	15.37
1.960	12.00	15.37
1.960	12.00	15.37
1.959	11.99	15.37
1.959	12.02	15.37
1.958	12.00	15.37
1.958	12.00	15.37
1.958	12.01	15.37
1.958	12.02	15.37
1.957	12.01	15.37
1.957	12.00	15.37
1.957	12.01	15.37
1.957	12.00	15.37
1.957	12.00	15.37
1.957	12.01	15.37
1.957	12.01	15.37
1.956	12.01	15.37
1.956	12.01	15.37
1.955	12.02	15.37
1.955	12.03	15.37
1.954	12.03	15.37
1.953	12.04	15.37
1.953	12.04	15.37
1.952	12.04	15.37
1.952	12.04	15.37
1.951	12.04	15.37
1.951	12.04	15.37
1.950	12.05	15.37
1.950	12.05	15.37
1.949	12.06	15.37
1.949	12.06	15.37
1.949	12.07	15.37
1.949	12.07	15.37
1.948	12.07	15.37
1.948	12.07	15.37
1.947	12.07	15.37
1.946	12.08	15.37
1.946	12.08	15.37
1.945	12.08	15.37
1.945	12.08	15.37
1.944	12.09	15.37
1.943	12.08	15.37
1.942	12.09	15.37
1.941	12.10	15.37
1.940	12.10	15.37
1.939	12.12	15.37
1.938	12.11	15.37
1.938	12.10	15.37
1.937	12.11	15.37
1.937	12.12	15.37
1.936	12.12	15.37
1.935	12.13	15.37
1.935	12.13	15.37
1.934	12.13	15.37
1.933	12.13	15.37
1.932	12.14	15.37
1.931	12.14	15.37
1.931	12.15	15.37
1.930	12.16	15.37
1.930	12.16	15.37
1.929	12.18	15.37
1.929	12.18	15.37
1.928	12.18	15.37
1.928	12.18	15.37
1.927	12.18	15.37
1.927	12.19	15.37
1.927	12.18	15.37
1.927	12.19	15.37
1.926	12.19	15.37
1.925	12.19	15.37
1.924	12.20	15.37
1.923	12.21	15.37
1.922	12.21	15.37
1.921	12.21	15.37
1.921	12.22	15.37
1.920	12.22	15.37
1.920	12.23	15.37
1.919	12.23	15.37
1.918	12.24	15.37
1.917	12.26	15.37
1.916	12.25	15.37
1.916	12.25	15.37
1.916	12.25	15.37
1.915	12.27	15.37
1.915	12.25	15.37
1.914	12.27	15.37
1.914	12.27	15.37
1.913	12.29	15.37
1.913	12.28	15.37
1.913	12.28	15.37
1.912	12.28	15.37
1.912	12.29	15.37
1.912	12.28	15.37
1.912	12.29	15.37
1.912	12.28	15.37
1.912	12.29	15.37
1.912	12.29	15.37
1.911	12.29	15.37
1.911	12.29	15.37
1.911	12.30	15.37
1.911	12.30	15.37
1.911	12.31	15.37
1.911	12.30	15.37
1.911	12.31	15.37
1.910	12.32	15.37
1.910	12.32	15.37
1.910	12.32	15.37
1.910	12.32	15.37
1.910	12.32	15.37
1.910	12.32	15.37
1.910	12.32	15.37
1.910	12.33	15.37
1.910	12.32	15.37
1.909	12.34	15.37
1.909	12.34	15.37
1.908	12.34	15.37
1.908	12.34	15.37
1.908	12.34	15.37
1.907	12.35	15.37
1.907	12.36	15.37
1.906	12.37	15.37
1.906	12.38	15.37
1.905	12.38	15.37
1.905	12.38	15.37
1.903	12.39	15.37
1.902	12.39	15.37
1.902	12.40	15.37
1.901	12.40	15.37
1.901	12.41	15.37
1.900	12.42	15.37
1.899	12.42	15.37
1.899	12.43	15.37
1.897	12.44	15.37
1.896	12.44	15.37
1.896	12.45	15.37
1.895	12.45	15.37
1.894	12.46	15.37
1.893	12.46	15.37
1.892	12.46	15.37
1.892	12.46	15.37
1.892	12.46	15.37
1.891	12.47	15.37
1.891	12.48	15.37
1.890	12.49	15.37
1.889	12.48	15.37
1.889	12.49	15.37
1.888	12.50	15.38
1.888	12.50	15.38
1.887	12.50	15.38
1.887	12.50	15.38
1.886	12.50	15.38
1.886	12.51	15.38
1.886	12.50	15.38
1.885	12.50	15.38
1.885	12.51	15.38
1.885	12.51	15.38
1.885	12.51	15.38
1.885	12.51	15.38
1.885	12.50	15.38
1.885	12.51	15.38
1.884	12.51	15.38
1.884	12.51	15.38
1.884	12.51	15.38
1.884	12.51	15.38
1.884	12.51	15.38
1.884	12.52	15.38
1.883	12.52	15.38
1.883	12.51	15.38
1.883	12.52	15.38
1.883	12.52	15.38
1.883	12.52	15.38
1.882	12.52	15.38
1.882	12.52	15.38
1.882	12.53	15.38
1.882	12.52	15.38
1.881	12.52	15.38
1.881	12.52	15.38
1.881	12.52	15.38
1.881	12.52	15.38
1.880	12.53	15.38
1.880	12.53	15.38
1.880	12.54	15.38
1.880	12.54	15.38
1.879	12.53	15.38
1.879	12.52	15.38
1.879	12.53	15.38
1.879	12.53	15.38
1.879	12.53	15.38
1.879	12.53	15.38
1.879	12.54	15.38
1.879	12.53	15.38
1.878	12.53	15.38
1.878	12.54	15.38
1.877	12.54	15.38
1.877	12.54	15.38
1.877	12.53	15.38
1.876	12.56	15.38
1.876	12.55	15.38
1.876	12.55	15.38
1.876	12.55	15.38
1.875	12.55	15.38
1.875	12.55	15.38
1.875	12.56	15.38
1.875	12.56	15.38
1.874	12.56	15.38
1.874	12.57	15.38
1.873	12.56	15.38
1.873	12.58	15.38
1.872	12.59	15.38
1.871	12.59	15.38
1.870	12.59	15.38
1.870	12.59	15.38
1.869	12.59	15.38
1.869	12.60	15.38
1.869	12.60	15.38
1.868	12.60	15.38
1.868	12.60	15.38
1.867	12.60	15.38
1.867	12.61	15.38
1.867	12.61	15.38
1.866	12.61	15.38
1.866	12.61	15.38
1.865	12.62	15.38
1.865	12.62	15.38
1.865	12.62	15.38
1.865	12.61	15.38
1.864	12.62	15.38
1.864	12.62	15.38
1.863	12.63	15.38
1.863	12.62	15.38
1.862	12.64	15.38
1.861	12.65	15.38
1.861	12.66	15.38
1.860	12.66	15.38
1.860	12.66	15.38
1.860	12.67	15.38
1.860	12.67	15.38
1.860	12.67	15.38
1.859	12.66	15.38
1.859	12.67	15.38
1.858	12.67	15.38
1.858	12.67	15.38
1.858	12.68	15.38
1.857	12.68	15.38
1.857	12.69	15.38
1.857	12.68	15.38
1.857	12.69	15.38
1.857	12.67	15.38
1.856	12.69	15.38
1.856	12.68	15.38
1.856	12.69	15.38
1.856	12.69	15.38
1.856	12.70	15.38
1.856	12.69	15.38
1.856	12.69	15.38
1.856	12.70	15.38
1.855	12.70	15.38
1.855	12.71	15.38
1.855	12.71	15.38
1.854	12.71	15.38
1.853	12.72	15.38
1.853	12.73	15.38
1.852	12.73	15.38
1.852	12.74	15.38
1.851	12.74	15.38
1.851	12.74	15.38
1.850	12.74	15.38
1.850	12.74	15.38
1.849	12.75	15.38
1.849	12.75	15.38
1.849	12.75	15.38
1.848	12.76	15.38
1.848	12.76	15.38
1.848	12.77	15.38
1.847	12.77	15.38
1.847	12.77	15.38
1.847	12.77	15.38
1.847	12.78	15.38
1.847	12.77	15.38
1.847	12.77	15.38
1.847	12.78	15.38
1.846	12.77	15.38
1.846	12.78	15.38
1.846	12.78	15.38
1.846	12.78	15.38
1.845	12.79	15.38
1.845	12.80	15.38
1.845	12.80	15.38
1.844	12.82	15.38
1.844	12.82	15.38
1.843	12.82	15.38
1.842	12.84	15.38
1.842	12.84	15.38
1.841	12.84	15.38
1.840	12.85	15.38
1.839	12.84	15.38
1.839	12.85	15.38
1.838	12.87	15.38
1.838	12.87	15.38
1.836	12.87	15.38
1.835	12.89	15.38
1.835	12.90	15.38
1.834	12.90	15.38
1.833	12.91	15.38
1.832	12.92	15.38
1.832	12.92	15.38
1.831	12.93	15.38
1.831	12.93	15.38
1.830	12.92	15.38
1.830	12.93	15.38
1.829	12.93	15.38
1.829	12.94	15.38
1.828	12.95	15.38
1.828	12.96	15.38
1.827	12.95	15.38
1.827	12.96	15.38
1.826	12.96	15.38
1.825	12.97	15.38
1.824	12.98	15.38
1.824	12.97	15.38
1.823	12.97	15.38
1.823	12.97	15.38
1.823	12.97	15.38
1.823	12.98	15.38
1.822	12.97	15.38
1.822	12.97	15.38
1.822	12.97	15.38
1.822	12.97	15.38
1.822	12.98	15.38
1.822	12.97	15.38
1.822	12.97	15.38
1.822	12.98	15.39
1.822	12.98	15.39
1.822	12.97	15.39
1.821	12.98	15.39
1.821	12.98	15.39
1.820	12.98	15.39
1.820	12.99	15.39
1.819	12.99	15.39
1.819	12.99	15.39
1.819	13.00	15.39
1.818	12.99	15.39
1.818	12.99	15.39
1.818	13.00	15.39
1.817	13.00	15.39
1.817	12.99	15.39
1.817	13.01	15.39
1.816	13.00	15.39
1.816	13.01	15.39
1.816	13.01	15.39
1.816	13.01	15.39
1.815	13.01	15.39
1.815	13.02	15.39
1.815	13.02	15.39
1.815	13.02	15.39
1.814	13.02	15.39
1.814	13.02	15.39
1.814	13.03	15.39
1.813	13.02	15.39
1.813	13.03	15.39
1.813	13.04	15.39
1.812	13.03	15.39
1.812	13.04	15.39
1.812	13.04	15.39
1.811	13.03	15.39
1.811	13.05	15.39
1.811	13.04	15.39
1.810	13.04	15.39
1.810	13.04	15.39
1.810	13.05	15.39
1.809	13.05	15.39
1.809	13.05	15.39
1.809	13.05	15.39
1.808	13.05	15.39
1.808	13.05	15.39
1.808	13.06	15.39
1.807	13.06	15.39
1.807	13.06	15.39
1.807	13.07	15.39
1.807	13.07	15.39
1.807	13.07	15.39
1.806	13.07	15.39
1.806	13.07	15.39
1.806	13.07	15.39
1.805	13.07	15.39
1.805	13.07	15.39
1.805	13.07	15.39
1.805	13.07	15.39
1.805	13.07	15.39
1.805	13.07	15.39
1.805	13.08	15.39
1.805	13.07	15.39
1.805	13.08	15.39
1.805	13.09	15.39
1.805	13.08	15.39
1.805	13.08	15.39
1.805	13.08	15.39
1.805	13.08	15.39
1.804	13.07	15.39
1.804	13.09	15.39
1.804	13.07	15.39
1.805	13.08	15.39
1.805	13.08	15.39
1.805	13.09	15.39
1.805	13.09	15.39
1.805	13.08	15.39
1.805	13.08	15.39
1.805	13.09	15.39
1.804	13.09	15.39
1.804	13.10	15.39
1.804	13.10	15.39
1.804	13.09	15.39
1.803	13.10	15.39
1.803	13.10	15.39
1.803	13.09	15.39
1.802	13.11	15.39
1.802	13.12	15.39
1.801	13.12	15.39
1.801	13.11	15.39
1.801	13.12	15.39
1.800	13.11	15.39
1.800	13.12	15.39
1.800	13.12	15.39
1.800	13.12	15.39
1.800	13.12	15.39
1.799	13.12	15.39
1.799	13.12	15.39
1.799	13.13	15.39
1.799	13.13	15.39
1.799	13.13	15.39
1.798	13.14	15.39
1.798	13.13	15.39
1.798	13.14	15.39
1.797	13.14	15.39
1.797	13.14	15.39
1.797	13.14	15.39
1.796	13.15	15.39
1.795	13.16	15.39
1.795	13.16	15.39
1.794	13.17	15.39
1.794	13.18	15.39
1.793	13.18	15.39
1.792	13.20	15.39
1.791	13.20	15.39
1.791	13.22	15.39
1.790	13.20	15.39
1.790	13.21	15.39
1.790	13.21	15.39
1.789	13.22	15.39
1.789	13.23	15.39
1.789	13.21	15.39
1.789	13.22	15.39
1.789	13.22	15.39
1.789	13.21	15.39
1.788	13.22	15.39
1.788	13.23	15.39
1.788	13.22	15.39
1.788	13.22	15.39
1.788	13.23	15.39
1.787	13.23	15.39
1.787	13.23	15.39
1.787	13.24	15.39
1.787	13.24	15.39
1.787	13.24	15.39
1.786	13.25	15.39
1.786	13.25	15.39
1.785	13.26	15.39
1.785	13.26	15.39
1.785	13.27	15.39
1.784	13.28	15.39
1.784	13.28	15.39
1.784	13.28	15.39
1.784	13.28	15.39
1.783	13.28	15.39
1.783	13.28	15.39
1.783	13.28	15.39
1.783	13.28	15.39
1.783	13.28	15.39
1.782	13.30	15.39
1.782	13.30	15.39
1.781	13.30	15.39
1.779	13.32	15.39
1.778	13.32	15.39
1.777	13.33	15.39
1.776	13.34	15.39
1.776	13.34	15.39
1.776	13.35	15.39
1.775	13.35	15.39
1.775	13.35	15.39
1.775	13.36	15.39
1.775	13.36	15.39
1.775	13.37	15.39
1.775	13.37	15.39
1.775	13.37	15.39
1.774	13.37	15.39
1.774	13.37	15.39
1.773	13.39	15.39
1.773	13.38	15.39
1.772	13.39	15.39
1.772	13.39	15.39
1.771	13.40	15.39
1.771	13.40	15.39
1.770	13.41	15.39
1.770	13.40	15.39
1.770	13.40	15.39
1.770	13.41	15.39
1.770	13.41	15.39
1.770	13.41	15.39
1.770	13.41	15.39
1.770	13.41	15.39
1.770	13.41	15.39
1.769	13.41	15.39
1.769	13.42	15.39
1.769	13.42	15.39
1.769	13.42	15.39
1.769	13.42	15.39
1.769	13.42	15.39
1.769	13.42	15.39
1.769	13.42	15.39
1.768	13.42	15.39
1.768	13.42	15.39
1.767	13.43	15.39
1.767	13.43	15.39
1.766	13.44	15.39
1.766	13.44	15.39
1.766	13.44	15.39
1.765	13.44	15.39
1.765	13.44	15.39
1.765	13.44	15.39
1.765	13.44	15.39
1.764	13.45	15.39
1.764	13.45	15.39
1.763	13.45	15.39
1.763	13.45	15.39
1.762	13.45	15.39
1.762	13.45	15.39
1.762	13.45	15.39
1.761	13.46	15.39
1.761	13.46	15.39
1.761	13.46	15.39
1.761	13.45	15.39
1.761	13.45	15.39
1.760	13.45	15.39
1.760	13.46	15.39
1.760	13.45	15.39
1.760	13.46	15.39
1.760	13.46	15.39
1.760	13.46	15.39
1.760	13.46	15.39
1.760	13.46	15.39
1.760	13.46	15.39
1.760	13.46	15.39
1.760	13.46	15.39
1.760	13.46	15.39
1.760	13.46	15.39
1.760	13.46	15.39
1.760	13.46	15.39
1.760	13.46	15.39
1.760	13.46	15.39
1.760	13.46	15.39
1.760	13.46	15.39
1.760	13.46	15.39
1.760	13.46	15.39
1.759	13.46	15.39
1.759	13.46	15.39
1.759	13.46	15.39
1.759	13.47	15.39
1.759	13.46	15.39
1.758	13.46	15.39
1.758	13.47	15.39
1.758	13.47	15.39
1.758	13.48	15.39
1.758	13.47	15.39
1.757	13.48	15.39
1.757	13.48	15.39
1.757	13.48	15.39
1.757	13.48	15.39
1.757	13.48	15.39
1.757	13.48	15.39
1.757	13.48	15.39
1.757	13.48	15.39
1.757	13.48	15.39
1.757	13.49	15.39
1.757	13.48	15.39
1.756	13.49	15.39
1.756	13.49	15.39
1.756	13.49	15.39
1.756	13.49	15.39
1.756	13.49	15.39
1.756	13.49	15.39
1.755	13.50	15.39
1.755	13.49	15.39
1.755	13.50	15.39
1.755	13.50	15.39
1.754	13.49	15.39
1.754	13.50	15.39
1.754	13.51	15.39
1.754	13.50	15.39
1.754	13.50	15.39
1.754	13.50	15.39
1.754	13.50	15.39
1.754	13.50	15.39
1.754	13.50	15.39
1.754	13.50	15.39
1.754	13.50	15.39
1.754	13.50	15.39
1.754	13.50	15.39
1.754	13.50	15.39
1.754	13.50	15.39
1.754	13.50	15.39
1.754	13.50	15.39
1.754	13.50	15.39
1.754	13.51	15.39
1.753	13.51	15.39
1.753	13.51	15.39
1.753	13.51	15.39
1.753	13.52	15.39
1.752	13.51	15.39
1.752	13.52	15.39
1.752	13.52	15.39
1.751	13.52	15.39
1.751	13.52	15.39
1.751	13.52	15.39
1.751	13.52	15.39
1.751	13.53	15.39
1.751	13.53	15.39
1.750	13.53	15.39
1.750	13.53	15.39
1.750	13.53	15.39
1.750	13.53	15.39
1.750	13.53	15.39
1.749	13.54	15.39
1.749	13.54	15.39
1.749	13.54	15.39
1.749	13.55	15.39
1.748	13.55	15.39
1.748	13.54	15.39
1.748	13.55	15.39
1.748	13.55	15.39
1.748	13.56	15.39
1.747	13.56	15.39
1.747	13.56	15.39
1.747	13.56	15.39
1.746	13.56	15.39
1.746	13.56	15.39
1.746	13.56	15.39
1.745	13.57	15.39
1.745	13.58	15.39
1.744	13.58	15.39
1.744	13.59	15.39
1.743	13.59	15.39
1.743	13.59	15.39
1.743	13.60	15.39
1.742	13.59	15.39
1.742	13.60	15.39
1.742	13.60	15.39
1.742	13.60	15.39
1.741	13.61	15.39
1.741	13.61	15.39
1.741	13.62	15.39
1.740	13.62	15.39
1.740	13.62	15.39
1.739	13.62	15.39
1.739	13.62	15.39
1.738	13.63	15.39
1.738	13.63	15.39
1.738	13.63	15.39
1.737	13.63	15.39
1.737	13.63	15.39
1.737	13.63	15.39
1.737	13.62	15.39
1.737	13.63	15.39
1.737	13.64	15.39
1.736	13.64	15.39
1.736	13.65	15.39
1.735	13.66	15.39
1.735	13.66	15.39
1.735	13.66	15.39
1.734	13.66	15.39
1.734	13.66	15.39
1.734	13.66	15.39
1.734	13.66	15.39
1.734	13.67	15.39
1.733	13.67	15.39
1.733	13.67	15.39
1.733	13.68	15.40
1.733	13.69	15.39
1.732	13.68	15.40
1.732	13.69	15.39
1.732	13.69	15.39
1.732	13.69	15.40
1.732	13.70	15.39
1.732	13.69	15.40
1.731	13.70	15.40
1.731	13.70	15.40
1.731	13.71	15.40
1.731	13.70	15.40
1.731	13.70	15.40
1.731	13.70	15.40
1.731	13.70	15.40
1.731	13.70	15.40
1.731	13.70	15.40
1.731	13.71	15.40
1.730	13.71	15.40
1.730	13.71	15.40
1.730	13.71	15.40
1.730	13.72	15.40
1.729	13.72	15.40
1.729	13.72	15.40
1.729	13.72	15.40
1.729	13.72	15.40
1.729	13.73	15.40
1.728	13.74	15.40
1.728	13.74	15.40
1.727	13.75	15.40
1.726	13.76	15.40
1.726	13.76	15.40
1.726	13.76	15.40
1.725	13.77	15.40
1.725	13.77	15.40
1.725	13.78	15.40
1.724	13.78	15.40
1.724	13.78	15.40
1.723	13.79	15.40
1.723	13.78	15.40
1.723	13.80	15.40
1.722	13.86	15.40
1.721	13.83	15.40
1.721	13.81	15.40
1.720	13.81	15.40
1.720	13.81	15.40
1.719	13.82	15.40
1.719	13.82	15.40
1.719	13.83	15.40
1.718	13.83	15.40
1.718	13.83	15.40
1.718	13.84	15.40
1.718	13.84	15.40
1.717	14.00	15.40
1.717	14.51	15.40
1.716	14.49	15.40
1.716	14.49	15.40
1.716	14.45	15.40
1.716	13.89	15.40
1.715	13.89	15.40
1.715	13.87	15.40
1.715	13.88	15.40
1.714	13.88	15.40
1.714	13.88	15.40
1.714	13.89	15.40
1.714	13.89	15.40
1.714	13.89	15.40
1.713	13.89	15.40
1.713	13.89	15.40
1.713	13.89	15.40
1.713	13.89	15.40
1.713	13.89	15.40
1.713	13.90	15.40
1.712	13.89	15.40
1.712	13.89	15.40
1.712	13.90	15.40
1.712	13.89	15.40
1.712	13.89	15.40
1.711	13.90	15.40
1.711	13.90	15.40
1.711	13.90	15.40
1.711	13.90	15.40
1.711	13.89	15.40
1.711	13.90	15.40
1.710	13.90	15.40
1.710	13.90	15.40
1.710	13.90	15.40
1.710	13.91	15.40
1.710	13.90	15.40
1.710	13.90	15.40
1.710	13.91	15.40
1.710	13.91	15.40
1.710	13.91	15.40
1.710	13.90	15.40
1.709	13.91	15.40
1.709	13.90	15.40
1.709	13.91	15.40
1.709	13.91	15.40
1.709	13.92	15.40
1.708	13.91	15.40
1.708	13.92	15.40
1.708	13.92	15.40
1.707	13.92	15.40
1.707	13.92	15.40
1.707	13.93	15.40
1.707	13.92	15.40
1.707	13.93	15.40
1.707	13.93	15.40
1.706	13.93	15.40
1.706	13.93	15.40
1.706	13.93	15.40
1.706	13.93	15.40
1.706	13.93	15.40
1.706	13.93	15.40
1.706	13.93	15.40
1.706	13.93	15.40
1.706	13.93	15.40
1.706	13.93	15.40
1.706	13.93	15.40
1.706	13.94	15.40
1.706	13.93	15.40
1.706	13.93	15.40
1.706	13.93	15.40
1.706	13.93	15.40
1.705	13.93	15.40
1.705	13.93	15.40
1.705	13.94	15.40
1.705	13.93	15.40
1.705	13.94	15.40
1.705	13.93	15.40
1.705	13.94	15.40
1.705	13.94	15.40
1.705	13.93	15.40
1.705	13.93	15.40
1.706	13.93	15.40
1.705	13.93	15.40
1.705	13.94	15.40
1.705	13.93	15.40
1.705	13.94	15.40
1.704	13.94	15.40
1.704	13.94	15.40
1.703	13.95	15.40
1.703	13.94	15.40
1.702	13.95	15.40
1.702	13.95	15.40
1.701	13.95	15.40
1.701	13.95	15.40
1.701	13.96	15.40
1.701	13.96	15.40
1.700	13.96	15.40
1.700	13.96	15.40
1.700	13.97	15.40
1.700	13.97	15.40
1.700	13.97	15.40
1.699	13.97	15.40
1.699	13.97	15.40
1.698	13.98	15.40
1.698	13.98	15.40
1.698	13.98	15.40
1.698	13.98	15.40
1.698	13.98	15.40
1.698	13.97	15.40
1.698	13.97	15.40
1.698	13.98	15.40
1.698	13.97	15.40
1.698	13.98	15.40
1.698	13.98	15.40
1.698	13.98	15.40
1.698	13.97	15.40
1.698	13.97	15.40
1.698	13.98	15.40
1.698	13.98	15.40
1.698	13.98	15.40
1.698	13.98	15.40
1.698	13.98	15.40
1.698	13.98	15.40
1.698	13.98	15.40
1.698	13.98	15.40
1.698	13.98	15.40
1.698	13.98	15.40
1.697	13.99	15.40
1.697	13.99	15.40
1.697	13.99	15.40
1.696	13.99	15.40
1.696	13.99	15.40
1.696	13.99	15.40
1.695	13.99	15.40
1.695	13.99	15.40
1.695	13.99	15.40
1.695	13.99	15.40
1.694	14.00	15.40
1.694	14.00	15.40
1.694	14.01	15.40
1.694	14.00	15.40
1.694	14.00	15.40
1.694	14.01	15.40
1.694	14.00	15.40
1.694	14.00	15.40
1.694	14.00	15.40
1.694	14.00	15.40
1.694	14.01	15.40
1.694	14.00	15.40
1.694	14.00	15.40
1.694	14.01	15.40
1.694	14.02	15.40
1.693	14.04	15.40
1.692	14.05	15.40
1.690	14.06	15.40
1.689	14.06	15.40
1.689	14.07	15.40
1.688	14.08	15.40
1.687	14.08	15.40
1.686	14.09	15.40
1.685	14.10	15.40
1.684	14.11	15.40
1.682	14.12	15.40
1.682	14.12	15.40
1.681	14.12	15.40
1.680	14.13	15.40
1.679	14.14	15.40
1.679	14.15	15.40
1.678	14.15	15.40
1.677	14.15	15.40
1.677	14.16	15.40
1.676	14.17	15.40
1.676	14.16	15.40
1.675	14.18	15.40
1.675	14.17	15.40
1.675	14.18	15.40
1.675	14.19	15.40
1.675	14.18	15.40
1.674	14.20	15.40
1.674	14.20	15.40
1.674	14.20	15.40
1.673	14.20	15.40
1.673	14.22	15.40
1.673	14.18	15.40
1.672	14.23	15.40
1.671	14.24	15.40
1.670	14.24	15.40
1.670	14.25	15.40
1.669	14.29	15.40
1.668	14.27	15.40
1.667	14.28	15.40
1.666	14.29	15.40
1.666	14.29	15.40
1.665	14.29	15.40
1.665	14.30	15.40
1.665	14.30	15.40
1.664	14.31	15.40
1.664	14.32	15.40
1.663	14.32	15.40
1.662	14.33	15.40
1.662	14.33	15.40
1.661	14.33	15.40
1.661	14.34	15.41
1.660	14.34	15.40
1.660	14.35	15.41
1.660	14.35	15.41
1.659	14.35	15.41
1.659	14.35	15.40
1.659	14.35	15.41
1.658	14.36	15.41
1.658	14.35	15.41
1.658	14.36	15.41
1.658	14.36	15.41
1.658	14.36	15.41
1.657	14.36	15.41
1.657	14.36	15.41
1.657	14.37	15.41
1.657	14.37	15.41
1.657	14.37	15.41
1.657	14.38	15.41
1.656	14.38	15.41
1.656	14.38	15.41
1.656	14.39	15.41
1.655	14.38	15.41
1.655	14.39	15.41
1.654	14.39	15.41
1.654	14.39	15.41
1.654	14.40	15.41
1.654	14.39	15.41
1.654	14.39	15.41
1.654	14.40	15.41
1.654	14.40	15.41
1.654	14.39	15.41
1.654	14.38	15.41
1.654	14.40	15.41
1.653	14.40	15.41
1.653	14.40	15.41
1.653	14.40	15.41
1.653	14.40	15.41
1.653	14.40	15.41
1.653	14.40	15.41
1.652	14.40	15.41
1.652	14.40	15.41
1.652	14.40	15.41
1.652	14.41	15.41
1.651	14.40	15.41
1.651	14.41	15.41
1.651	14.41	15.41
1.651	14.41	15.41
1.651	14.41	15.41
1.650	14.41	15.41
1.650	14.40	15.41
1.650	14.42	15.41
1.650	14.41	15.41
1.650	14.42	15.41
1.650	14.41	15.41
1.650	14.42	15.41
1.650	14.41	15.41
1.650	14.41	15.41
1.650	14.41	15.41
1.650	14.41	15.41
1.650	14.42	15.41
1.651	14.41	15.41
1.651	14.41	15.41
1.651	14.41	15.41
1.651	14.40	15.41
1.651	14.41	15.41
1.650	14.41	15.41
1.650	14.42	15.41
1.650	14.41	15.41
1.649	14.43	15.41
1.649	14.43	15.41
1.648	14.43	15.41
1.647	14.44	15.41
1.647	14.43	15.41
1.647	14.43	15.41
1.646	14.43	15.41
1.646	14.44	15.41
1.646	14.44	15.41
1.646	14.45	15.41
1.646	14.44	15.41
1.645	14.45	15.41
1.645	14.46	15.41
1.644	14.47	15.41
1.643	14.48	15.41
1.642	14.50	15.41
1.640	14.51	15.41
1.640	14.51	15.41
1.639	14.51	15.41
1.638	14.51	15.41
1.637	14.54	15.41
1.636	14.53	15.41
1.635	14.54	15.41
1.634	14.55	15.41
1.634	14.55	15.41
1.632	14.57	15.41
1.632	14.57	15.41
1.631	14.58	15.41
1.631	14.60	15.41
1.630	14.59	15.41
1.630	14.60	15.41
1.630	14.59	15.41
1.629	14.60	15.41
1.629	14.60	15.41
1.629	14.59	15.41
1.628	14.60	15.41
1.628	14.60	15.41
1.628	14.61	15.41
1.627	14.61	15.41
1.627	14.61	15.41
1.627	14.62	15.41
1.627	14.62	15.41
1.627	14.61	15.41
1.627	14.62	15.41
1.626	14.63	15.41
1.626	14.62	15.41
1.626	14.63	15.41
1.626	14.61	15.41
1.625	14.64	15.41
1.625	14.65	15.41
1.625	14.65	15.41
1.624	14.66	15.41
1.624	14.67	15.41
1.624	14.66	15.41
1.623	14.67	15.41
1.623	14.68	15.41
1.622	14.70	15.41
1.621	14.69	15.41
1.620	14.72	15.41
1.618	14.74	15.41
1.617	14.74	15.41
1.617	14.74	15.41
1.616	14.75	15.41
1.616	14.75	15.41
1.616	14.75	15.41
1.615	14.75	15.41
1.615	14.76	15.41
1.615	14.76	15.41
1.615	14.77	15.41
1.614	14.78	15.41
1.614	14.79	15.41
1.613	14.79	15.41
1.613	14.80	15.41
1.612	14.80	15.41
1.612	14.81	15.41
1.611	14.81	15.41
1.610	14.82	15.41
1.610	14.82	15.41
1.609	14.83	15.41
1.608	14.84	15.41
1.608	14.83	15.41
1.608	14.84	15.41
1.607	14.84	15.41
1.607	14.85	15.41
1.606	14.85	15.41
1.606	14.85	15.41
1.605	14.86	15.41
1.605	14.86	15.41
1.604	14.85	15.41
1.604	14.86	15.41
1.603	14.86	15.41
1.603	14.86	15.41
1.603	14.86	15.41
1.603	14.86	15.41
1.603	14.86	15.41
1.602	14.86	15.41
1.602	14.86	15.41
1.602	14.87	15.41
1.602	14.90	15.41
1.601	14.88	15.41
1.601	14.88	15.41
1.601	14.89	15.41
1.601	14.89	15.41
1.600	14.88	15.41
1.600	14.88	15.41
1.600	14.88	15.41
1.600	14.89	15.41
1.600	14.88	15.41
1.600	14.88	15.41
1.600	14.88	15.41
1.600	14.89	15.41
1.600	14.89	15.41
1.600	14.89	15.41
1.599	14.89	15.41
1.599	14.90	15.41
1.599	14.89	15.41
1.598	14.89	15.41
1.598	14.90	15.41
1.598	14.91	15.41
1.597	14.91	15.41
1.597	14.91	15.41
1.597	14.92	15.41
1.596	14.92	15.41
1.596	14.93	15.41
1.595	14.93	15.41
1.595	14.93	15.41
1.594	14.94	15.41
1.593	14.94	15.41
1.593	14.95	15.41
1.593	14.95	15.41
1.593	14.95	15.41
1.592	14.96	15.41
1.592	14.97	15.41
1.591	14.96	15.41
1.591	14.96	15.41
1.591	14.96	15.41
1.591	14.97	15.41
1.591	14.96	15.41
1.591	14.96	15.41
1.591	14.97	15.41
1.591	14.96	15.41
1.590	14.97	15.41
1.590	14.97	15.41
1.590	14.97	15.41
1.590	14.97	15.41
1.590	14.98	15.41
1.589	15.00	15.41
1.589	14.99	15.41
1.589	14.99	15.41
1.588	14.99	15.41
1.588	15.01	15.41
1.588	15.00	15.41
1.588	15.00	15.41
1.587	15.00	15.41
1.587	15.00	15.41
1.586	15.03	15.41
1.586	15.02	15.41
1.585	15.02	15.41
1.585	15.02	15.41
1.585	15.03	15.41
1.585	15.04	15.41
1.584	15.05	15.41
1.583	15.06	15.41
1.582	15.06	15.41
1.581	15.07	15.41
1.581	15.07	15.41
1.581	15.07	15.41
1.580	15.08	15.41
1.580	15.08	15.41
1.580	15.07	15.41
1.580	15.08	15.41
1.579	15.09	15.41
1.579	15.09	15.41
1.579	15.09	15.41
1.579	15.09	15.41
1.579	15.09	15.41
1.579	15.09	15.41
1.578	15.10	15.41
1.578	15.11	15.41
1.578	15.12	15.41
1.577	15.14	15.41
1.577	15.13	15.41
1.576	15.13	15.41
1.576	15.13	15.41
1.576	15.13	15.41
1.575	15.14	15.41
1.575	15.14	15.41
1.575	15.14	15.41
1.575	15.15	15.41
1.575	15.14	15.41
1.574	15.15	15.41
1.574	15.18	15.41
1.573	15.18	15.41
1.572	15.20	15.41
1.571	15.22	15.41
1.569	15.22	15.41
1.569	15.22	15.41
1.569	15.22	15.41
1.569	15.23	15.41
1.568	15.23	15.41
1.568	15.24	15.41
1.568	15.23	15.41
1.568	15.24	15.41
1.568	15.23	15.41
1.568	15.24	15.41
1.568	15.24	15.41
1.568	15.25	15.41
1.567	15.25	15.41
1.567	15.25	15.41
1.567	15.25	15.41
1.566	15.25	15.42
1.566	15.26	15.41
1.566	15.26	15.41
1.566	15.26	15.41
1.565	15.26	15.42
1.565	15.27	15.41
1.564	15.29	15.42
1.563	15.30	15.42
1.563	15.30	15.42
1.562	15.30	15.42
1.562	15.30	15.42
1.562	15.30	15.42
1.562	15.31	15.42
1.561	15.31	15.42
1.561	15.31	15.42
1.561	15.32	15.42
1.561	15.32	15.42
1.560	15.32	15.42
1.560	15.32	15.42
1.560	15.33	15.42
1.559	15.33	15.42
1.559	15.32	15.42
1.559	15.33	15.42
1.558	15.33	15.42
1.558	15.33	15.42
1.557	15.34	15.42
1.557	15.34	15.42
1.557	15.34	15.42
1.557	15.34	15.42
1.557	15.34	15.42
1.556	15.35	15.42
1.556	15.35	15.42
1.555	15.36	15.42
1.554	15.37	15.42
1.554	15.37	15.42
1.553	15.37	15.42
1.552	15.38	15.42
1.552	15.37	15.42
1.552	15.38	15.42
1.551	15.38	15.42
1.551	15.39	15.42
1.550	15.39	15.42
1.550	15.40	15.42
1.550	15.40	15.42
1.549	15.41	15.42
1.548	15.41	15.42
1.548	15.42	15.42
1.547	15.42	15.42
1.547	15.42	15.42
1.546	15.43	15.42
1.546	15.43	15.42
1.545	15.44	15.42
1.545	15.44	15.42
1.544	15.45	15.42
1.544	15.46	15.42
1.543	15.47	15.42
1.542	15.48	15.42
1.542	15.48	15.42
1.541	15.49	15.42
1.541	15.49	15.42
1.540	15.49	15.42
1.540	15.49	15.42
1.540	15.49	15.42
1.540	15.49	15.42
1.540	15.49	15.42
1.540	15.49	15.42
1.540	15.50	15.42
1.540	15.51	15.42
1.539	15.52	15.42
1.538	15.52	15.42
1.537	15.53	15.42
1.537	15.52	15.42
1.536	15.53	15.42
1.536	15.54	15.42
1.535	15.55	15.42
1.535	15.56	15.42
1.534	15.56	15.42
1.534	15.57	15.42
1.534	15.58	15.42
1.533	15.58	15.42
1.532	15.56	15.42
1.532	15.46	15.42
1.531	15.47	15.42
1.531	15.61	15.42
1.531	15.62	15.42
1.530	15.62	15.42
1.530	15.62	15.42
1.529	15.62	15.42
1.529	15.62	15.42
1.529	15.63	15.42
1.528	15.65	15.42
1.528	15.65	15.42
1.527	15.67	15.42
1.526	15.68	15.42
1.526	15.68	15.42
1.525	15.69	15.42
1.524	15.69	15.42
1.524	15.71	15.42
1.523	15.71	15.42
1.522	15.71	15.42
1.522	15.72	15.42
1.522	15.74	15.42
1.521	15.75	15.42
1.520	15.75	15.42
1.519	15.75	15.42
1.519	15.77	15.42
1.518	15.77	15.42
1.518	15.77	15.42
1.518	15.77	15.42
1.518	15.77	15.42
1.518	15.77	15.42
1.518	15.77	15.42
1.518	15.77	15.42
1.518	15.78	15.42
1.517	15.78	15.42
1.517	15.78	15.42
1.517	15.79	15.42
1.517	15.79	15.42
1.516	15.79	15.42
1.516	15.79	15.42
1.515	15.80	15.42
1.515	15.80	15.42
1.515	15.80	15.42
1.514	15.80	15.42
1.514	15.80	15.42
1.514	15.80	15.42
1.514	15.80	15.42
1.514	15.81	15.42
1.513	15.81	15.42
1.513	15.81	15.42
1.513	15.81	15.42
1.513	15.81	15.42
1.513	15.81	15.42
1.512	15.81	15.42
1.512	15.81	15.42
1.512	15.82	15.42
1.512	15.82	15.42
1.512	15.82	15.42
1.512	15.83	15.42
1.512	15.83	15.42
1.512	15.82	15.42
1.511	15.83	15.42
1.511	15.83	15.42
1.511	15.83	15.42
1.511	15.84	15.42
1.511	15.83	15.42
1.511	15.83	15.42
1.511	15.83	15.42
1.511	15.83	15.42
1.511	15.84	15.42
1.510	15.84	15.42
1.510	15.84	15.42
1.510	15.84	15.42
1.509	15.84	15.42
1.509	15.85	15.42
1.508	15.86	15.42
1.508	15.86	15.42
1.507	15.86	15.42
1.507	15.87	15.42
1.506	15.87	15.42
1.506	15.88	15.42
1.506	15.88	15.42
1.506	15.87	15.42
1.505	15.79	15.42
1.505	15.87	15.42
1.505	15.88	15.42
1.505	15.89	15.42
1.505	15.88	15.42
1.504	15.89	15.42
1.504	15.89	15.42
1.504	15.89	15.42
1.504	15.89	15.42
1.504	15.91	15.43
1.503	15.90	15.43
1.503	15.91	15.43
1.503	15.92	15.43
1.502	15.92	15.43
1.502	15.93	15.43
1.501	15.93	15.43
1.501	15.94	15.43
1.500	15.95	15.43
1.499	15.96	15.43
1.499	15.96	15.43
1.498	15.97	15.43
1.497	15.98	15.43
1.497	15.98	15.43
1.496	15.99	15.43
1.495	15.99	15.43
1.495	16.00	15.43
1.495	16.00	15.43
1.494	16.02	15.43
1.494	16.02	15.43
1.493	16.02	15.43
1.493	16.02	15.43
1.493	16.02	15.43
1.492	16.02	15.43
1.492	16.04	15.43
1.491	16.05	15.43
1.491	16.05	15.43
1.491	16.05	15.43
1.491	16.05	15.43
1.490	16.05	15.43
1.490	16.06	15.43
1.490	16.07	15.43
1.489	16.07	15.43
1.488	16.03	15.43
1.488	16.09	15.43
1.488	16.11	15.43
1.487	16.11	15.43
1.487	16.12	15.43
1.486	16.13	15.43
1.485	16.14	15.43
1.485	16.15	15.43
1.484	16.15	15.43
1.484	16.16	15.43
1.483	16.17	15.43
1.482	16.18	15.43
1.482	16.18	15.43
1.481	16.19	15.43
1.481	16.19	15.43
1.481	16.19	15.43
1.481	16.19	15.43
1.481	16.19	15.43
1.481	16.19	15.43
1.481	16.19	15.43
1.481	16.19	15.43
1.481	16.19	15.43
1.481	16.20	15.43
1.481	16.19	15.43
1.481	16.20	15.43
1.481	16.20	15.43
1.480	16.20	15.43
1.480	16.22	15.43
1.479	16.21	15.43
1.479	16.22	15.43
1.478	16.23	15.43
1.478	16.24	15.43
1.478	16.24	15.43
1.477	16.24	15.43
1.477	16.24	15.43
1.477	16.25	15.43
1.477	16.25	15.43
1.477	16.25	15.43
1.477	16.25	15.43
1.477	16.24	15.43
1.477	16.25	15.43
1.477	16.24	15.43
1.477	16.24	15.43
1.477	16.24	15.43
1.477	16.25	15.43
1.477	16.25	15.43
1.477	16.25	15.43
1.477	16.26	15.43
1.476	16.26	15.43
1.476	16.26	15.43
1.476	16.26	15.43
1.476	16.26	15.43
1.476	16.26	15.43
1.475	16.27	15.43
1.475	16.27	15.43
1.475	16.28	15.43
1.474	16.28	15.43
1.473	16.28	15.43
1.473	16.29	15.43
1.473	16.29	15.43
1.473	16.29	15.43
1.472	16.29	15.43
1.472	16.30	15.43
1.472	16.30	15.43
1.471	16.30	15.43
1.471	16.30	15.43
1.471	16.30	15.43
1.471	16.31	15.43
1.470	16.31	15.43
1.470	16.31	15.43
1.470	16.32	15.43
1.470	16.32	15.43
1.470	16.32	15.43
1.470	16.32	15.43
1.470	16.32	15.43
1.470	16.32	15.43
1.470	16.32	15.43
1.469	16.32	15.43
1.470	16.32	15.43
1.469	16.32	15.43
1.469	16.32	15.43
1.469	16.32	15.43
1.469	16.32	15.43
1.468	16.33	15.43
1.468	16.33	15.43
1.467	16.34	15.43
1.467	16.34	15.43
1.467	16.34	15.43
1.467	16.34	15.43
1.466	16.34	15.43
1.466	16.34	15.43
1.466	16.34	15.43
1.466	16.34	15.43
1.466	16.35	15.43
1.465	16.36	15.43
1.465	16.36	15.43
1.465	16.37	15.43
1.464	16.37	15.43
1.464	16.38	15.43
1.464	16.38	15.43
1.463	16.38	15.43
1.463	16.38	15.43
1.463	16.37	15.43
1.463	16.38	15.43
1.463	16.38	15.43
1.463	16.38	15.43
1.463	16.38	15.43
1.463	16.38	15.43
1.463	16.38	15.43
1.463	16.38	15.43
1.463	16.38	15.43
1.463	16.38	15.43
1.463	16.38	15.43
1.463	16.38	15.43
1.463	16.38	15.43
1.463	16.38	15.43
1.462	16.38	15.43
1.462	16.39	15.43
1.462	16.39	15.43
1.462	16.39	15.43
1.462	16.38	15.43
1.462	16.39	15.43
1.462	16.39	15.43
1.462	16.39	15.43
1.462	16.39	15.43
1.462	16.39	15.43
1.462	16.39	15.43
1.462	16.39	15.43
1.463	16.39	15.43
1.463	16.39	15.43
1.463	16.39	15.43
1.463	16.39	15.43
1.463	16.39	15.43
1.463	16.39	15.43
1.463	16.39	15.43
1.463	16.39	15.43
1.463	16.39	15.43
1.463	16.39	15.43
1.463	16.39	15.43
1.463	16.39	15.43
1.463	16.39	15.43
1.463	16.39	15.43
1.463	16.39	15.43
1.463	16.39	15.43
1.463	16.39	15.43
1.463	16.39	15.43
1.463	16.39	15.43
1.463	16.39	15.43
1.463	16.39	15.43
1.463	16.39	15.43
1.463	16.39	15.43
1.463	16.39	15.43
1.463	16.39	15.43
1.463	16.39	15.43
1.463	16.39	15.43
1.463	16.39	15.43
1.463	16.39	15.43
1.463	16.39	15.43
1.463	16.39	15.43
1.463	16.39	15.43
1.463	16.39	15.43
1.463	16.40	15.43
1.463	16.40	15.43
1.462	16.40	15.43
1.462	16.40	15.43
1.462	16.41	15.43
1.461	16.42	15.43
1.460	16.43	15.43
1.460	16.44	15.43
1.459	16.44	15.43
1.458	16.45	15.43
1.458	16.45	15.43
1.457	16.46	15.43
1.457	16.46	15.43
1.456	16.46	15.43
1.456	16.47	15.43
1.456	16.46	15.43
1.456	16.46	15.43
1.456	16.46	15.43
1.456	16.47	15.43
1.456	16.48	15.43
1.456	16.48	15.43
1.455	16.48	15.43
1.455	16.48	15.43
1.454	16.49	15.43
1.454	16.49	15.43
1.454	16.49	15.43
1.454	16.50	15.43
1.454	16.49	15.43
1.454	16.50	15.43
1.453	16.50	15.43
1.453	16.50	15.43
1.453	16.50	15.43
1.453	16.50	15.43
1.453	16.52	15.43
1.452	16.54	15.43
1.452	16.53	15.43
1.451	16.54	15.43
1.451	16.54	15.43
1.451	16.54	15.43
1.451	16.54	15.43
1.451	16.55	15.43
1.451	16.55	15.43
1.451	16.54	15.43
1.451	16.55	15.43
1.451	16.55	15.43
1.451	16.55	15.43
1.450	16.56	15.43
1.450	16.56	15.43
1.449	16.57	15.43
1.449	16.57	15.43
1.448	16.56	15.43
1.448	16.59	15.43
1.447	16.60	15.43
1.446	16.62	15.43
1.446	16.63	15.43
1.445	16.63	15.43
1.444	16.64	15.43
1.443	16.64	15.43
1.443	16.65	15.43
1.442	16.66	15.43
1.442	16.66	15.43
1.442	16.67	15.43
1.441	16.67	15.43
1.441	16.68	15.43
1.441	16.68	15.43
1.441	16.69	15.43
1.441	16.69	15.43
1.440	16.69	15.43
1.440	16.69	15.43
1.440	16.69	15.43
1.440	16.70	15.43
1.439	16.70	15.43
1.439	16.70	15.43
1.439	16.70	15.43
1.438	16.70	15.43
1.438	16.71	15.43
1.438	16.71	15.43
1.438	16.71	15.43
1.438	16.71	15.43
1.438	16.71	15.43
1.438	16.71	15.43
1.438	16.71	15.43
1.438	16.71	15.43
1.438	16.71	15.43
1.438	16.72	15.43
1.438	16.72	15.43
1.438	16.72	15.43
1.437	16.73	15.43
1.437	16.73	15.43
1.437	16.73	15.43
1.436	16.73	15.43
1.436	16.73	15.43
1.436	16.74	15.43
1.435	16.74	15.43
1.435	16.74	15.43
1.435	16.74	15.43
1.435	16.74	15.43
1.435	16.75	15.43
1.434	16.74	15.43
1.434	16.74	15.43
1.434	16.74	15.43
1.434	16.75	15.43
1.433	16.75	15.43
1.433	16.75	15.43
1.433	16.76	15.43
1.433	16.77	15.43
1.432	16.77	15.43
1.432	16.77	15.43
1.432	16.77	15.43
1.432	16.77	15.43
1.431	16.77	15.43
1.431	16.77	15.43
1.431	16.77	15.43
1.431	16.78	15.43
1.431	16.78	15.43
1.431	16.78	15.43
1.431	16.78	15.43
1.431	16.78	15.43
1.431	16.78	15.43
1.431	16.78	15.43
1.431	16.78	15.43
1.431	16.78	15.43
1.431	16.78	15.43
1.431	16.78	15.43
1.430	16.78	15.43
1.430	16.78	15.43
1.430	16.78	15.43
1.430	16.78	15.43
1.430	16.78	15.43
1.430	16.78	15.43
1.430	16.78	15.43
1.430	16.78	15.43
1.430	16.78	15.43
1.430	16.78	15.43
1.430	16.78	15.43
1.431	16.78	15.43
1.431	16.78	15.43
1.430	16.78	15.43
1.430	16.79	15.43
1.430	16.80	15.43
1.429	16.81	15.43
1.428	16.82	15.43
1.428	16.83	15.43
1.427	16.83	15.43
1.427	16.84	15.43
1.427	16.84	15.43
1.426	16.84	15.43
1.426	16.84	15.43
1.426	16.84	15.43
1.425	16.85	15.43
1.425	16.86	15.43
1.425	16.86	15.43
1.424	16.87	15.43
1.424	16.87	15.43
1.424	16.87	15.43
1.423	16.88	15.43
1.423	16.88	15.43
1.423	16.88	15.43
1.422	16.89	15.43
1.422	16.90	15.43
1.421	16.90	15.43
1.421	16.91	15.43
1.421	16.91	15.43
1.420	16.92	15.43
1.420	16.93	15.43
1.419	16.94	15.43
1.418	16.95	15.43
1.417	16.97	15.43
1.416	16.97	15.43
1.416	16.97	15.43
1.415	16.98	15.43
1.415	16.98	15.43
1.415	16.97	15.44
1.415	16.98	15.43
1.415	16.98	15.43
1.414	16.98	15.44
1.414	16.99	15.44
1.413	17.00	15.43
1.413	17.01	15.44
1.412	17.03	15.44
1.412	17.03	15.44
1.412	17.04	15.44
1.411	17.05	15.44
1.410	17.05	15.44
1.410	17.05	15.44
1.410	17.05	15.44
1.410	17.06	15.44
1.410	17.06	15.44
1.410	17.06	15.44
1.410	17.06	15.44
1.410	17.06	15.44
1.410	17.06	15.44
1.410	17.06	15.44
1.410	17.06	15.44
1.410	17.06	15.44
1.410	17.06	15.44
1.410	17.06	15.44
1.410	17.05	15.44
1.410	17.05	15.44
1.410	17.06	15.44
1.409	17.08	15.44
1.408	17.10	15.44
1.408	17.10	15.44
1.407	17.11	15.44
1.407	17.11	15.44
1.406	17.12	15.44
1.406	17.12	15.44
1.406	17.12	15.44
1.405	17.12	15.44
1.405	17.13	15.44
1.405	17.13	15.44
1.405	17.12	15.44
1.405	17.12	15.44
1.405	17.12	15.44
1.405	17.13	15.44
1.405	17.13	15.44
1.405	17.13	15.44
1.406	17.12	15.44
1.406	17.13	15.44
1.406	17.13	15.44
1.405	17.14	15.44
1.405	17.15	15.44
1.404	17.16	15.44
1.403	17.16	15.44
1.403	17.17	15.44
1.403	17.17	15.44
1.402	17.18	15.44
1.402	17.19	15.44
1.402	17.19	15.44
1.401	17.19	15.44
1.401	17.19	15.44
1.401	17.19	15.44
1.401	17.18	15.44
1.400	17.19	15.44
1.400	17.19	15.44
1.400	17.20	15.44
1.400	17.21	15.44
1.400	17.21	15.44
1.399	17.21	15.44
1.399	17.22	15.44
1.399	17.22	15.44
1.398	17.22	15.44
1.398	17.22	15.44
1.398	17.22	15.44
1.397	17.23	15.44
1.397	17.23	15.44
1.397	17.23	15.44
1.397	17.23	15.44
1.397	17.23	15.44
1.397	17.24	15.44
1.396	17.24	15.44
1.396	17.24	15.44
1.396	17.24	15.44
1.396	17.25	15.44
1.395	17.25	15.44
1.395	17.25	15.44
1.395	17.25	15.44
1.395	17.25	15.44
1.394	17.25	15.44
1.394	17.26	15.44
1.394	17.26	15.44
1.394	17.26	15.44
1.394	17.26	15.44
1.394	17.26	15.44
1.394	17.26	15.44
1.394	17.26	15.44
1.394	17.26	15.44
1.394	17.26	15.44
1.394	17.26	15.44
1.394	17.27	15.44
1.394	17.26	15.44
1.394	17.26	15.44
1.394	17.26	15.44
1.394	17.26	15.44
1.394	17.26	15.44
1.394	17.26	15.44
1.394	17.26	15.44
1.394	17.26	15.44
1.394	17.27	15.44
1.394	17.27	15.44
1.394	17.26	15.44
1.394	17.26	15.44
1.394	17.26	15.44
1.394	17.27	15.44
1.394	17.27	15.44
1.393	17.27	15.44
1.393	17.22	15.44
1.393	17.28	15.44
1.392	17.29	15.44
1.391	17.29	15.44
1.391	17.30	15.44
1.390	17.31	15.44
1.389	17.32	15.44
1.388	17.33	15.44
1.388	17.34	15.44
1.387	17.35	15.44
1.387	17.36	15.44
1.386	17.36	15.44
1.385	17.37	15.44
1.385	17.38	15.44
1.385	17.38	15.44
1.384	17.39	15.44
1.384	17.40	15.44
1.383	17.41	15.44
1.382	17.42	15.44
1.382	17.42	15.44
1.381	17.43	15.44
1.381	17.44	15.44
1.380	17.44	15.44
1.379	17.45	15.44
1.379	17.46	15.44
1.379	17.46	15.44
1.378	17.46	15.44
1.378	17.47	15.44
1.378	17.48	15.44
1.377	17.49	15.44
1.377	17.49	15.44
1.376	17.50	15.44
1.376	17.50	15.44
1.376	17.50	15.44
1.376	17.51	15.44
1.376	17.51	15.44
1.376	17.51	15.44
1.376	17.52	15.44
1.376	17.51	15.44
1.376	17.50	15.44
1.376	17.53	15.44
1.375	17.50	15.44
1.375	17.52	15.44
1.374	17.55	15.44
1.374	17.56	15.44
1.373	17.56	15.44
1.373	17.57	15.44
1.372	17.58	15.44
1.372	17.58	15.44
1.372	17.59	15.44
1.371	17.60	15.44
1.371	17.60	15.44
1.370	17.61	15.44
1.369	17.62	15.44
1.369	17.62	15.44
1.368	17.62	15.44
1.368	17.63	15.44
1.368	17.64	15.44
1.368	17.64	15.44
1.368	17.64	15.44
1.368	17.64	15.44
1.368	17.64	15.44
1.368	17.64	15.44
1.367	17.64	15.44
1.367	17.64	15.44
1.367	17.65	15.44
1.367	17.65	15.44
1.366	17.66	15.44
1.366	17.66	15.44
1.366	17.66	15.44
1.365	17.68	15.44
1.364	17.68	15.44
1.364	17.68	15.44
1.364	17.69	15.44
1.364	17.69	15.44
1.364	17.69	15.44
1.363	17.69	15.44
1.363	17.69	15.44
1.363	17.69	15.44
1.363	17.69	15.44
1.363	17.69	15.44
1.363	17.69	15.44
1.363	17.69	15.44
1.363	17.69	15.44
1.363	17.69	15.44
1.364	17.69	15.44
1.364	17.69	15.44
1.364	17.69	15.44
1.364	17.69	15.44
1.364	17.69	15.44
1.364	17.69	15.44
1.364	17.69	15.44
1.363	17.69	15.44
1.363	17.69	15.44
1.363	17.69	15.44
1.363	17.69	15.44
1.363	17.69	15.45
1.363	17.70	15.44
1.363	17.70	15.44
1.362	17.70	15.45
1.362	17.70	15.45
1.362	17.71	15.44
1.362	17.71	15.45
1.362	17.71	15.45
1.362	17.71	15.45
1.362	17.71	15.45
1.362	17.71	15.45
1.361	17.71	15.45
1.361	17.71	15.45
1.361	17.71	15.45
1.361	17.71	15.45
1.361	17.71	15.45
1.361	17.71	15.45
1.361	17.71	15.45
1.361	17.71	15.45
1.361	17.71	15.45
1.361	17.71	15.45
1.361	17.71	15.45
1.361	17.71	15.45
1.361	17.71	15.45
1.361	17.71	15.45
1.361	17.71	15.45
1.361	17.71	15.45
1.361	17.71	15.45
1.361	17.72	15.45
1.361	17.72	15.45
1.361	17.72	15.45
1.361	17.72	15.45
1.361	17.72	15.45
1.360	17.72	15.45
1.360	17.72	15.45
1.360	17.72	15.45
1.360	17.72	15.45
1.360	17.72	15.45
1.360	17.72	15.45
1.360	17.72	15.45
1.361	17.72	15.45
1.361	17.72	15.45
1.360	17.72	15.45
1.361	17.72	15.45
1.361	17.72	15.45
1.360	17.73	15.45
1.360	17.73	15.45
1.359	17.74	15.45
1.359	17.72	15.45
1.359	17.73	15.45
1.358	17.73	15.45
1.358	17.73	15.45
1.357	17.74	15.45
1.357	17.75	15.45
1.357	17.76	15.45
1.357	17.76	15.45
1.356	17.75	15.45
1.356	17.78	15.45
1.356	17.79	15.45
1.356	17.79	15.45
1.355	17.79	15.45
1.355	17.79	15.45
1.354	17.80	15.45
1.354	17.81	15.45
1.353	17.82	15.45
1.352	17.83	15.45
1.352	17.83	15.45
1.351	17.84	15.45
1.351	17.84	15.45
1.350	17.85	15.45
1.350	17.85	15.45
1.349	17.90	15.45
1.348	17.93	15.45
1.348	17.96	15.45
1.347	17.98	15.45
1.347	17.99	15.45
1.346	17.99	15.45
1.345	17.99	15.45
1.345	17.99	15.45
1.345	17.99	15.45
1.344	17.99	15.45
1.343	17.99	15.45
1.343	17.99	15.45
1.342	17.99	15.45
1.341	17.99	15.45
1.341	17.99	15.45
1.341	18.00	15.45
1.341	17.99	15.45
1.341	18.00	15.45
1.341	18.00	15.45
1.340	17.99	15.45
1.340	17.98	15.45
1.340	17.99	15.45
1.339	18.00	15.45
1.339	18.00	15.45
1.338	18.01	15.45
1.338	18.02	15.45
1.337	18.04	15.45
1.337	18.07	15.45
1.336	18.07	15.45
1.336	18.09	15.45
1.335	18.12	15.45
1.335	18.14	15.45
1.334	18.15	15.45
1.334	18.15	15.45
1.334	18.16	15.45
1.334	18.16	15.45
1.333	18.18	15.45
1.333	18.21	15.45
1.333	18.20	15.45
1.332	18.17	15.45
1.332	18.00	15.45
1.332	18.07	15.45
1.331	18.07	15.45
1.331	18.13	15.45
1.330	18.17	15.45
1.330	18.18	15.45
1.329	18.19	15.45
1.329	18.19	15.45
1.329	18.21	15.45
1.329	18.22	15.45
1.328	18.22	15.45
1.328	18.22	15.45
1.328	18.22	15.45
1.328	18.22	15.45
1.328	18.22	15.45
1.328	18.23	15.45
1.327	18.23	15.45
1.327	18.24	15.45
1.327	18.24	15.45
1.327	18.25	15.45
1.327	18.25	15.45
1.327	18.25	15.45
1.327	18.26	15.45
1.326	18.26	15.45
1.326	18.26	15.45
1.326	18.26	15.45
1.326	18.27	15.45
1.326	18.27	15.45
1.326	18.25	15.45
1.326	18.24	15.45
1.326	18.24	15.45
1.325	18.25	15.45
1.325	18.27	15.45
1.325	18.28	15.45
1.325	18.29	15.45
1.325	18.29	15.45
1.324	18.28	15.45
1.324	18.29	15.45
1.324	18.30	15.45
1.324	18.28	15.45
1.324	18.23	15.45
1.324	18.26	15.45
1.323	18.28	15.45
1.323	18.29	15.45
1.323	18.30	15.45
1.323	18.30	15.45
1.323	18.30	15.45
1.323	18.29	15.45
1.323	18.30	15.45
1.323	18.29	15.45
1.323	18.29	15.45
1.323	18.28	15.45
1.323	18.29	15.45
1.322	18.30	15.45
1.322	18.32	15.45
1.322	18.32	15.45
1.322	18.32	15.45
1.322	18.32	15.45
1.322	18.33	15.45
1.322	18.32	15.45
1.322	18.32	15.45
1.322	18.33	15.45
1.322	18.33	15.45
1.322	18.33	15.45
1.322	18.33	15.45
1.322	18.33	15.45
1.322	18.33	15.45
1.322	18.33	15.45
1.322	18.33	15.45
1.322	18.33	15.45
1.322	18.33	15.45
1.322	18.33	15.45
1.322	18.33	15.45
1.322	18.33	15.45
1.322	18.32	15.45
1.322	18.31	15.45
1.322	18.31	15.45
1.322	18.30	15.45
1.321	18.30	15.45
1.320	18.33	15.45
1.319	18.34	15.46
1.319	18.35	15.45
1.319	18.36	15.45
1.318	18.36	15.45
1.318	18.36	15.45
1.318	18.37	15.46
1.317	18.38	15.45
1.317	18.37	15.45
1.317	18.38	15.46
1.316	18.38	15.46
1.316	18.39	15.46
1.315	18.41	15.45
1.314	18.41	15.45
1.314	18.41	15.46
1.314	18.41	15.46
1.313	18.41	15.46
1.313	18.42	15.46
1.313	18.44	15.46
1.312	18.44	15.46
1.311	18.44	15.46
1.311	18.44	15.46
1.310	18.44	15.46
1.310	18.44	15.46
1.310	18.44	15.46
1.309	18.44	15.46
1.309	18.40	15.46
1.308	18.20	15.46
1.307	18.29	15.46
1.307	18.35	15.46
1.306	18.43	15.46
1.306	18.44	15.46
1.306	18.46	15.46
1.305	18.46	15.46
1.305	18.48	15.46
1.305	18.49	15.46
1.305	18.49	15.46
1.304	18.50	15.46
1.304	18.49	15.46
1.304	18.48	15.46
1.304	18.50	15.46
1.304	18.51	15.46
1.303	18.52	15.46
1.303	18.53	15.46
1.302	18.53	15.46
1.302	18.54	15.46
1.301	18.54	15.46
1.301	18.57	15.46
1.300	18.53	15.46
1.300	18.49	15.46
1.299	18.50	15.46
1.299	18.52	15.46
1.298	18.56	15.46
1.298	18.57	15.46
1.298	18.58	15.46
1.297	18.58	15.46
1.297	18.61	15.46
1.297	18.61	15.46
1.297	18.60	15.46
1.296	18.59	15.46
1.296	18.59	15.46
1.296	18.59	15.46
1.296	18.57	15.46
1.295	18.58	15.46
1.295	18.61	15.46
1.295	18.62	15.46
1.295	18.60	15.46
1.294	18.52	15.46
1.294	18.45	15.46
1.293	18.60	15.46
1.293	18.63	15.46
1.293	18.64	15.46
1.292	18.64	15.46
1.292	18.65	15.46
1.292	18.64	15.46
1.292	18.65	15.46
1.291	18.66	15.46
1.291	18.67	15.46
1.290	18.68	15.46
1.290	18.67	15.46
1.289	18.72	15.46
1.287	18.76	15.46
1.286	18.78	15.46
1.286	18.78	15.46
1.285	18.79	15.46
1.284	18.80	15.46
1.283	18.81	15.46
1.283	18.83	15.46
1.282	18.85	15.46
1.282	18.85	15.46
1.281	18.87	15.46
1.280	18.86	15.46
1.280	18.81	15.46
1.279	18.82	15.46
1.279	18.79	15.46
1.278	18.83	15.46
1.277	18.80	15.46
1.276	18.78	15.46
1.275	18.74	15.46
1.274	18.84	15.46
1.273	18.88	15.46
1.273	18.90	15.46
1.272	18.90	15.46
1.272	18.90	15.46
1.271	18.98	15.46
1.271	19.00	15.46
1.271	18.97	15.46
1.270	18.98	15.46
1.270	18.97	15.46
1.270	18.98	15.46
1.270	19.01	15.46
1.269	19.01	15.46
1.269	19.01	15.46
1.269	19.03	15.46
1.268	19.03	15.46
1.268	18.99	15.46
1.268	18.96	15.46
1.268	18.96	15.46
1.268	18.95	15.46
1.268	18.92	15.46
1.267	18.93	15.46
1.267	18.93	15.46
1.266	18.95	15.46
1.266	18.94	15.46
1.265	18.96	15.46
1.265	18.96	15.46
1.265	18.92	15.46
1.265	18.94	15.46
1.264	18.92	15.46
1.264	18.90	15.46
1.264	18.99	15.46
1.264	18.96	15.46
1.264	18.95	15.46
1.264	18.87	15.46
1.264	18.90	15.46
1.264	18.98	15.46
1.264	18.99	15.46
1.263	18.98	15.46
1.263	19.00	15.46
1.263	19.00	15.46
1.263	19.00	15.46
1.263	19.01	15.46
1.263	19.04	15.46
1.263	19.02	15.46
1.263	19.04	15.46
1.263	19.05	15.46
1.263	19.06	15.46
1.263	19.06	15.46
1.263	19.06	15.46
1.263	19.08	15.46
1.263	19.10	15.46
1.263	19.09	15.46
1.263	19.11	15.46
1.263	19.11	15.46
1.263	19.12	15.46
1.263	19.11	15.46
1.263	19.05	15.46
1.263	19.05	15.46
1.262	18.57	15.46
1.262	18.76	15.46
1.261	19.00	15.46
1.261	18.96	15.46
1.260	18.64	15.46
1.260	18.91	15.46
1.259	18.85	15.46
1.258	19.16	15.46
1.257	19.22	15.46
1.256	19.22	15.46
1.256	19.23	15.46
1.255	19.24	15.46
1.255	19.24	15.46
1.255	19.27	15.46
1.254	19.29	15.46
1.254	19.29	15.46
1.253	19.28	15.46
1.253	19.29	15.46
1.252	19.32	15.46
1.252	19.33	15.46
1.252	19.34	15.46
1.251	19.30	15.46
1.251	19.31	15.46
1.250	19.32	15.46
1.250	19.33	15.46
1.250	19.33	15.46
1.249	19.29	15.46
1.249	19.26	15.46
1.248	19.25	15.46
1.248	19.27	15.46
1.247	19.27	15.46
1.247	19.32	15.46
1.247	18.96	15.46
1.246	18.68	15.46
1.246	19.23	15.46
1.246	19.22	15.46
1.246	19.29	15.46
1.246	19.32	15.46
1.246	19.35	15.46
1.246	19.37	15.46
1.246	19.37	15.46
1.246	19.38	15.46
1.246	19.38	15.46
1.246	19.37	15.46
1.246	19.39	15.46
1.246	19.38	15.46
1.246	19.36	15.46
1.246	19.35	15.46
1.246	19.38	15.46
1.246	19.38	15.46
1.246	19.39	15.46
1.246	19.38	15.46
1.246	19.38	15.46
1.246	19.39	15.46
1.246	19.40	15.46
1.246	19.42	15.46
1.246	19.41	15.46
1.246	19.29	15.46
1.246	19.32	15.46
1.245	19.23	15.46
1.245	19.35	15.46
1.244	19.39	15.46
1.244	19.42	15.46
1.243	19.44	15.46
1.243	19.42	15.46
1.243	19.43	15.46
1.243	19.44	15.46
1.243	19.42	15.46
1.243	19.42	15.46
1.243	19.42	15.46
1.243	19.42	15.46
1.242	19.46	15.46
1.242	19.48	15.46
1.242	19.48	15.46
1.242	19.49	15.46
1.241	19.49	15.46
1.241	19.48	15.46
1.241	19.49	15.46
1.241	19.50	15.46
1.241	19.49	15.46
1.240	19.49	15.46
1.240	19.49	15.46
1.240	19.40	15.46
1.239	19.35	15.46
1.239	19.36	15.46
1.238	19.38	15.46
1.238	19.40	15.46
1.238	19.41	15.46
1.238	19.39	15.46
1.238	19.34	15.46
1.237	19.11	15.46
1.237	19.27	15.46
1.237	19.45	15.46
1.237	19.50	15.46
1.237	19.52	15.46
1.237	19.53	15.46
1.236	19.54	15.46
1.236	19.55	15.46
1.236	19.56	15.46
1.236	19.57	15.46
1.235	19.57	15.46
1.235	19.57	15.46
1.235	19.59	15.46
1.235	19.60	15.46
1.235	19.59	15.46
1.235	19.59	15.46
1.235	19.60	15.46
1.235	19.59	15.46
1.235	19.60	15.46
1.235	19.57	15.46
1.235	19.58	15.46
1.235	19.58	15.46
1.234	19.58	15.46
1.234	19.60	15.46
1.234	19.62	15.46
1.234	19.61	15.46
1.234	19.62	15.46
1.234	19.61	15.46
1.234	19.59	15.46
1.234	19.57	15.46
1.234	19.55	15.46
1.234	19.54	15.46
1.234	19.56	15.46
1.234	19.59	15.46
1.234	19.57	15.46
1.233	19.55	15.46
1.233	19.51	15.46
1.233	19.49	15.46
1.233	19.59	15.46
1.232	19.58	15.46
1.232	19.54	15.46
1.232	19.56	15.46
1.232	19.60	15.46
1.231	19.60	15.46
1.231	19.61	15.46
1.231	19.61	15.46
1.231	19.65	15.46
1.230	19.69	15.46
1.230	19.70	15.46
1.229	19.71	15.46
1.229	19.72	15.46
1.228	19.74	15.46
1.228	19.74	15.46
1.227	19.77	15.46
1.227	19.78	15.46
1.226	19.77	15.46
1.226	19.78	15.46
1.226	19.79	15.46
1.225	19.79	15.46
1.225	19.79	15.46
1.225	19.80	15.46
1.225	19.80	15.46
1.225	19.82	15.46
1.224	19.82	15.46
1.224	19.83	15.46
1.223	19.84	15.46
1.223	19.83	15.46
1.223	19.76	15.46
1.222	19.80	15.46
1.222	19.80	15.46
1.222	19.80	15.46
1.222	19.79	15.46
1.221	19.78	15.46
1.221	19.76	15.46
1.220	19.77	15.46
1.220	19.76	15.46
1.220	19.77	15.46
1.220	19.83	15.46
1.219	19.80	15.46
1.219	19.79	15.46
1.219	19.79	15.46
1.218	19.81	15.46
1.218	19.82	15.46
1.218	19.80	15.46
1.217	19.80	15.46
1.217	19.80	15.46
1.217	19.78	15.46
1.217	19.75	15.46
1.217	19.77	15.46
1.217	19.77	15.46
1.217	19.79	15.46
1.217	19.82	15.46
1.216	19.87	15.46
1.216	19.83	15.46
1.216	19.88	15.46
1.215	19.90	15.46
1.215	19.92	15.46
1.215	19.92	15.46
1.215	19.90	15.46
1.215	19.90	15.46
1.214	19.91	15.46
1.214	19.97	15.46
1.214	19.96	15.46
1.213	19.99	15.46
1.213	20.00	15.46
1.212	19.97	15.46
1.212	19.91	15.46
1.211	19.84	15.46
1.211	19.58	15.46
1.210	19.94	15.46
1.210	19.95	15.46
1.210	19.94	15.46
1.210	19.97	15.46
1.210	19.98	15.46
1.210	19.99	15.46
1.209	20.00	15.46
1.209	19.98	15.47
1.209	20.03	15.46
1.209	20.02	15.46
1.209	20.02	15.46
1.209	19.98	15.46
1.209	20.00	15.47
1.209	20.00	15.47
1.208	20.01	15.46
1.208	20.01	15.47
1.208	20.01	15.47
1.208	20.03	15.47
1.208	20.03	15.47
1.208	20.03	15.47
1.208	20.03	15.47
1.208	20.03	15.47
1.208	20.03	15.47
1.208	20.03	15.47
1.208	20.05	15.47
1.208	20.06	15.47
1.208	20.06	15.47
1.208	20.06	15.47
1.208	20.06	15.47
1.208	20.05	15.47
1.208	19.97	15.47
1.208	20.00	15.47
1.208	20.02	15.47
1.208	19.99	15.47
1.207	20.01	15.47
1.207	20.02	15.47
1.207	20.02	15.47
1.207	20.01	15.47
1.207	19.98	15.47
1.207	20.00	15.47
1.207	20.01	15.47
1.207	20.01	15.47
1.207	20.00	15.47
