3.302	6.92	25.05
3.302	6.93	25.05
3.302	6.96	25.05
3.302	6.90	25.05
3.302	6.92	25.05
3.302	6.90	25.05
3.302	6.94	25.05
3.302	6.94	25.05
3.302	6.93	25.05
3.302	6.91	25.05
3.302	6.90	25.05
3.302	6.95	25.05
3.302	6.94	25.05
3.302	6.90	25.05
3.302	6.91	25.05
3.302	6.91	25.05
3.302	6.90	25.05
3.301	6.91	25.05
3.300	6.90	25.05
3.300	6.91	25.05
3.298	6.94	25.05
3.297	6.94	25.05
3.297	6.96	25.05
3.296	6.97	25.05
3.295	6.93	25.05
3.294	6.98	25.05
3.292	6.98	25.05
3.291	6.99	25.05
3.289	7.00	25.05
3.287	7.00	25.05
3.286	6.97	25.05
3.285	7.01	25.05
3.283	7.00	25.05
3.282	7.05	25.05
3.280	7.09	25.05
3.279	7.08	25.05
3.277	7.11	25.05
3.276	7.09	25.05
3.276	7.12	25.05
3.275	7.15	25.05
3.274	7.14	25.05
3.272	7.20	25.05
3.271	7.21	25.05
3.270	7.16	25.05
3.268	7.21	25.05
3.267	7.20	25.05
3.265	7.21	25.05
3.264	7.20	25.05
3.262	7.23	25.05
3.261	7.14	25.05
3.259	7.16	25.05
3.258	7.15	25.05
3.257	7.23	25.05
3.255	7.18	25.05
3.253	7.16	25.05
3.253	7.18	25.05
3.252	7.19	25.05
3.252	7.23	25.05
3.252	7.16	25.05
3.250	7.23	25.05
3.248	7.23	25.05
3.246	7.26	25.05
3.245	7.17	25.05
3.244	7.25	25.05
3.242	7.24	25.05
3.241	7.26	25.05
3.240	7.26	25.05
3.238	7.19	25.05
3.236	7.21	25.05
3.234	7.26	25.05
3.232	7.28	25.05
3.230	7.23	25.05
3.229	7.18	25.05
3.227	7.25	25.05
3.226	7.25	25.05
3.224	7.29	25.05
3.222	7.23	25.05
3.220	7.27	25.05
3.218	7.29	25.05
3.217	7.29	25.05
3.216	7.28	25.05
3.215	7.31	25.05
3.214	7.34	25.05
3.213	7.31	25.05
3.212	7.32	25.05
3.211	7.29	25.05
3.210	7.30	25.05
3.209	7.31	25.05
3.208	7.27	25.05
3.207	7.28	25.05
3.205	7.20	25.05
3.204	7.27	25.05
3.202	7.25	25.05
3.201	7.27	25.05
3.199	7.28	25.05
3.198	7.31	25.05
3.196	7.34	25.05
3.195	7.29	25.05
3.193	7.28	25.05
3.192	7.30	25.05
3.190	7.32	25.05
3.188	7.36	25.05
3.186	7.35	25.05
3.184	7.32	25.05
3.182	7.26	25.05
3.180	7.25	25.05
3.178	7.29	25.05
3.178	7.27	25.05
3.177	7.25	25.05
3.175	7.28	25.05
3.174	7.33	25.05
3.174	7.27	25.05
3.174	7.27	25.05
3.173	7.27	25.05
3.172	7.34	25.05
3.172	7.31	25.05
3.172	7.25	25.05
3.172	7.26	25.05
3.172	7.32	25.05
3.172	7.26	25.05
3.172	7.27	25.05
3.172	7.27	25.05
3.171	7.27	25.05
3.170	7.30	25.05
3.169	7.33	25.05
3.167	7.30	25.05
3.164	7.35	25.05
3.160	7.33	25.05
3.157	7.26	25.05
3.154	7.33	25.05
3.153	7.33	25.05
3.151	7.36	25.05
3.149	7.27	25.05
3.147	7.39	25.05
3.145	7.32	25.05
3.143	7.38	25.05
3.141	7.37	25.05
3.140	7.34	25.05
3.139	7.38	25.05
3.138	7.37	25.05
3.137	7.39	25.05
3.136	7.38	25.05
3.135	7.36	25.05
3.135	7.37	25.05
3.134	7.39	25.05
3.133	7.38	25.05
3.132	7.38	25.05
3.132	7.44	25.05
3.131	7.36	25.05
3.129	7.40	25.05
3.129	7.39	25.05
3.128	7.41	25.05
3.127	7.36	25.05
3.127	7.37	25.05
3.127	7.42	25.05
3.126	7.40	25.05
3.124	7.39	25.05
3.122	7.43	25.05
3.120	7.41	25.05
3.118	7.41	25.05
3.117	7.41	25.05
3.115	7.42	25.05
3.113	7.41	25.05
3.112	7.43	25.05
3.110	7.43	25.05
3.108	7.46	25.05
3.107	7.44	25.05
3.106	7.44	25.05
3.105	7.45	25.05
3.104	7.45	25.05
3.103	7.49	25.05
3.102	7.46	25.05
3.101	7.49	25.05
3.098	7.52	25.05
3.097	7.48	25.05
3.095	7.51	25.05
3.093	7.54	25.05
3.092	7.52	25.05
3.089	7.57	25.05
3.088	7.59	25.05
3.086	7.59	25.05
3.085	7.57	25.05
3.085	7.64	25.05
3.084	7.64	25.05
3.083	7.63	25.05
3.083	7.67	25.05
3.081	7.65	25.05
3.080	7.66	25.05
3.079	7.66	25.05
3.078	7.61	25.05
3.077	7.64	25.05
3.076	7.67	25.05
3.075	7.64	25.05
3.074	7.66	25.05
3.073	7.68	25.05
3.072	7.66	25.05
3.071	7.64	25.05
3.069	7.70	25.05
3.069	7.70	25.05
3.067	7.69	25.05
3.066	7.67	25.05
3.066	7.65	25.05
3.065	7.70	25.05
3.064	7.71	25.05
3.063	7.68	25.05
3.063	7.71	25.05
3.062	7.69	25.05
3.061	7.69	25.05
3.060	7.76	25.05
3.059	7.72	25.05
3.059	7.72	25.05
3.058	7.72	25.05
3.057	7.71	25.05
3.057	7.66	25.05
3.057	7.73	25.05
3.056	7.71	25.05
3.056	7.72	25.05
3.055	7.72	25.05
3.054	7.71	25.05
3.053	7.73	25.05
3.051	7.76	25.05
3.050	7.78	25.05
3.049	7.81	25.05
3.048	7.74	25.05
3.046	7.73	25.05
3.045	7.72	25.05
3.044	7.70	25.05
3.043	7.74	25.05
3.042	7.74	25.05
3.041	7.72	25.05
3.040	7.69	25.05
3.039	7.75	25.05
3.038	7.81	25.05
3.036	7.85	25.05
3.035	7.83	25.05
3.034	7.83	25.05
3.032	7.76	25.05
3.031	7.79	25.05
3.029	7.83	25.05
3.028	7.78	25.05
3.026	7.80	25.05
3.025	7.77	25.05
3.024	7.79	25.05
3.023	7.79	25.05
3.022	7.80	25.05
3.021	7.81	25.05
3.020	7.85	25.05
3.019	7.83	25.05
3.018	7.88	25.05
3.017	7.90	25.05
3.015	7.90	25.05
3.014	7.90	25.05
3.013	7.87	25.05
3.012	7.85	25.05
3.011	7.86	25.05
3.010	7.95	25.05
3.009	7.88	25.05
3.008	7.87	25.05
3.006	7.84	25.05
3.005	7.82	25.05
3.003	7.84	25.05
3.001	7.84	25.05
2.999	7.82	25.05
2.997	7.83	25.05
2.996	7.82	25.05
2.993	7.83	25.05
2.991	7.82	25.05
2.988	7.85	25.05
2.987	7.89	25.05
2.985	7.83	25.05
2.984	7.86	25.05
2.984	7.84	25.05
2.983	7.88	25.05
2.982	7.80	25.05
2.982	7.88	25.05
2.982	7.89	25.05
2.981	7.88	25.05
2.980	7.86	25.05
2.978	7.88	25.05
2.976	7.91	25.05
2.975	7.89	25.05
2.973	7.85	25.05
2.971	7.83	25.05
2.970	7.88	25.05
2.969	7.87	25.05
2.968	7.87	25.05
2.967	7.86	25.05
2.967	7.88	25.05
2.966	7.87	25.05
2.965	7.87	25.05
2.964	7.86	25.05
2.964	7.87	25.05
2.963	7.83	25.05
2.962	7.89	25.05
2.961	7.89	25.05
2.961	7.91	25.05
2.960	7.90	25.05
2.959	7.93	25.05
2.958	7.89	25.05
2.958	7.91	25.05
2.956	7.86	25.05
2.955	7.96	25.05
2.954	7.91	25.05
2.953	7.92	25.05
2.952	7.90	25.05
2.951	7.91	25.05
2.950	7.90	25.05
2.949	7.93	25.05
2.949	7.94	25.05
2.948	7.95	25.05
2.946	7.97	25.05
2.945	7.90	25.05
2.944	7.94	25.05
2.943	7.98	25.05
2.943	7.97	25.05
2.942	7.96	25.05
2.942	7.94	25.05
2.941	7.95	25.05
2.941	7.96	25.05
2.940	7.95	25.05
2.939	7.95	25.05
2.938	7.95	25.05
2.937	7.98	25.05
2.936	8.00	25.05
2.934	8.05	25.05
2.932	7.99	25.05
2.931	7.99	25.05
2.930	7.98	25.05
2.929	7.98	25.05
2.928	8.01	25.05
2.928	7.99	25.05
2.927	7.98	25.05
2.926	8.05	25.05
2.925	8.06	25.05
2.924	8.08	25.05
2.923	8.08	25.05
2.922	8.15	25.05
2.920	8.28	25.05
2.918	8.24	25.05
2.917	8.18	25.05
2.916	8.17	25.05
2.914	8.19	25.05
2.913	8.15	25.05
2.912	8.08	25.05
2.911	8.21	25.05
2.910	8.18	25.05
2.908	8.23	25.05
2.907	8.13	25.05
2.904	8.20	25.05
2.902	8.18	25.05
2.900	8.17	25.05
2.899	8.25	25.05
2.898	8.26	25.05
2.898	8.24	25.05
2.897	8.25	25.05
2.896	8.15	25.05
2.895	8.24	25.05
2.894	8.14	25.05
2.893	8.24	25.05
2.893	8.24	25.05
2.892	8.22	25.05
2.892	8.18	25.05
2.892	8.21	25.05
2.890	8.20	25.05
2.889	8.22	25.05
2.887	8.28	25.05
2.886	8.25	25.05
2.884	8.17	25.05
2.883	8.24	25.05
2.881	8.26	25.05
2.879	8.20	25.05
2.877	8.23	25.05
2.875	8.29	25.05
2.873	8.29	25.05
2.871	8.25	25.05
2.870	8.38	25.05
2.868	8.28	25.05
2.867	8.37	25.05
2.865	8.36	25.05
2.863	8.29	25.05
2.862	8.37	25.05
2.861	8.32	25.05
2.860	8.32	25.05
2.859	8.32	25.05
2.857	8.32	25.05
2.856	8.24	25.05
2.855	8.37	25.05
2.853	8.31	25.05
2.852	8.30	25.05
2.850	8.33	25.05
2.849	8.31	25.05
2.847	8.27	25.05
2.846	8.31	25.05
2.844	8.33	25.05
2.843	8.24	25.05
2.841	8.32	25.05
2.839	8.29	25.05
2.837	8.33	25.04
2.835	8.32	25.04
2.832	8.30	25.04
2.829	8.36	25.04
2.826	8.34	25.04
2.824	8.33	25.05
2.823	8.39	25.04
2.822	8.28	25.04
2.822	8.38	25.04
2.822	8.37	25.05
2.821	8.36	25.04
2.820	8.37	25.04
2.820	8.36	25.04
2.819	8.36	25.04
2.819	8.35	25.04
2.818	8.36	25.04
2.817	8.36	25.04
2.816	8.36	25.04
2.814	8.36	25.04
2.813	8.38	25.04
2.812	8.42	25.04
2.811	8.41	25.04
2.810	8.36	25.04
2.808	8.39	25.04
2.806	8.36	25.04
2.804	8.39	25.04
2.803	8.41	25.04
2.802	8.41	25.04
2.800	8.40	25.04
2.799	8.41	25.04
2.797	8.41	25.04
2.796	8.44	25.04
2.795	8.41	25.04
2.794	8.42	25.04
2.793	8.42	25.04
2.792	8.47	25.04
2.791	8.41	25.04
2.789	8.45	25.04
2.787	8.44	25.04
2.785	8.42	25.04
2.783	8.44	25.04
2.782	8.48	25.04
2.781	8.59	25.04
2.779	8.47	25.04
2.778	8.42	25.04
2.777	8.50	25.04
2.776	8.49	25.04
2.775	8.50	25.04
2.774	8.53	25.04
2.772	8.58	25.04
2.771	8.49	25.04
2.769	8.59	25.04
2.768	8.56	25.04
2.767	8.63	25.04
2.766	8.59	25.04
2.764	8.63	25.04
2.762	8.61	25.04
2.761	8.60	25.04
2.760	8.61	25.04
2.759	8.64	25.04
2.758	8.60	25.04
2.758	8.63	25.04
2.757	8.57	25.04
2.756	8.62	25.04
2.755	8.67	25.04
2.753	8.61	25.04
2.752	8.60	25.04
2.751	8.61	25.04
2.750	8.63	25.04
2.748	8.64	25.04
2.746	8.67	25.04
2.744	8.66	25.04
2.742	8.72	25.04
2.739	8.69	25.04
2.737	8.67	25.04
2.735	8.68	25.04
2.732	8.64	25.04
2.730	8.66	25.04
2.728	8.70	25.04
2.726	8.69	25.04
2.724	8.71	25.04
2.722	8.72	25.04
2.720	8.76	25.04
2.718	8.74	25.04
2.717	8.78	25.04
2.715	8.78	25.04
2.714	8.80	25.04
2.712	8.72	25.04
2.711	8.72	25.04
2.709	8.70	25.04
2.707	8.67	25.04
2.705	8.65	25.04
2.704	8.68	25.04
2.704	8.67	25.04
2.703	8.67	25.04
2.702	8.67	25.04
2.701	8.72	25.04
2.701	8.70	25.04
2.700	8.70	25.04
2.698	8.71	25.04
2.697	8.72	25.04
2.695	8.69	25.04
2.693	8.68	25.04
2.690	8.70	25.04
2.688	8.70	25.04
2.686	8.71	25.04
2.685	8.69	25.04
2.684	8.72	25.04
2.684	8.72	25.04
2.684	8.69	25.04
2.683	8.74	25.04
2.683	8.74	25.04
2.682	8.71	25.04
2.682	8.72	25.04
2.680	8.72	25.04
2.676	8.77	25.04
2.674	8.82	25.04
2.671	8.83	25.04
2.670	8.80	25.04
2.669	8.80	25.04
2.668	8.83	25.04
2.667	8.80	25.04
2.666	8.82	25.04
2.665	8.84	25.04
2.665	8.78	25.04
2.664	8.82	25.04
2.663	8.85	25.04
2.662	8.87	25.04
2.660	8.80	25.04
2.659	8.88	25.04
2.658	8.87	25.04
2.657	8.86	25.04
2.655	8.86	25.04
2.653	8.89	25.04
2.651	8.88	25.04
2.650	8.88	25.04
2.649	8.90	25.04
2.647	8.91	25.04
2.646	8.90	25.04
2.645	8.91	25.04
2.644	8.93	25.04
2.642	8.92	25.04
2.641	8.94	25.04
2.639	8.92	25.04
2.637	8.96	25.04
2.635	8.98	25.04
2.633	8.97	25.04
2.632	8.97	25.04
2.632	8.99	25.04
2.631	8.98	25.04
2.629	9.02	25.04
2.627	9.09	25.04
2.625	9.08	25.04
2.623	9.10	25.04
2.621	9.09	25.04
2.619	9.11	25.04
2.617	9.13	25.04
2.615	9.12	25.04
2.614	9.11	25.04
2.613	9.12	25.04
2.611	9.11	25.04
2.608	9.10	25.04
2.606	9.10	25.04
2.605	9.10	25.04
2.604	9.11	25.04
2.603	9.10	25.04
2.602	9.11	25.04
2.601	9.13	25.04
2.600	9.12	25.04
2.599	9.16	25.04
2.597	9.18	25.04
2.595	9.18	25.04
2.594	9.18	25.04
2.592	9.18	25.04
2.591	9.18	25.04
2.590	9.20	25.04
2.588	9.21	25.04
2.586	9.23	25.04
2.585	9.22	25.04
2.585	9.20	25.04
2.585	9.23	25.04
2.585	9.21	25.04
2.585	9.20	25.04
2.586	9.22	25.04
2.586	9.22	25.04
2.586	9.22	25.04
2.585	9.21	25.04
2.585	9.19	25.04
2.584	9.15	25.04
2.581	9.15	25.04
2.580	9.17	25.04
2.578	9.16	25.04
2.576	9.16	25.04
2.574	9.15	25.04
2.573	9.17	25.04
2.573	9.15	25.04
2.573	9.15	25.04
2.573	9.18	25.04
2.572	9.13	25.04
2.570	9.16	25.04
2.569	9.21	25.04
2.567	9.22	25.04
2.566	9.21	25.04
2.565	9.18	25.04
2.565	9.21	25.04
2.565	9.22	25.04
2.565	9.24	25.04
2.563	9.24	25.04
2.561	9.24	25.04
2.559	9.26	25.04
2.558	9.26	25.04
2.557	9.25	25.04
2.556	9.26	25.04
2.555	9.25	25.04
2.554	9.27	25.04
2.553	9.27	25.04
2.551	9.27	25.04
2.550	9.25	25.04
2.549	9.23	25.04
2.548	9.26	25.04
2.547	9.26	25.04
2.547	9.25	25.04
2.546	9.24	25.04
2.545	9.27	25.04
2.544	9.28	25.04
2.543	9.27	25.04
2.542	9.28	25.04
2.542	9.29	25.04
2.541	9.31	25.04
2.540	9.33	25.04
2.540	9.36	25.04
2.539	9.37	25.04
2.539	9.39	25.04
2.538	9.39	25.04
2.536	9.39	25.04
2.535	9.40	25.04
2.534	9.40	25.04
2.532	9.40	25.04
2.531	9.41	25.04
2.529	9.41	25.04
2.528	9.41	25.04
2.527	9.42	25.04
2.525	9.42	25.04
2.523	9.42	25.04
2.522	9.43	25.04
2.521	9.44	25.04
2.519	9.44	25.04
2.518	9.45	25.04
2.517	9.45	25.04
2.516	9.44	25.04
2.516	9.44	25.04
2.516	9.44	25.04
2.516	9.44	25.04
2.516	9.44	25.04
2.517	9.44	25.04
2.517	9.44	25.04
2.517	9.43	25.04
2.516	9.45	25.04
2.514	9.45	25.04
2.513	9.45	25.04
2.512	9.46	25.04
2.511	9.46	25.04
2.509	9.46	25.04
2.507	9.45	25.04
2.506	9.46	25.04
2.505	9.47	25.04
2.505	9.47	25.04
2.504	9.48	25.04
2.504	9.49	25.04
2.504	9.50	25.04
2.503	9.50	25.04
2.503	9.50	25.04
2.502	9.50	25.04
2.501	9.49	25.04
2.501	9.50	25.04
2.500	9.51	25.04
2.498	9.51	25.04
2.497	9.52	25.04
2.496	9.52	25.04
2.495	9.53	25.04
2.495	9.54	25.04
2.495	9.54	25.04
2.494	9.54	25.04
2.493	9.54	25.04
2.493	9.54	25.04
2.492	9.54	25.04
2.492	9.54	25.04
2.491	9.54	25.04
2.490	9.55	25.04
2.490	9.55	25.04
2.489	9.56	25.04
2.488	9.60	25.04
2.487	9.60	25.04
2.487	9.60	25.04
2.487	9.59	25.04
2.487	9.59	25.04
2.487	9.58	25.04
2.487	9.58	25.04
2.487	9.58	25.04
2.487	9.58	25.04
2.487	9.58	25.04
2.487	9.58	25.04
2.487	9.58	25.04
2.488	9.58	25.04
2.487	9.57	25.04
2.487	9.57	25.04
2.486	9.58	25.04
2.484	9.58	25.04
2.482	9.58	25.04
2.481	9.59	25.04
2.480	9.59	25.04
2.478	9.60	25.04
2.477	9.61	25.04
2.476	9.62	25.04
2.475	9.62	25.04
2.474	9.62	25.04
2.473	9.63	25.04
2.472	9.63	25.04
2.471	9.64	25.04
2.470	9.64	25.04
2.469	9.64	25.04
2.468	9.64	25.04
2.468	9.64	25.04
2.468	9.64	25.04
2.468	9.64	25.04
2.468	9.64	25.04
2.468	9.64	25.04
2.468	9.65	25.04
2.468	9.64	25.04
2.468	9.64	25.04
2.468	9.65	25.04
2.468	9.65	25.04
2.467	9.66	25.04
2.467	9.66	25.04
2.467	9.66	25.04
2.466	9.67	25.04
2.465	9.67	25.04
2.464	9.67	25.04
2.463	9.67	25.04
2.462	9.67	25.04
2.461	9.67	25.04
2.460	9.67	25.04
2.459	9.67	25.04
2.458	9.68	25.04
2.458	9.69	25.04
2.457	9.69	25.04
2.456	9.70	25.04
2.455	9.70	25.04
2.455	9.70	25.04
2.454	9.70	25.04
2.453	9.71	25.04
2.452	9.71	25.04
2.451	9.71	25.04
2.451	9.71	25.04
2.450	9.72	25.04
2.449	9.72	25.04
2.447	9.73	25.04
2.446	9.73	25.04
2.445	9.74	25.04
2.444	9.75	25.04
2.443	9.77	25.04
2.442	9.77	25.04
2.440	9.77	25.04
2.439	9.78	25.04
2.438	9.78	25.04
2.437	9.78	25.04
2.436	9.78	25.04
2.435	9.79	25.04
2.434	9.80	25.04
2.432	9.80	25.04
2.430	9.81	25.04
2.429	9.81	25.04
2.429	9.81	25.04
2.429	9.81	25.04
2.428	9.82	25.04
2.427	9.82	25.04
2.426	9.83	25.04
2.425	9.83	25.04
2.423	9.84	25.04
2.422	9.84	25.04
2.421	9.85	25.04
2.420	9.86	25.04
2.419	9.87	25.04
2.418	9.88	25.04
2.417	9.89	25.04
2.416	9.89	25.04
2.416	9.89	25.04
2.416	9.89	25.04
2.416	9.89	25.04
2.416	9.88	25.04
2.416	9.89	25.04
2.417	9.89	25.04
2.417	9.89	25.04
2.417	9.88	25.04
2.417	9.89	25.04
2.417	9.89	25.04
2.417	9.89	25.04
2.417	9.89	25.04
2.416	9.89	25.04
2.415	9.89	25.04
2.415	9.89	25.04
2.414	9.91	25.04
2.413	9.92	25.04
2.410	9.93	25.04
2.408	9.94	25.04
2.406	9.95	25.04
2.404	9.96	25.04
2.403	9.96	25.04
2.401	9.97	25.04
2.399	9.99	25.04
2.397	10.02	25.04
2.393	10.03	25.04
2.391	10.04	25.04
2.389	10.05	25.04
2.388	10.06	25.04
2.387	10.06	25.04
2.385	10.07	25.04
2.384	10.07	25.04
2.382	10.09	25.04
2.381	10.10	25.04
2.379	10.10	25.04
2.378	10.11	25.04
2.376	10.12	25.04
2.374	10.12	25.04
2.373	10.12	25.04
2.371	10.12	25.04
2.369	10.13	25.04
2.366	10.14	25.04
2.364	10.14	25.04
2.364	10.13	25.04
2.364	10.14	25.04
2.364	10.14	25.04
2.364	10.13	25.04
2.364	10.14	25.04
2.364	10.14	25.04
2.364	10.14	25.04
2.364	10.14	25.04
2.363	10.15	25.04
2.363	10.15	25.04
2.362	10.15	25.04
2.361	10.16	25.04
2.361	10.15	25.04
2.360	10.16	25.04
2.358	10.16	25.04
2.357	10.17	25.04
2.356	10.17	25.04
2.355	10.17	25.04
2.354	10.18	25.04
2.353	10.18	25.04
2.352	10.19	25.04
2.351	10.19	25.04
2.350	10.19	25.04
2.349	10.21	25.04
2.347	10.21	25.04
2.346	10.21	25.04
2.345	10.21	25.04
2.343	10.21	25.04
2.343	10.22	25.04
2.341	10.23	25.04
2.341	10.22	25.04
2.340	10.23	25.04
2.340	10.23	25.04
2.339	10.23	25.04
2.338	10.24	25.04
2.338	10.24	25.04
2.337	10.25	25.04
2.336	10.25	25.04
2.335	10.26	25.04
2.334	10.26	25.04
2.334	10.27	25.04
2.333	10.27	25.04
2.332	10.27	25.04
2.331	10.28	25.04
2.330	10.28	25.04
2.328	10.28	25.04
2.327	10.29	25.04
2.325	10.30	25.04
2.324	10.32	25.04
2.322	10.33	25.04
2.321	10.32	25.04
2.319	10.34	25.04
2.318	10.35	25.04
2.317	10.35	25.04
2.316	10.36	25.04
2.316	10.36	25.04
2.315	10.36	25.04
2.314	10.37	25.04
2.314	10.38	25.04
2.312	10.39	25.04
2.312	10.40	25.04
2.311	10.41	25.04
2.309	10.41	25.04
2.308	10.42	25.04
2.308	10.42	25.04
2.307	10.43	25.04
2.306	10.42	25.04
2.307	10.43	25.04
2.307	10.42	25.04
2.307	10.42	25.04
2.307	10.41	25.04
2.307	10.40	25.04
2.307	10.41	25.04
2.307	10.41	25.04
2.307	10.41	25.04
2.306	10.43	25.04
2.305	10.43	25.04
2.304	10.43	25.04
2.303	10.44	25.04
2.302	10.45	25.04
2.301	10.46	25.04
2.299	10.47	25.04
2.297	10.49	25.04
2.295	10.50	25.04
2.294	10.50	25.04
2.293	10.51	25.04
2.293	10.51	25.04
2.292	10.52	25.04
2.292	10.52	25.04
2.291	10.52	25.04
2.291	10.52	25.04
2.290	10.53	25.04
2.290	10.54	25.04
2.289	10.54	25.04
2.288	10.56	25.04
2.286	10.56	25.04
2.285	10.56	25.04
2.285	10.56	25.04
2.284	10.56	25.04
2.283	10.56	25.04
2.282	10.57	25.04
2.281	10.58	25.04
2.280	10.58	25.04
2.279	10.58	25.04
2.278	10.59	25.04
2.277	10.59	25.04
2.276	10.59	25.04
2.276	10.60	25.04
2.275	10.60	25.04
2.274	10.60	25.04
2.274	10.60	25.04
2.274	10.61	25.04
2.274	10.61	25.04
2.274	10.60	25.04
2.274	10.61	25.04
2.274	10.61	25.04
2.274	10.61	25.04
2.274	10.62	25.04
2.273	10.62	25.04
2.272	10.63	25.04
2.271	10.62	25.04
2.270	10.62	25.04
2.269	10.63	25.04
2.269	10.63	25.04
2.268	10.63	25.04
2.268	10.63	25.04
2.267	10.63	25.04
2.266	10.64	25.04
2.265	10.63	25.04
2.265	10.63	25.04
2.264	10.64	25.04
2.263	10.64	25.04
2.263	10.64	25.04
2.262	10.65	25.04
2.262	10.65	25.04
2.261	10.65	25.04
2.261	10.65	25.04
2.261	10.65	25.04
2.260	10.65	25.04
2.260	10.65	25.04
2.259	10.66	25.04
2.258	10.66	25.04
2.258	10.67	25.04
2.257	10.67	25.04
2.257	10.67	25.04
2.256	10.68	25.04
2.256	10.68	25.04
2.255	10.68	25.04
2.255	10.68	25.04
2.254	10.68	25.04
2.254	10.69	25.04
2.253	10.68	25.04
2.253	10.69	25.04
2.253	10.69	25.04
2.252	10.69	25.04
2.252	10.70	25.04
2.251	10.70	25.04
2.250	10.70	25.04
2.249	10.70	25.04
2.248	10.71	25.04
2.248	10.71	25.04
2.247	10.72	25.04
2.246	10.72	25.04
2.246	10.72	25.04
2.245	10.73	25.04
2.245	10.74	25.04
2.244	10.74	25.04
2.243	10.73	25.04
2.243	10.74	25.04
2.243	10.74	25.04
2.242	10.74	25.04
2.242	10.74	25.04
2.242	10.75	25.04
2.241	10.74	25.04
2.241	10.75	25.04
2.240	10.76	25.04
2.239	10.76	25.04
2.238	10.77	25.04
2.236	10.77	25.04
2.235	10.78	25.04
2.234	10.78	25.04
2.232	10.79	25.04
2.231	10.80	25.04
2.230	10.81	25.04
2.229	10.82	25.04
2.228	10.81	25.04
2.226	10.83	25.04
2.225	10.84	25.04
2.224	10.85	25.04
2.222	10.86	25.04
2.222	10.86	25.04
2.221	10.87	25.04
2.220	10.88	25.04
2.219	10.88	25.04
2.219	10.89	25.04
2.218	10.89	25.04
2.218	10.90	25.04
2.217	10.90	25.04
2.217	10.90	25.04
2.217	10.90	25.04
2.217	10.90	25.04
2.217	10.90	25.04
2.218	10.90	25.04
2.218	10.89	25.04
2.218	10.90	25.04
2.218	10.90	25.04
2.218	10.90	25.04
2.218	10.90	25.04
2.218	10.90	25.04
2.218	10.91	25.04
2.216	10.92	25.04
2.216	10.93	25.04
2.215	10.93	25.04
2.214	10.93	25.04
2.214	10.94	25.04
2.214	10.94	25.04
2.213	10.95	25.04
2.213	10.95	25.04
2.212	10.95	25.04
2.212	10.95	25.04
2.211	10.95	25.04
2.211	10.95	25.04
2.210	10.95	25.04
2.210	10.96	25.04
2.209	10.96	25.04
2.209	10.96	25.04
2.209	10.97	25.04
2.209	10.96	25.04
2.208	10.97	25.04
2.208	10.97	25.04
2.208	10.97	25.04
2.207	10.98	25.04
2.207	10.98	25.04
2.206	10.99	25.04
2.206	10.99	25.04
2.206	10.99	25.04
2.206	10.99	25.04
2.205	10.99	25.04
2.205	11.00	25.04
2.205	11.01	25.04
2.204	11.01	25.04
2.204	11.02	25.04
2.203	11.02	25.04
2.203	11.02	25.04
2.203	11.02	25.04
2.202	11.03	25.04
2.202	11.03	25.04
2.201	11.04	25.04
2.201	11.04	25.04
2.200	11.04	25.04
2.199	11.04	25.04
2.199	11.05	25.04
2.199	11.05	25.04
2.198	11.05	25.04
2.198	11.05	25.04
2.198	11.05	25.04
2.197	11.05	25.04
2.197	11.06	25.04
2.196	11.06	25.04
2.195	11.06	25.04
2.195	11.06	25.04
2.195	11.06	25.04
2.194	11.07	25.04
2.194	11.07	25.04
2.194	11.07	25.04
2.193	11.07	25.04
2.193	11.07	25.04
2.193	11.07	25.04
2.192	11.08	25.04
2.192	11.08	25.04
2.192	11.08	25.04
2.192	11.08	25.04
2.191	11.09	25.04
2.191	11.08	25.04
2.191	11.09	25.04
2.190	11.10	25.04
2.190	11.10	25.04
2.190	11.10	25.04
2.189	11.10	25.04
2.188	11.10	25.04
2.188	11.11	25.04
2.188	11.11	25.04
2.187	11.11	25.04
2.186	11.11	25.04
2.185	11.11	25.04
2.185	11.11	25.04
2.185	11.11	25.04
2.184	11.12	25.04
2.184	11.11	25.04
2.183	11.12	25.04
2.182	11.12	25.04
2.182	11.12	25.04
2.181	11.12	25.04
2.181	11.12	25.04
2.180	11.13	25.04
2.179	11.13	25.04
2.178	11.13	25.04
2.177	11.13	25.04
2.177	11.13	25.04
2.176	11.13	25.04
2.176	11.13	25.04
2.175	11.13	25.04
2.174	11.14	25.04
2.174	11.14	25.04
2.173	11.14	25.04
2.172	11.15	25.04
2.171	11.16	25.04
2.171	11.15	25.04
2.170	11.15	25.04
2.169	11.16	25.04
2.168	11.16	25.04
2.167	11.16	25.04
2.166	11.17	25.04
2.166	11.16	25.04
2.166	11.16	25.04
2.165	11.17	25.04
2.165	11.17	25.04
2.165	11.16	25.04
2.166	11.16	25.04
2.166	11.17	25.04
2.165	11.18	25.04
2.164	11.18	25.04
2.163	11.18	25.04
2.162	11.19	25.04
2.161	11.20	25.04
2.160	11.20	25.04
2.159	11.20	25.04
2.158	11.21	25.04
2.158	11.21	25.04
2.157	11.22	25.04
2.156	11.23	25.04
2.155	11.23	25.04
2.155	11.23	25.04
2.154	11.23	25.04
2.154	11.23	25.04
2.153	11.24	25.04
2.152	11.25	25.04
2.152	11.25	25.04
2.151	11.25	25.04
2.150	11.25	25.04
2.150	11.25	25.04
2.149	11.26	25.04
2.149	11.26	25.04
2.148	11.26	25.04
2.148	11.27	25.04
2.147	11.27	25.04
2.147	11.27	25.04
2.146	11.27	25.04
2.146	11.27	25.04
2.146	11.27	25.04
2.145	11.27	25.04
2.145	11.27	25.04
2.144	11.28	25.04
2.144	11.29	25.04
2.143	11.30	25.04
2.142	11.31	25.04
2.141	11.32	25.04
2.140	11.32	25.04
2.139	11.32	25.04
2.138	11.33	25.04
2.138	11.33	25.04
2.137	11.34	25.04
2.136	11.35	25.04
2.135	11.36	25.04
2.135	11.36	25.04
2.134	11.37	25.04
2.134	11.38	25.04
2.133	11.38	25.04
2.133	11.38	25.04
2.132	11.39	25.04
2.132	11.38	25.04
2.131	11.39	25.04
2.130	11.40	25.04
2.129	11.41	25.04
2.128	11.42	25.04
2.127	11.43	25.04
2.127	11.43	25.04
2.126	11.44	25.04
2.125	11.44	25.04
2.125	11.44	25.04
2.124	11.45	25.04
2.124	11.46	25.04
2.123	11.47	25.04
2.123	11.47	25.04
2.123	11.48	25.04
2.122	11.47	25.04
2.121	11.48	25.04
2.121	11.48	25.04
2.121	11.49	25.04
2.120	11.50	25.04
2.119	11.51	25.04
2.118	11.51	25.04
2.118	11.51	25.04
2.117	11.51	25.04
2.117	11.52	25.04
2.116	11.53	25.04
2.116	11.52	25.04
2.115	11.52	25.04
2.115	11.53	25.04
2.114	11.54	25.04
2.114	11.54	25.04
2.113	11.54	25.04
2.113	11.54	25.04
2.112	11.54	25.04
2.112	11.54	25.04
2.111	11.55	25.04
2.110	11.54	25.04
2.110	11.54	25.04
2.109	11.55	25.04
2.108	11.55	25.04
2.107	11.55	25.04
2.107	11.55	25.04
2.106	11.56	25.04
2.106	11.55	25.04
2.105	11.56	25.04
2.105	11.56	25.04
2.104	11.56	25.04
2.104	11.56	25.04
2.104	11.56	25.04
2.103	11.56	25.04
2.103	11.56	25.04
2.102	11.57	25.04
2.102	11.57	25.04
2.101	11.57	25.04
2.101	11.57	25.04
2.100	11.57	25.04
2.100	11.57	25.04
2.099	11.58	25.04
2.099	11.58	25.04
2.099	11.59	25.04
2.098	11.58	25.04
2.098	11.59	25.04
2.097	11.58	25.04
2.097	11.59	25.04
2.097	11.59	25.04
2.096	11.59	25.04
2.096	11.60	25.04
2.096	11.62	25.04
2.094	11.62	25.04
2.093	11.62	25.04
2.092	11.62	25.04
2.092	11.62	25.04
2.092	11.63	25.04
2.091	11.62	25.04
2.091	11.63	25.04
2.090	11.63	25.04
2.090	11.64	25.04
2.090	11.63	25.04
2.089	11.63	25.04
2.089	11.64	25.04
2.089	11.63	25.04
2.089	11.64	25.04
2.088	11.64	25.04
2.087	11.65	25.04
2.086	11.65	25.04
2.085	11.65	25.04
2.084	11.66	25.04
2.083	11.68	25.04
2.081	11.68	25.04
2.079	11.68	25.04
2.078	11.68	25.04
2.077	11.69	25.04
2.077	11.68	25.04
2.076	11.69	25.04
2.076	11.69	25.04
2.075	11.70	25.04
2.075	11.71	25.04
2.074	11.71	25.04
2.073	11.72	25.04
2.073	11.72	25.04
2.072	11.72	25.04
2.071	11.72	25.04
2.070	11.73	25.04
2.070	11.74	25.04
2.068	11.75	25.04
2.067	11.75	25.04
2.065	11.76	25.04
2.064	11.78	25.04
2.063	11.79	25.04
2.062	11.79	25.04
2.061	11.80	25.04
2.060	11.82	25.04
2.058	11.83	25.04
2.057	11.83	25.04
2.057	11.86	25.04
2.055	11.86	25.04
2.054	11.86	25.04
2.053	11.87	25.04
2.053	11.88	25.04
2.052	11.89	25.04
2.051	11.89	25.04
2.050	11.90	25.04
2.048	11.91	25.04
2.047	11.92	25.04
2.046	11.93	25.04
2.045	11.94	25.04
2.045	11.94	25.04
2.043	11.95	25.04
2.042	11.95	25.04
2.042	11.95	25.04
2.042	11.96	25.04
2.041	11.97	25.04
2.040	11.97	25.04
2.040	11.98	25.04
2.039	11.98	25.04
2.038	11.99	25.04
2.038	11.99	25.04
2.037	11.99	25.04
2.036	12.00	25.04
2.036	12.00	25.04
2.035	12.00	25.04
2.033	12.01	25.04
2.032	12.01	25.04
2.031	12.02	25.04
2.030	12.03	25.04
2.029	12.04	25.04
2.028	12.04	25.04
2.027	12.04	25.04
2.027	12.04	25.04
2.026	12.04	25.04
2.026	12.05	25.04
2.026	12.05	25.04
2.025	12.06	25.04
2.025	12.06	25.04
2.024	12.06	25.04
2.024	12.07	25.04
2.023	12.07	25.04
2.022	12.07	25.04
2.021	12.07	25.04
2.021	12.07	25.04
2.021	12.08	25.04
2.020	12.08	25.04
2.020	12.08	25.04
2.019	12.08	25.04
2.019	12.08	25.04
2.018	12.09	25.04
2.018	12.09	25.04
2.017	12.09	25.04
2.017	12.08	25.04
2.017	12.09	25.04
2.016	12.09	25.04
2.016	12.10	25.04
2.015	12.10	25.04
2.015	12.10	25.04
2.014	12.10	25.04
2.014	12.10	25.04
2.013	12.10	25.04
2.012	12.11	25.04
2.012	12.11	25.04
2.011	12.12	25.04
2.010	12.12	25.04
2.009	12.12	25.04
2.008	12.13	25.04
2.007	12.13	25.04
2.007	12.13	25.04
2.006	12.14	25.04
2.006	12.14	25.04
2.005	12.14	25.04
2.005	12.15	25.04
2.005	12.15	25.04
2.004	12.16	25.04
2.004	12.16	25.04
2.004	12.16	25.04
2.004	12.16	25.04
2.004	12.16	25.04
2.004	12.17	25.04
2.003	12.17	25.04
2.003	12.18	25.04
2.002	12.19	25.04
2.002	12.19	25.04
2.001	12.19	25.04
2.000	12.19	25.04
1.999	12.19	25.04
1.999	12.20	25.04
1.998	12.20	25.04
1.997	12.21	25.04
1.997	12.21	25.04
1.996	12.21	25.04
1.995	12.22	25.04
1.995	12.22	25.04
1.994	12.22	25.04
1.994	12.22	25.04
1.993	12.23	25.04
1.993	12.23	25.04
1.992	12.24	25.04
1.992	12.25	25.04
1.991	12.25	25.04
1.990	12.25	25.04
1.989	12.27	25.04
1.988	12.27	25.04
1.987	12.28	25.04
1.986	12.28	25.04
1.986	12.29	25.04
1.986	12.29	25.04
1.985	12.29	25.04
1.984	12.30	25.04
1.984	12.31	25.04
1.984	12.31	25.04
1.983	12.31	25.04
1.983	12.31	25.04
1.983	12.32	25.04
1.983	12.33	25.04
1.983	12.32	25.04
1.983	12.32	25.04
1.982	12.33	25.04
1.982	12.33	25.04
1.981	12.33	25.04
1.981	12.33	25.04
1.981	12.34	25.04
1.980	12.34	25.04
1.980	12.34	25.04
1.980	12.35	25.04
1.980	12.35	25.04
1.979	12.36	25.04
1.977	12.39	25.04
1.976	12.40	25.04
1.974	12.40	25.04
1.973	12.41	25.04
1.973	12.40	25.04
1.973	12.40	25.04
1.973	12.40	25.04
1.973	12.40	25.04
1.973	12.41	25.04
1.972	12.42	25.04
1.972	12.42	25.04
1.971	12.43	25.04
1.970	12.43	25.04
1.970	12.43	25.04
1.969	12.44	25.04
1.968	12.45	25.04
1.968	12.45	25.04
1.968	12.45	25.04
1.967	12.46	25.04
1.967	12.46	25.04
1.966	12.46	25.04
1.966	12.47	25.04
1.965	12.47	25.04
1.965	12.47	25.04
1.964	12.47	25.04
1.964	12.48	25.04
1.963	12.49	25.04
1.963	12.49	25.04
1.962	12.50	25.04
1.962	12.50	25.04
1.961	12.50	25.04
1.961	12.51	25.04
1.960	12.51	25.04
1.959	12.51	25.04
1.959	12.51	25.04
1.958	12.52	25.04
1.958	12.52	25.04
1.958	12.52	25.04
1.957	12.52	25.04
1.956	12.52	25.04
1.956	12.52	25.04
1.956	12.53	25.04
1.955	12.52	25.04
1.954	12.52	25.04
1.954	12.52	25.04
1.953	12.53	25.04
1.953	12.53	25.04
1.952	12.54	25.04
1.951	12.53	25.04
1.951	12.54	25.04
1.950	12.54	25.04
1.949	12.54	25.04
1.948	12.55	25.04
1.948	12.55	25.04
1.947	12.56	25.04
1.946	12.56	25.04
1.945	12.58	25.04
1.944	12.58	25.04
1.943	12.58	25.04
1.942	12.59	25.04
1.942	12.59	25.04
1.941	12.59	25.04
1.940	12.60	25.04
1.940	12.60	25.04
1.939	12.60	25.04
1.939	12.61	25.04
1.938	12.61	25.04
1.937	12.61	25.04
1.936	12.62	25.04
1.936	12.62	25.04
1.935	12.63	25.04
1.934	12.63	25.04
1.933	12.63	25.04
1.932	12.64	25.04
1.932	12.66	25.04
1.931	12.67	25.04
1.931	12.67	25.04
1.930	12.67	25.04
1.930	12.67	25.04
1.929	12.68	25.04
1.928	12.68	25.04
1.927	12.69	25.04
1.926	12.69	25.04
1.926	12.70	25.04
1.925	12.71	25.04
1.924	12.71	25.04
1.924	12.72	25.04
1.923	12.73	25.04
1.921	12.73	25.04
1.921	12.74	25.04
1.920	12.74	25.04
1.919	12.75	25.04
1.919	12.74	25.04
1.919	12.74	25.04
1.919	12.74	25.04
1.919	12.74	25.04
1.919	12.74	25.04
1.919	12.74	25.04
1.919	12.76	25.04
1.918	12.76	25.04
1.918	12.77	25.04
1.917	12.77	25.04
1.917	12.77	25.04
1.916	12.78	25.04
1.915	12.78	25.04
1.915	12.79	25.04
1.915	12.79	25.04
1.914	12.81	25.04
1.913	12.81	25.04
1.912	12.82	25.04
1.912	12.83	25.04
1.911	12.83	25.04
1.910	12.84	25.04
1.909	12.84	25.04
1.909	12.85	25.04
1.909	12.86	25.04
1.908	12.86	25.04
1.907	12.87	25.04
1.907	12.88	25.04
1.906	12.88	25.04
1.906	12.88	25.04
1.905	12.89	25.04
1.904	12.89	25.04
1.904	12.90	25.04
1.903	12.91	25.04
1.903	12.92	25.04
1.902	12.92	25.04
1.902	12.92	25.04
1.901	12.93	25.04
1.900	12.93	25.04
1.900	12.94	25.04
1.900	12.95	25.04
1.899	12.94	25.04
1.898	12.95	25.04
1.897	12.95	25.04
1.897	12.96	25.04
1.896	12.95	25.04
1.896	12.95	25.04
1.895	12.96	25.04
1.895	12.96	25.04
1.894	12.96	25.04
1.894	12.96	25.04
1.893	12.97	25.04
1.892	12.96	25.04
1.892	12.97	25.04
1.891	12.97	25.04
1.890	12.97	25.04
1.890	12.97	25.04
1.889	12.98	25.04
1.889	12.97	25.04
1.889	12.97	25.04
1.888	12.99	25.04
1.888	12.98	25.04
1.888	13.00	25.04
1.887	12.99	25.04
1.887	12.99	25.04
1.886	13.00	25.04
1.886	13.00	25.04
1.886	13.00	25.04
1.885	13.00	25.04
1.885	13.02	25.04
1.884	13.02	25.04
1.884	13.02	25.04
1.884	13.02	25.04
1.883	13.02	25.04
1.883	13.02	25.04
1.883	13.02	25.04
1.883	13.02	25.04
1.883	13.02	25.04
1.883	13.02	25.04
1.883	13.03	25.04
1.883	13.04	25.04
1.882	13.03	25.04
1.881	13.04	25.04
1.881	13.04	25.04
1.880	13.04	25.04
1.880	13.04	25.04
1.879	13.05	25.04
1.878	13.05	25.04
1.878	13.06	25.04
1.877	13.05	25.04
1.877	13.07	25.04
1.876	13.07	25.04
1.875	13.07	25.04
1.874	13.08	25.04
1.874	13.09	25.04
1.873	13.09	25.04
1.871	13.09	25.04
1.871	13.10	25.04
1.870	13.09	25.04
1.870	13.10	25.04
1.869	13.09	25.04
1.869	13.09	25.04
1.869	13.09	25.04
1.870	13.10	25.04
1.870	13.10	25.04
1.870	13.09	25.04
1.870	13.10	25.04
1.870	13.11	25.04
1.869	13.12	25.04
1.869	13.12	25.04
1.868	13.12	25.04
1.868	13.12	25.04
1.867	13.14	25.04
1.866	13.14	25.04
1.865	13.14	25.04
1.865	13.16	25.04
1.864	13.16	25.04
1.864	13.16	25.04
1.863	13.17	25.04
1.862	13.16	25.04
1.862	13.17	25.04
1.861	13.18	25.04
1.860	13.19	25.04
1.860	13.20	25.04
1.859	13.21	25.04
1.858	13.21	25.04
1.858	13.21	25.04
1.857	13.22	25.04
1.855	13.23	25.04
1.854	13.23	25.04
1.854	13.24	25.04
1.853	13.24	25.04
1.853	13.25	25.04
1.852	13.24	25.04
1.852	13.25	25.04
1.851	13.26	25.04
1.851	13.27	25.04
1.850	13.28	25.04
1.850	13.28	25.04
1.849	13.29	25.04
1.849	13.29	25.04
1.848	13.29	25.04
1.848	13.29	25.04
1.848	13.30	25.04
1.847	13.29	25.04
1.847	13.30	25.04
1.847	13.30	25.04
1.846	13.30	25.04
1.846	13.30	25.04
1.846	13.32	25.04
1.845	13.35	25.04
1.843	13.37	25.04
1.842	13.37	25.04
1.841	13.38	25.04
1.840	13.38	25.04
1.839	13.39	25.04
1.838	13.40	25.04
1.838	13.39	25.04
1.837	13.40	25.04
1.837	13.41	25.04
1.837	13.40	25.04
1.837	13.41	25.04
1.836	13.42	25.04
1.836	13.42	25.04
1.836	13.42	25.04
1.836	13.41	25.04
1.835	13.41	25.04
1.835	13.42	25.04
1.835	13.42	25.04
1.834	13.42	25.04
1.834	13.42	25.04
1.834	13.42	25.04
1.834	13.42	25.04
1.833	13.43	25.04
1.833	13.43	25.04
1.832	13.43	25.04
1.832	13.43	25.04
1.831	13.44	25.04
1.831	13.44	25.04
1.831	13.44	25.04
1.830	13.44	25.04
1.830	13.44	25.04
1.829	13.44	25.04
1.829	13.45	25.04
1.828	13.45	25.04
1.828	13.46	25.04
1.827	13.46	25.04
1.827	13.45	25.04
1.826	13.45	25.04
1.825	13.46	25.04
1.824	13.47	25.04
1.823	13.48	25.04
1.822	13.48	25.04
1.822	13.49	25.04
1.821	13.49	25.04
1.820	13.49	25.04
1.820	13.50	25.04
1.819	13.50	25.04
1.819	13.51	25.04
1.818	13.53	25.04
1.816	13.54	25.04
1.815	13.54	25.04
1.814	13.53	25.04
1.813	13.54	25.04
1.813	13.55	25.04
1.812	13.55	25.04
1.812	13.55	25.04
1.811	13.56	25.04
1.810	13.56	25.04
1.810	13.57	25.04
1.809	13.58	25.04
1.808	13.59	25.04
1.808	13.59	25.04
1.807	13.60	25.04
1.807	13.60	25.04
1.806	13.60	25.04
1.806	13.61	25.04
1.805	13.62	25.04
1.805	13.62	25.04
1.804	13.63	25.04
1.804	13.63	25.04
1.804	13.63	25.04
1.803	13.63	25.04
1.803	13.63	25.04
1.802	13.63	25.04
1.801	13.64	25.04
1.800	13.64	25.04
1.800	13.65	25.04
1.800	13.65	25.04
1.799	13.66	25.04
1.799	13.66	25.04
1.798	13.68	25.04
1.797	13.69	25.04
1.796	13.70	25.04
1.795	13.71	25.04
1.794	13.71	25.04
1.794	13.71	25.04
1.793	13.71	25.04
1.793	13.71	25.04
1.793	13.72	25.04
1.792	13.73	25.04
1.792	13.74	25.04
1.791	13.74	25.04
1.791	13.75	25.04
1.790	13.77	25.04
1.789	13.77	25.04
1.789	13.79	25.04
1.788	13.79	25.04
1.787	13.79	25.04
1.786	13.79	25.04
1.786	13.80	25.04
1.785	13.83	25.04
1.785	13.81	25.04
1.784	13.81	25.04
1.784	13.83	25.04
1.783	13.84	25.04
1.782	14.22	25.04
1.781	13.88	25.04
1.780	13.85	25.04
1.779	13.86	25.04
1.779	13.87	25.04
1.778	13.88	25.04
1.778	13.88	25.04
1.777	13.89	25.04
1.777	13.89	25.04
1.776	13.89	25.04
1.776	13.89	25.04
1.775	13.89	25.04
1.775	13.90	25.04
1.775	13.90	25.04
1.775	13.89	25.04
1.774	13.90	25.04
1.774	13.90	25.04
1.774	13.90	25.04
1.773	13.90	25.04
1.773	13.90	25.04
1.773	13.91	25.04
1.772	13.91	25.04
1.772	13.91	25.04
1.771	13.92	25.04
1.771	13.92	25.04
1.771	13.92	25.04
1.770	13.92	25.04
1.770	13.92	25.04
1.769	13.93	25.04
1.769	13.93	25.04
1.769	13.93	25.04
1.768	13.93	25.04
1.768	13.93	25.04
1.767	13.94	25.04
1.766	13.94	25.04
1.765	13.94	25.04
1.765	13.95	25.04
1.765	13.95	25.04
1.764	13.95	25.04
1.764	13.95	25.04
1.764	13.95	25.04
1.764	13.95	25.04
1.764	13.95	25.04
1.764	13.96	25.04
1.763	13.97	25.04
1.762	13.98	25.04
1.761	13.98	25.04
1.759	13.98	25.04
1.759	13.99	25.04
1.758	13.99	25.04
1.757	14.01	25.04
1.756	14.03	25.04
1.755	14.03	25.04
1.754	14.04	25.04
1.753	14.04	25.04
1.752	14.05	25.04
1.752	14.06	25.04
1.752	14.06	25.04
1.751	14.06	25.04
1.751	14.08	25.04
1.750	14.08	25.04
1.750	14.09	25.04
1.749	14.09	25.04
1.748	14.09	25.04
1.747	14.11	25.04
1.746	14.11	25.04
1.745	14.11	25.04
1.744	14.13	25.04
1.743	14.14	25.04
1.742	14.15	25.04
1.741	14.16	25.04
1.740	14.16	25.04
1.739	14.16	25.04
1.739	14.18	25.04
1.738	14.18	25.04
1.738	14.18	25.04
1.737	14.19	25.04
1.737	14.20	25.04
1.736	14.20	25.04
1.736	14.21	25.04
1.735	14.19	25.04
1.734	14.23	25.04
1.733	14.24	25.04
1.733	14.24	25.04
1.732	14.25	25.04
1.731	14.27	25.04
1.730	14.26	25.04
1.730	14.27	25.04
1.729	14.28	25.04
1.728	14.29	25.04
1.728	14.29	25.04
1.727	14.29	25.04
1.727	14.30	25.04
1.727	14.30	25.04
1.726	14.31	25.04
1.726	14.31	25.04
1.725	14.32	25.04
1.725	14.33	25.04
1.724	14.32	25.04
1.724	14.33	25.04
1.723	14.34	25.04
1.723	14.34	25.04
1.722	14.34	25.04
1.721	14.35	25.04
1.721	14.35	25.04
1.720	14.35	25.04
1.720	14.36	25.04
1.719	14.36	25.04
1.718	14.37	25.04
1.718	14.37	25.04
1.718	14.37	25.04
1.717	14.37	25.04
1.717	14.37	25.04
1.717	14.38	25.04
1.717	14.38	25.04
1.717	14.38	25.04
1.717	14.38	25.04
1.717	14.38	25.04
1.716	14.38	25.04
1.716	14.38	25.04
1.716	14.39	25.04
1.716	14.38	25.04
1.716	14.38	25.04
1.716	14.39	25.04
1.715	14.40	25.04
1.715	14.39	25.04
1.715	14.39	25.04
1.714	14.40	25.04
1.714	14.40	25.04
1.714	14.41	25.04
1.713	14.40	25.04
1.713	14.41	25.04
1.713	14.40	25.04
1.713	14.41	25.04
1.712	14.41	25.04
1.712	14.41	25.04
1.711	14.41	25.04
1.711	14.41	25.04
1.710	14.42	25.04
1.710	14.42	25.04
1.710	14.42	25.04
1.710	14.42	25.04
1.710	14.42	25.04
1.709	14.43	25.04
1.709	14.43	25.04
1.709	14.43	25.04
1.709	14.43	25.04
1.709	14.44	25.04
1.708	14.44	25.04
1.708	14.44	25.04
1.708	14.44	25.04
1.707	14.44	25.04
1.707	14.44	25.04
1.707	14.44	25.04
1.706	14.45	25.04
1.706	14.45	25.04
1.706	14.45	25.04
1.706	14.46	25.04
1.706	14.45	25.04
1.706	14.45	25.04
1.706	14.45	25.04
1.706	14.45	25.04
1.706	14.47	25.04
1.705	14.47	25.04
1.705	14.47	25.04
1.705	14.48	25.04
1.704	14.48	25.04
1.703	14.49	25.04
1.703	14.49	25.04
1.703	14.49	25.04
1.702	14.50	25.04
1.702	14.50	25.04
1.702	14.50	25.04
1.701	14.51	25.04
1.701	14.51	25.04
1.700	14.51	25.04
1.700	14.52	25.04
1.700	14.51	25.04
1.700	14.52	25.04
1.699	14.51	25.04
1.699	14.52	25.04
1.699	14.53	25.04
1.698	14.53	25.04
1.698	14.54	25.04
1.698	14.53	25.04
1.698	14.54	25.04
1.697	14.54	25.04
1.697	14.54	25.04
1.697	14.54	25.04
1.697	14.54	25.04
1.697	14.54	25.04
1.697	14.54	25.04
1.697	14.54	25.04
1.697	14.54	25.04
1.697	14.54	25.04
1.697	14.54	25.04
1.697	14.54	25.04
1.697	14.54	25.04
1.697	14.55	25.04
1.697	14.55	25.04
1.696	14.56	25.04
1.696	14.56	25.04
1.696	14.55	25.04
1.696	14.56	25.04
1.695	14.57	25.04
1.695	14.57	25.04
1.694	14.59	25.04
1.694	14.59	25.04
1.693	14.59	25.04
1.693	14.59	25.04
1.692	14.60	25.04
1.692	14.60	25.04
1.691	14.60	25.04
1.691	14.60	25.04
1.690	14.61	25.04
1.690	14.62	25.04
1.689	14.62	25.04
1.688	14.63	25.04
1.688	14.63	25.04
1.688	14.63	25.04
1.687	14.65	25.04
1.687	14.66	25.04
1.686	14.66	25.04
1.686	14.67	25.04
1.686	14.64	25.04
1.685	14.66	25.04
1.685	14.67	25.04
1.685	14.67	25.04
1.684	14.68	25.04
1.684	14.69	25.04
1.684	14.69	25.04
1.684	14.69	25.04
1.684	14.69	25.04
1.684	14.69	25.04
1.684	14.68	25.04
1.684	14.69	25.04
1.684	14.69	25.04
1.684	14.69	25.04
1.684	14.69	25.04
1.683	14.69	25.04
1.683	14.69	25.04
1.684	14.69	25.04
1.684	14.69	25.04
1.684	14.69	25.04
1.684	14.69	25.04
1.684	14.69	25.04
1.684	14.69	25.04
1.684	14.69	25.04
1.684	14.69	25.04
1.684	14.69	25.04
1.684	14.68	25.04
1.684	14.69	25.04
1.684	14.69	25.04
1.684	14.69	25.04
1.684	14.69	25.04
1.684	14.69	25.04
1.684	14.69	25.04
1.683	14.70	25.04
1.683	14.70	25.04
1.681	14.75	25.04
1.678	14.78	25.04
1.676	14.78	25.04
1.675	14.78	25.04
1.674	14.78	25.04
1.674	14.78	25.04
1.674	14.78	25.04
1.674	14.78	25.04
1.674	14.78	25.04
1.674	14.78	25.04
1.674	14.79	25.04
1.674	14.79	25.04
1.674	14.79	25.04
1.674	14.79	25.04
1.673	14.80	25.04
1.673	14.80	25.04
1.673	14.80	25.04
1.672	14.80	25.04
1.672	14.81	25.04
1.672	14.81	25.04
1.671	14.81	25.04
1.671	14.81	25.04
1.670	14.81	25.04
1.670	14.82	25.04
1.669	14.83	25.04
1.669	14.83	25.04
1.668	14.83	25.04
1.668	14.84	25.04
1.667	14.84	25.04
1.666	14.85	25.04
1.666	14.85	25.04
1.665	14.85	25.04
1.665	14.86	25.04
1.664	14.86	25.04
1.663	14.86	25.04
1.662	14.87	25.04
1.662	14.87	25.04
1.661	14.88	25.04
1.661	14.88	25.04
1.660	14.88	25.04
1.660	14.88	25.04
1.660	14.89	25.04
1.659	14.89	25.04
1.659	14.89	25.04
1.659	14.90	25.04
1.658	14.91	25.04
1.657	14.91	25.04
1.656	14.93	25.04
1.656	14.93	25.04
1.655	14.93	25.04
1.655	14.94	25.04
1.654	14.94	25.04
1.653	14.95	25.04
1.653	14.95	25.04
1.653	14.96	25.04
1.652	14.96	25.04
1.652	14.97	25.04
1.651	14.97	25.04
1.650	14.98	25.04
1.650	14.99	25.04
1.649	14.99	25.04
1.649	14.99	25.04
1.649	14.99	25.04
1.649	14.99	25.04
1.649	14.99	25.04
1.649	14.99	25.04
1.649	15.00	25.04
1.649	15.00	25.04
1.649	15.00	25.04
1.648	15.01	25.04
1.648	15.00	25.04
1.648	15.01	25.04
1.647	15.01	25.04
1.647	15.02	25.04
1.646	15.03	25.04
1.646	15.04	25.04
1.645	15.04	25.04
1.644	15.05	25.04
1.644	15.05	25.04
1.643	15.05	25.04
1.643	15.06	25.04
1.642	15.06	25.04
1.642	15.07	25.04
1.642	15.06	25.04
1.642	15.07	25.04
1.641	15.07	25.04
1.641	15.07	25.04
1.641	15.07	25.04
1.640	15.08	25.04
1.640	15.08	25.04
1.639	15.09	25.04
1.639	15.09	25.04
1.639	15.10	25.04
1.638	15.11	25.04
1.638	15.11	25.04
1.638	15.12	25.04
1.637	15.12	25.04
1.637	15.11	25.04
1.637	15.12	25.04
1.637	15.12	25.04
1.637	15.12	25.04
1.637	15.12	25.04
1.637	15.12	25.04
1.637	15.13	25.04
1.637	15.14	25.04
1.636	15.13	25.04
1.636	15.13	25.04
1.635	15.14	25.04
1.634	15.15	25.04
1.633	15.15	25.04
1.633	15.17	25.04
1.632	15.17	25.04
1.632	15.18	25.04
1.631	15.18	25.04
1.631	15.19	25.04
1.631	15.19	25.04
1.630	15.19	25.04
1.630	15.19	25.04
1.629	15.20	25.04
1.629	15.20	25.04
1.629	15.21	25.04
1.628	15.22	25.04
1.628	15.23	25.04
1.627	15.24	25.04
1.627	15.24	25.04
1.626	15.24	25.04
1.626	15.25	25.04
1.625	15.25	25.04
1.625	15.26	25.04
1.624	15.26	25.04
1.624	15.27	25.04
1.623	15.28	25.04
1.622	15.28	25.04
1.622	15.28	25.04
1.622	15.29	25.04
1.622	15.29	25.04
1.622	15.29	25.04
1.621	15.29	25.04
1.621	15.30	25.04
1.621	15.30	25.04
1.621	15.31	25.04
1.620	15.30	25.04
1.620	15.31	25.04
1.620	15.31	25.04
1.619	15.32	25.04
1.619	15.32	25.04
1.619	15.32	25.04
1.618	15.32	25.04
1.618	15.32	25.04
1.618	15.33	25.04
1.617	15.33	25.04
1.617	15.33	25.04
1.616	15.33	25.04
1.616	15.34	25.04
1.616	15.34	25.04
1.615	15.34	25.04
1.615	15.35	25.04
1.614	15.35	25.04
1.614	15.35	25.04
1.614	15.35	25.04
1.614	15.36	25.04
1.613	15.36	25.04
1.613	15.36	25.04
1.613	15.37	25.04
1.612	15.37	25.04
1.612	15.37	25.04
1.612	15.37	25.04
1.612	15.37	25.04
1.612	15.37	25.04
1.611	15.37	25.04
1.612	15.37	25.04
1.612	15.37	25.04
1.612	15.37	25.04
1.611	15.37	25.04
1.611	15.37	25.04
1.611	15.38	25.04
1.611	15.38	25.04
1.610	15.39	25.04
1.609	15.39	25.04
1.609	15.41	25.04
1.608	15.41	25.04
1.607	15.41	25.04
1.607	15.42	25.04
1.606	15.42	25.04
1.606	15.42	25.04
1.605	15.42	25.04
1.605	15.42	25.04
1.605	15.43	25.04
1.605	15.43	25.04
1.604	15.44	25.04
1.604	15.44	25.04
1.603	15.45	25.04
1.603	15.46	25.04
1.602	15.47	25.04
1.602	15.47	25.04
1.601	15.48	25.04
1.601	15.48	25.04
1.600	15.49	25.04
1.600	15.49	25.04
1.599	15.49	25.04
1.599	15.49	25.04
1.599	15.50	25.04
1.598	15.51	25.04
1.598	15.51	25.04
1.597	15.52	25.04
1.597	15.52	25.04
1.596	15.52	25.04
1.596	15.53	25.04
1.595	15.53	25.04
1.595	15.53	25.04
1.594	15.54	25.04
1.594	15.55	25.04
1.593	15.56	25.04
1.593	15.56	25.04
1.592	15.57	25.04
1.592	15.57	25.04
1.592	15.58	25.04
1.592	15.58	25.04
1.591	15.58	25.04
1.591	15.58	25.04
1.591	15.46	25.04
1.590	15.49	25.04
1.590	15.45	25.04
1.590	15.60	25.04
1.589	15.61	25.04
1.589	15.62	25.04
1.589	15.62	25.04
1.588	15.62	25.04
1.588	15.63	25.04
1.587	15.64	25.04
1.586	15.66	25.04
1.586	15.67	25.04
1.585	15.67	25.04
1.584	15.68	25.04
1.583	15.69	25.04
1.583	15.69	25.04
1.582	15.69	25.04
1.582	15.69	25.04
1.582	15.69	25.04
1.582	15.69	25.04
1.582	15.69	25.04
1.582	15.69	25.04
1.582	15.69	25.04
1.582	15.70	25.04
1.582	15.71	25.04
1.581	15.71	25.04
1.581	15.71	25.04
1.580	15.74	25.04
1.579	15.74	25.04
1.578	15.75	25.04
1.577	15.76	25.04
1.577	15.77	25.04
1.576	15.76	25.04
1.576	15.77	25.04
1.575	15.77	25.04
1.574	15.78	25.04
1.574	15.78	25.04
1.574	15.78	25.04
1.573	15.79	25.04
1.572	15.79	25.04
1.572	15.79	25.04
1.571	15.80	25.04
1.571	15.80	25.04
1.570	15.80	25.04
1.570	15.80	25.04
1.570	15.80	25.04
1.570	15.81	25.04
1.570	15.81	25.04
1.570	15.81	25.04
1.570	15.82	25.04
1.570	15.82	25.04
1.570	15.82	25.04
1.569	15.83	25.04
1.569	15.83	25.04
1.568	15.83	25.04
1.567	15.84	25.04
1.567	15.84	25.04
1.566	15.85	25.04
1.565	15.85	25.04
1.565	15.86	25.04
1.565	15.86	25.04
1.564	15.87	25.04
1.563	15.67	25.04
1.562	15.76	25.04
1.562	15.81	25.04
1.561	15.88	25.04
1.561	15.89	25.04
1.561	15.89	25.04
1.560	15.90	25.04
1.560	15.90	25.04
1.559	15.90	25.04
1.559	15.91	25.04
1.559	15.91	25.04
1.559	15.92	25.04
1.558	15.93	25.04
1.558	15.93	25.04
1.558	15.93	25.04
1.557	15.93	25.04
1.557	15.94	25.04
1.557	15.94	25.04
1.557	15.94	25.04
1.556	15.95	25.04
1.556	15.96	25.04
1.556	15.96	25.04
1.555	15.97	25.04
1.555	15.97	25.04
1.555	15.97	25.04
1.554	15.97	25.04
1.554	15.97	25.04
1.554	15.98	25.04
1.554	15.98	25.04
1.554	15.99	25.04
1.553	15.99	25.04
1.553	15.99	25.04
1.552	16.00	25.04
1.552	16.01	25.04
1.551	16.02	25.04
1.550	16.03	25.04
1.549	16.05	25.04
1.548	16.05	25.04
1.547	16.06	25.04
1.546	16.06	25.04
1.545	16.07	25.04
1.545	16.01	25.04
1.544	16.10	25.04
1.543	16.11	25.04
1.543	16.13	25.04
1.542	16.14	25.04
1.541	16.16	25.04
1.540	16.17	25.04
1.539	16.18	25.04
1.538	16.18	25.04
1.537	16.19	25.04
1.537	16.19	25.04
1.536	16.19	25.04
1.536	16.20	25.04
1.536	16.20	25.04
1.535	16.21	25.04
1.535	16.20	25.04
1.535	16.21	25.04
1.535	16.21	25.04
1.535	16.21	25.04
1.535	16.21	25.04
1.535	16.21	25.04
1.535	16.21	25.04
1.535	16.22	25.04
1.535	16.23	25.04
1.534	16.24	25.04
1.533	16.25	25.04
1.532	16.26	25.04
1.531	16.27	25.04
1.530	16.27	25.04
1.530	16.27	25.04
1.529	16.28	25.04
1.528	16.28	25.04
1.528	16.29	25.04
1.527	16.29	25.04
1.527	16.29	25.04
1.526	16.29	25.04
1.526	16.31	25.04
1.525	16.31	25.04
1.525	16.32	25.04
1.524	16.32	25.04
1.523	16.32	25.04
1.523	16.32	25.04
1.523	16.32	25.04
1.522	16.33	25.04
1.522	16.33	25.04
1.521	16.34	25.04
1.521	16.34	25.04
1.520	16.36	25.04
1.519	16.37	25.04
1.519	16.37	25.04
1.518	16.38	25.04
1.517	16.39	25.04
1.516	16.41	25.04
1.515	16.42	25.04
1.514	16.42	25.04
1.513	16.43	25.04
1.513	16.44	25.04
1.512	16.44	25.04
1.512	16.44	25.04
1.511	16.45	25.04
1.510	16.46	25.04
1.510	16.47	25.04
1.510	16.48	25.04
1.509	16.48	25.04
1.509	16.49	25.04
1.508	16.49	25.04
1.507	16.50	25.04
1.507	16.51	25.04
1.506	16.53	25.04
1.505	16.54	25.04
1.505	16.54	25.04
1.504	16.55	25.04
1.504	16.55	25.04
1.504	16.56	25.04
1.503	16.56	25.04
1.503	16.56	25.04
1.503	16.57	25.04
1.502	16.57	25.04
1.502	16.57	25.04
1.501	16.56	25.04
1.501	16.58	25.04
1.501	16.59	25.04
1.500	16.60	25.04
1.500	16.60	25.04
1.500	16.61	25.04
1.499	16.62	25.04
1.499	16.62	25.04
1.499	16.63	25.04
1.498	16.63	25.04
1.498	16.63	25.04
1.498	16.64	25.04
1.498	16.64	25.04
1.497	16.64	25.04
1.497	16.64	25.04
1.497	16.64	25.04
1.497	16.64	25.04
1.497	16.65	25.04
1.497	16.65	25.04
1.496	16.66	25.04
1.496	16.66	25.04
1.496	16.66	25.04
1.495	16.66	25.04
1.495	16.67	25.04
1.495	16.67	25.04
1.495	16.67	25.04
1.495	16.67	25.04
1.495	16.67	25.04
1.495	16.67	25.04
1.495	16.67	25.04
1.495	16.67	25.04
1.495	16.68	25.04
1.494	16.69	25.04
1.494	16.69	25.04
1.493	16.69	25.04
1.493	16.70	25.04
1.492	16.70	25.04
1.492	16.71	25.04
1.491	16.71	25.04
1.491	16.72	25.04
1.491	16.72	25.04
1.490	16.73	25.04
1.490	16.73	25.04
1.489	16.74	25.04
1.489	16.74	25.04
1.488	16.74	25.04
1.488	16.74	25.04
1.487	16.74	25.04
1.487	16.75	25.04
1.487	16.75	25.04
1.486	16.76	25.04
1.486	16.76	25.04
1.486	16.76	25.04
1.486	16.76	25.04
1.486	16.77	25.04
1.486	16.77	25.04
1.486	16.77	25.04
1.486	16.77	25.04
1.486	16.77	25.04
1.486	16.77	25.04
1.485	16.77	25.04
1.485	16.77	25.04
1.485	16.77	25.04
1.485	16.77	25.04
1.485	16.78	25.04
1.485	16.78	25.04
1.484	16.78	25.04
1.484	16.78	25.04
1.484	16.78	25.04
1.484	16.79	25.04
1.484	16.78	25.04
1.483	16.79	25.04
1.483	16.79	25.04
1.483	16.80	25.04
1.482	16.80	25.04
1.482	16.80	25.04
1.482	16.81	25.04
1.482	16.81	25.04
1.482	16.82	25.04
1.481	16.82	25.04
1.481	16.83	25.04
1.481	16.83	25.04
1.480	16.84	25.04
1.480	16.84	25.04
1.479	16.84	25.04
1.479	16.85	25.04
1.478	16.85	25.04
1.478	16.86	25.04
1.477	16.87	25.04
1.477	16.88	25.04
1.476	16.88	25.04
1.476	16.88	25.04
1.475	16.88	25.04
1.475	16.89	25.04
1.475	16.90	25.04
1.474	16.91	25.04
1.473	16.91	25.04
1.473	16.92	25.04
1.473	16.92	25.04
1.472	16.93	25.04
1.472	16.93	25.04
1.472	16.93	25.04
1.471	16.94	25.04
1.471	16.94	25.04
1.471	16.95	25.04
1.471	16.95	25.04
1.470	16.96	25.04
1.470	16.96	25.04
1.470	16.97	25.04
1.469	16.97	25.04
1.469	16.97	25.04
1.468	16.98	25.04
1.468	16.98	25.04
1.467	16.99	25.04
1.467	16.99	25.04
1.466	17.00	25.04
1.466	17.01	25.04
1.465	17.03	25.04
1.465	17.03	25.04
1.464	17.04	25.04
1.464	17.05	25.04
1.463	17.05	25.04
1.462	17.07	25.04
1.462	17.07	25.04
1.462	17.07	25.04
1.462	17.06	25.04
1.462	17.06	25.04
1.462	17.06	25.04
1.462	17.06	25.04
1.462	17.06	25.04
1.462	17.06	25.04
1.461	17.07	25.04
1.461	17.07	25.04
1.461	17.08	25.04
1.460	17.09	25.04
1.460	17.10	25.04
1.459	17.11	25.04
1.458	17.12	25.04
1.457	17.12	25.04
1.457	17.13	25.04
1.456	17.14	25.04
1.456	17.14	25.04
1.456	17.14	25.04
1.455	17.14	25.04
1.455	17.15	25.04
1.455	17.15	25.04
1.455	17.15	25.04
1.454	17.15	25.04
1.454	17.15	25.04
1.454	17.16	25.04
1.453	17.17	25.04
1.453	17.17	25.04
1.453	17.18	25.04
1.452	17.18	25.04
1.452	17.18	25.04
1.452	17.19	25.04
1.451	17.20	25.04
1.450	17.21	25.04
1.450	17.21	25.04
1.449	17.22	25.04
1.449	17.22	25.04
1.449	17.23	25.04
1.448	17.23	25.04
1.447	17.24	25.04
1.447	17.25	25.04
1.446	17.25	25.04
1.446	17.25	25.04
1.446	17.25	25.04
1.446	17.25	25.04
1.446	17.26	25.04
1.446	17.26	25.04
1.446	17.26	25.04
1.446	17.26	25.04
1.446	17.26	25.04
1.445	17.19	25.04
1.445	17.22	25.04
1.445	17.24	25.04
1.444	17.26	25.04
1.444	17.28	25.04
1.444	17.28	25.04
1.443	17.28	25.04
1.443	17.28	25.04
1.443	17.29	25.04
1.443	17.29	25.04
1.443	17.29	25.04
1.442	17.30	25.04
1.442	17.30	25.04
1.442	17.30	25.04
1.441	17.31	25.04
1.441	17.31	25.04
1.441	17.32	25.04
1.440	17.32	25.04
1.440	17.32	25.04
1.440	17.33	25.04
1.440	17.33	25.04
1.439	17.34	25.04
1.439	17.34	25.04
1.439	17.34	25.04
1.438	17.35	25.04
1.438	17.36	25.04
1.438	17.36	25.04
1.438	17.37	25.04
1.437	17.37	25.04
1.437	17.37	25.04
1.437	17.37	25.04
1.437	17.38	25.04
1.437	17.38	25.04
1.436	17.38	25.04
1.436	17.39	25.04
1.436	17.39	25.04
1.436	17.40	25.04
1.435	17.40	25.04
1.435	17.40	25.04
1.435	17.40	25.04
1.434	17.41	25.04
1.434	17.41	25.04
1.434	17.41	25.04
1.434	17.41	25.04
1.433	17.42	25.04
1.433	17.43	25.04
1.433	17.44	25.04
1.433	17.44	25.04
1.432	17.44	25.04
1.432	17.44	25.04
1.432	17.44	25.04
1.431	17.45	25.04
1.431	17.46	25.04
1.431	17.46	25.04
1.430	17.47	25.04
1.430	17.48	25.04
1.430	17.48	25.04
1.430	17.48	25.04
1.429	17.48	25.04
1.429	17.49	25.04
1.429	17.49	25.04
1.428	17.50	25.04
1.428	17.50	25.04
1.428	17.51	25.04
1.428	17.52	25.04
1.427	17.52	25.04
1.427	17.52	25.04
1.427	17.52	25.04
1.427	17.52	25.04
1.427	17.52	25.04
1.427	17.52	25.04
1.427	17.52	25.04
1.427	17.52	25.04
1.427	17.53	25.04
1.427	17.54	25.04
1.427	17.54	25.04
1.426	17.54	25.04
1.426	17.54	25.04
1.426	17.54	25.04
1.426	17.54	25.04
1.426	17.54	25.04
1.426	17.55	25.04
1.426	17.55	25.04
1.425	17.55	25.04
1.425	17.55	25.04
1.425	17.56	25.04
1.425	17.56	25.04
1.424	17.56	25.04
1.424	17.56	25.04
1.424	17.57	25.04
1.424	17.57	25.04
1.423	17.57	25.04
1.423	17.58	25.04
1.423	17.58	25.04
1.422	17.59	25.04
1.422	17.59	25.04
1.422	17.60	25.04
1.421	17.60	25.04
1.421	17.61	25.04
1.421	17.61	25.04
1.420	17.61	25.04
1.420	17.62	25.04
1.420	17.62	25.04
1.419	17.62	25.04
1.419	17.63	25.04
1.419	17.63	25.04
1.418	17.63	25.04
1.418	17.64	25.04
1.418	17.64	25.04
1.418	17.65	25.04
1.417	17.65	25.04
1.417	17.65	25.04
1.417	17.65	25.04
1.417	17.66	25.04
1.416	17.66	25.04
1.416	17.66	25.04
1.415	17.67	25.04
1.415	17.68	25.04
1.415	17.69	25.04
1.414	17.69	25.04
1.414	17.69	25.04
1.413	17.69	25.04
1.413	17.69	25.04
1.413	17.70	25.04
1.413	17.70	25.04
1.412	17.71	25.04
1.412	17.71	25.04
1.411	17.72	25.04
1.411	17.72	25.04
1.411	17.72	25.04
1.410	17.72	25.04
1.410	17.73	25.04
1.409	17.73	25.04
1.409	17.73	25.04
1.409	17.74	25.04
1.408	17.74	25.04
1.408	17.75	25.04
1.408	17.75	25.04
1.408	17.76	25.04
1.408	17.76	25.04
1.408	17.76	25.04
1.408	17.76	25.04
1.408	17.76	25.04
1.408	17.76	25.04
1.408	17.77	25.04
1.408	17.77	25.04
1.408	17.77	25.04
1.408	17.78	25.04
1.408	17.79	25.04
1.407	17.79	25.04
1.407	17.79	25.04
1.407	17.79	25.04
1.406	17.79	25.04
1.406	17.80	25.04
1.406	17.79	25.04
1.405	17.79	25.04
1.405	17.80	25.04
1.405	17.80	25.04
1.404	17.81	25.04
1.404	17.82	25.04
1.403	17.82	25.04
1.403	17.83	25.04
1.403	17.83	25.04
1.403	17.83	25.04
1.403	17.83	25.04
1.403	17.84	25.04
1.402	17.84	25.04
1.402	17.84	25.04
1.402	17.84	25.04
1.402	17.85	25.04
1.402	17.85	25.04
1.401	17.85	25.04
1.401	17.85	25.04
1.401	17.85	25.04
1.401	17.85	25.04
1.401	17.86	25.04
1.400	17.86	25.04
1.400	17.86	25.04
1.400	17.86	25.04
1.400	17.87	25.04
1.400	17.87	25.04
1.400	17.88	25.04
1.400	17.89	25.04
1.400	17.90	25.04
1.400	17.90	25.04
1.400	17.90	25.04
1.399	17.91	25.04
1.399	17.91	25.04
1.399	17.92	25.04
1.399	17.92	25.04
1.399	17.93	25.04
1.399	17.93	25.04
1.398	17.94	25.04
1.398	17.96	25.04
1.398	17.97	25.04
1.398	17.97	25.04
1.398	17.98	25.04
1.397	17.99	25.04
1.397	17.99	25.04
1.397	17.99	25.04
1.396	18.00	25.04
1.396	17.99	25.04
1.396	17.99	25.04
1.396	17.99	25.04
1.395	17.99	25.04
1.395	17.99	25.04
1.395	17.99	25.04
1.394	18.00	25.04
1.394	18.00	25.04
1.394	17.99	25.04
1.394	17.99	25.04
1.393	18.00	25.04
1.393	18.00	25.04
1.393	17.99	25.04
1.392	17.99	25.04
1.392	17.99	25.04
1.391	17.99	25.04
1.391	17.99	25.04
1.390	17.99	25.04
1.390	18.00	25.04
1.390	18.01	25.04
1.389	18.01	25.04
1.389	18.01	25.04
1.389	18.01	25.04
1.389	18.01	25.04
1.389	18.01	25.04
1.389	18.01	25.04
1.389	18.00	25.04
1.389	18.01	25.04
1.389	18.01	25.04
1.389	18.01	25.04
1.388	18.01	25.04
1.388	18.02	25.04
1.388	18.01	25.04
1.388	18.04	25.04
1.387	18.05	25.04
1.387	18.06	25.04
1.387	18.10	25.04
1.386	18.12	25.04
1.386	18.10	25.04
1.386	18.11	25.04
1.385	18.13	25.04
1.385	18.15	25.04
1.384	18.16	25.04
1.384	18.16	25.04
1.384	18.17	25.04
1.384	18.18	25.04
1.383	18.20	25.04
1.383	18.21	25.04
1.383	18.18	25.04
1.382	18.18	25.04
1.382	18.18	25.04
1.382	18.17	25.04
1.381	18.16	25.04
1.381	17.95	25.04
1.381	18.01	25.04
1.381	18.09	25.04
1.381	18.13	25.04
1.381	18.13	25.04
1.381	18.00	25.04
1.381	18.08	25.04
1.381	18.11	25.04
1.381	18.12	25.04
1.381	18.13	25.04
1.380	18.13	25.04
1.380	18.15	25.04
1.380	18.18	25.04
1.380	18.19	25.04
1.379	18.23	25.04
1.379	18.23	25.04
1.379	18.22	25.04
1.378	18.23	25.04
1.378	18.24	25.04
1.377	18.25	25.04
1.377	18.26	25.04
1.377	18.26	25.04
1.376	18.27	25.04
1.376	18.26	25.04
1.376	18.26	25.04
1.376	18.27	25.04
1.375	18.27	25.04
1.375	18.27	25.04
1.375	18.29	25.04
1.374	18.29	25.04
1.374	18.30	25.04
1.374	18.30	25.04
1.374	18.28	25.04
1.374	18.25	25.04
1.374	18.28	25.04
1.374	18.29	25.04
1.373	18.28	25.04
1.373	18.29	25.04
1.373	18.29	25.04
1.372	18.28	25.04
1.372	18.29	25.04
1.372	18.29	25.04
1.372	18.29	25.04
1.372	18.29	25.04
1.372	18.29	25.04
1.372	18.27	25.04
1.372	18.27	25.04
1.371	18.29	25.04
1.371	18.30	25.04
1.371	18.31	25.04
1.371	18.32	25.04
1.371	18.32	25.04
1.370	18.31	25.04
1.370	18.33	25.04
1.369	18.36	25.04
1.369	18.36	25.04
1.368	18.37	25.04
1.368	18.37	25.04
1.367	18.38	25.04
1.367	18.38	25.04
1.366	18.39	25.04
1.366	18.38	25.04
1.366	18.38	25.04
1.365	18.40	25.04
1.365	18.41	25.04
1.365	18.41	25.04
1.365	18.40	25.04
1.364	18.41	25.04
1.364	18.41	25.04
1.364	18.42	25.04
1.363	18.42	25.04
1.363	18.43	25.04
1.362	18.44	25.04
1.362	18.45	25.04
1.361	18.44	25.04
1.361	18.44	25.04
1.360	18.44	25.04
1.360	18.44	25.04
1.360	18.46	25.04
1.360	18.47	25.04
1.360	18.44	25.04
1.359	18.44	25.04
1.359	18.45	25.04
1.359	18.46	25.04
1.359	18.45	25.04
1.359	18.45	25.04
1.359	18.43	25.04
1.358	18.43	25.04
1.358	18.43	25.04
1.358	18.43	25.04
1.357	18.44	25.04
1.357	18.43	25.04
1.357	18.42	25.04
1.357	18.43	25.04
1.356	18.43	25.04
1.356	18.45	25.04
1.356	18.46	25.04
1.356	18.48	25.04
1.356	18.47	25.04
1.355	18.49	25.04
1.354	18.49	25.04
1.354	18.52	25.04
1.353	18.52	25.04
1.353	18.50	25.04
1.352	18.47	25.04
1.352	18.49	25.04
1.351	18.54	25.04
1.351	18.54	25.04
1.350	18.52	25.04
1.350	18.46	25.04
1.350	18.47	25.04
1.350	18.47	25.04
1.349	18.47	25.04
1.349	18.45	25.04
1.349	18.45	25.04
1.348	18.47	25.04
1.348	18.49	25.04
1.348	18.53	25.04
1.347	18.56	25.04
1.347	18.43	25.04
1.346	18.53	25.04
1.346	18.61	25.04
1.345	18.61	25.04
1.345	18.60	25.04
1.344	18.61	25.04
1.344	18.62	25.04
1.343	18.63	25.04
1.343	18.63	25.04
1.343	18.62	25.04
1.342	18.62	25.04
1.342	18.57	25.04
1.342	18.54	25.04
1.342	18.60	25.04
1.342	18.63	25.04
1.341	18.66	25.04
1.341	18.65	25.04
1.341	18.66	25.04
1.340	18.68	25.04
1.340	18.69	25.04
1.340	18.67	25.04
1.340	18.69	25.04
1.339	18.70	25.04
1.339	18.70	25.04
1.339	18.66	25.04
1.339	18.70	25.04
1.339	18.69	25.04
1.339	18.68	25.04
1.339	18.68	25.04
1.338	18.69	25.04
1.338	18.71	25.04
1.337	18.72	25.04
1.337	18.74	25.04
1.336	18.77	25.04
1.336	18.77	25.04
1.335	18.77	25.04
1.335	18.78	25.04
1.335	18.79	25.04
1.334	18.79	25.04
1.334	18.80	25.04
1.334	18.81	25.04
1.333	18.81	25.04
1.333	18.83	25.04
1.333	18.81	25.04
1.333	18.80	25.04
1.333	18.81	25.04
1.333	18.81	25.04
1.333	18.82	25.04
1.332	18.83	25.04
1.332	18.84	25.04
1.332	18.84	25.04
1.331	18.86	25.04
1.331	18.85	25.04
1.331	18.85	25.04
1.330	18.87	25.04
1.330	18.87	25.04
1.329	18.86	25.04
1.329	18.81	25.04
1.328	18.83	25.04
1.328	18.83	25.04
1.328	18.83	25.04
1.327	18.86	25.04
1.327	18.87	25.04
1.326	18.87	25.04
1.326	18.88	25.04
1.326	18.86	25.04
1.326	18.83	25.04
1.325	18.83	25.04
1.325	18.82	25.04
1.325	18.80	25.04
1.325	18.81	25.04
1.324	18.84	25.04
1.324	18.90	25.04
1.324	18.89	25.04
1.323	18.88	25.04
1.323	18.88	25.04
1.323	18.87	25.04
1.323	18.90	25.04
1.323	18.88	25.04
1.323	18.88	25.04
1.323	18.91	25.04
1.323	18.92	25.04
1.323	18.94	25.04
1.322	18.93	25.04
1.322	18.91	25.04
1.322	18.90	25.04
1.321	18.86	25.04
1.320	18.87	25.04
1.320	18.93	25.04
1.319	18.91	25.04
1.318	18.81	25.04
1.318	18.84	25.04
1.317	18.93	25.04
1.317	18.93	25.04
1.316	18.88	25.04
1.316	18.91	25.04
1.315	18.94	25.04
1.315	18.96	25.04
1.314	18.96	25.04
1.314	18.96	25.04
1.314	18.97	25.04
1.314	18.97	25.04
1.313	18.98	25.04
1.313	18.98	25.04
1.313	18.94	25.04
1.313	18.92	25.04
1.312	18.98	25.04
1.312	19.00	25.04
1.312	18.90	25.04
1.311	18.98	25.04
1.311	19.00	25.04
1.311	19.03	25.04
1.310	18.97	25.04
1.310	19.02	25.04
1.310	19.07	25.04
1.309	19.05	25.04
1.309	18.93	25.04
1.308	18.94	25.04
1.308	18.90	25.04
1.307	18.92	25.04
1.307	19.00	25.04
1.307	18.98	25.04
1.306	18.82	25.04
1.306	18.87	25.04
1.305	18.93	25.04
1.305	19.15	25.04
1.305	19.19	25.04
1.305	19.19	25.04
1.304	19.17	25.04
1.304	19.18	25.04
1.304	19.21	25.04
1.304	19.21	25.04
1.304	19.16	25.04
1.304	19.21	25.04
1.304	19.23	25.04
1.303	19.23	25.04
1.303	19.23	25.04
1.303	19.23	25.04
1.303	19.25	25.04
1.302	19.28	25.04
1.302	19.30	25.04
1.302	19.30	25.04
1.302	19.30	25.04
1.301	19.30	25.04
1.301	19.28	25.04
1.301	19.28	25.04
1.301	19.30	25.04
1.300	19.32	25.04
1.300	19.33	25.04
1.300	19.32	25.04
1.299	19.33	25.04
1.299	19.34	25.04
1.299	19.32	25.04
1.298	19.34	25.04
1.298	19.33	25.04
1.297	19.29	25.04
1.297	19.27	25.04
1.296	19.28	25.04
1.296	19.30	25.04
1.295	19.17	25.04
1.295	19.19	25.04
1.294	19.26	25.04
1.294	19.33	25.04
1.293	19.32	25.04
1.293	19.35	25.04
1.292	19.37	25.04
1.292	19.36	25.04
1.292	19.37	25.04
1.291	19.35	25.04
1.291	19.35	25.04
1.290	19.37	25.04
1.290	19.35	25.04
1.290	19.43	25.04
1.289	19.44	25.04
1.289	19.45	25.04
1.289	19.48	25.04
1.288	19.49	25.04
1.288	19.49	25.04
1.288	19.44	25.04
1.287	19.18	25.04
1.287	19.29	25.04
1.287	19.14	25.04
1.286	19.32	25.04
1.286	19.37	25.04
1.285	19.39	25.04
1.284	19.43	25.04
1.284	19.47	25.04
1.283	19.52	25.04
1.283	19.54	25.04
1.283	19.55	25.04
1.282	19.55	25.04
1.282	19.56	25.04
1.281	19.59	25.04
1.281	19.59	25.04
1.281	19.57	25.04
1.280	19.57	25.03
1.280	19.58	25.04
1.280	19.60	25.04
1.279	19.61	25.04
1.279	19.61	25.04
1.279	19.60	25.03
1.278	19.62	25.04
1.278	19.61	25.04
1.278	19.59	25.03
1.278	19.57	25.03
1.277	19.59	25.04
1.277	19.61	25.03
1.277	19.63	25.03
1.277	19.65	25.03
1.276	19.63	25.03
1.276	19.69	25.04
1.276	19.71	25.03
1.275	19.72	25.03
1.275	19.74	25.03
1.275	19.75	25.03
1.275	19.75	25.03
1.275	19.75	25.03
1.275	19.76	25.03
1.275	19.76	25.03
1.275	19.75	25.03
1.275	19.75	25.03
1.275	19.74	25.03
1.275	19.71	25.03
1.275	19.74	25.03
1.274	19.75	25.03
1.274	19.75	25.03
1.273	19.78	25.03
1.273	19.79	25.03
1.272	19.79	25.03
1.272	19.79	25.03
1.272	19.82	25.03
1.271	19.83	25.04
1.271	19.83	25.03
1.270	19.82	25.03
1.270	19.81	25.04
1.270	19.80	25.03
1.269	19.74	25.03
1.269	19.80	25.03
1.269	19.82	25.04
1.269	19.81	25.03
1.268	19.81	25.03
1.268	19.81	25.04
1.268	19.80	25.03
1.268	19.79	25.04
1.267	19.77	25.03
1.267	19.79	25.03
1.267	19.77	25.03
1.267	19.76	25.03
1.266	19.74	25.03
1.266	19.76	25.03
1.266	19.80	25.03
1.266	19.80	25.03
1.266	19.81	25.03
1.265	19.79	25.03
1.265	19.79	25.03
1.265	19.82	25.03
1.265	19.84	25.03
1.264	19.84	25.03
1.264	19.78	25.03
1.264	19.77	25.04
1.263	19.76	25.03
1.263	19.74	25.03
1.263	19.78	25.03
1.263	19.84	25.03
1.263	19.87	25.03
1.262	19.84	25.03
1.262	19.85	25.03
1.261	19.90	25.03
1.261	19.98	25.03
1.260	19.98	25.03
1.259	19.97	25.03
1.259	19.99	25.03
1.259	19.95	25.03
1.258	19.87	25.03
1.257	19.81	25.03
1.256	19.93	25.03
1.256	19.94	25.03
1.256	19.99	25.03
1.255	19.94	25.03
1.254	20.01	25.03
1.254	20.02	25.03
1.253	19.92	25.04
1.253	19.94	25.03
1.252	19.93	25.03
1.252	19.62	25.03
1.251	19.03	25.03
1.251	19.08	25.03
1.251	19.53	25.03
1.250	20.05	25.03
1.250	20.06	25.03
1.250	20.07	25.03
1.249	20.09	25.03
1.249	20.11	25.03
1.249	20.10	25.03
1.248	20.10	25.04
1.248	20.12	25.03
1.248	20.12	25.03
1.248	20.12	25.03
1.248	20.10	25.03
1.248	20.09	25.03
1.248	20.09	25.03
1.247	20.03	25.04
1.247	20.02	25.03
1.247	20.02	25.03
1.246	20.02	25.03
1.246	20.04	25.04
1.245	20.07	25.03
1.245	20.12	25.03
1.244	20.18	25.03
1.244	20.19	25.03
1.244	20.21	25.03
1.243	20.26	25.03
1.243	20.29	25.04
1.243	20.29	25.03
1.242	20.29	25.03
1.242	20.30	25.03
1.242	20.30	25.03
1.241	20.31	25.03
1.241	20.16	25.03
1.241	20.28	25.04
1.240	20.33	25.03
1.240	20.33	25.03
1.240	20.33	25.03
1.240	20.33	25.03
1.240	20.33	25.03
1.240	20.34	25.03
1.240	20.34	25.03
1.240	20.34	25.04
1.240	20.34	25.03
1.240	20.35	25.03
1.240	20.35	25.03
1.240	20.35	25.04
1.240	20.36	25.04
1.240	20.35	25.04
1.240	20.36	25.03
1.240	20.36	25.04
1.240	20.36	25.03
1.240	20.36	25.03
1.240	20.36	25.03
1.240	20.37	25.04
1.240	20.37	25.03
1.240	20.36	25.03
1.240	20.37	25.03
1.240	20.37	25.03
1.240	20.37	25.03
1.240	20.37	25.04
