1.240	21.30	35.24
1.240	21.30	35.24
1.240	21.30	35.24
1.240	21.30	35.24
1.240	21.30	35.24
1.240	21.30	35.24
1.240	21.30	35.24
1.240	21.30	35.24
1.240	21.30	35.24
1.240	21.30	35.24
1.240	21.30	35.24
1.240	21.30	35.24
1.240	21.30	35.24
1.240	21.30	35.24
1.240	21.30	35.24
1.240	21.30	35.24
1.240	21.30	35.24
1.240	21.16	35.24
1.240	21.24	35.24
1.241	21.25	35.24
1.241	21.24	35.24
1.241	21.24	35.24
1.241	21.23	35.24
1.241	21.24	35.24
1.241	21.25	35.24
1.241	21.25	35.24
1.241	21.25	35.24
1.241	21.25	35.24
1.242	21.27	35.24
1.242	21.27	35.24
1.242	21.27	35.24
1.242	21.25	35.24
1.242	21.25	35.24
1.243	21.25	35.24
1.243	21.24	35.24
1.243	21.23	35.24
1.243	21.22	35.24
1.243	21.19	35.24
1.243	21.16	35.24
1.243	21.16	35.24
1.244	21.13	35.24
1.244	21.11	35.24
1.244	21.08	35.24
1.244	21.00	35.24
1.244	21.00	35.24
1.245	21.02	35.24
1.245	20.96	35.24
1.245	20.92	35.24
1.245	20.99	35.24
1.246	20.94	35.24
1.246	20.90	35.24
1.246	20.93	35.24
1.246	20.84	35.24
1.246	20.90	35.24
1.246	20.92	35.24
1.246	20.92	35.24
1.246	20.88	35.24
1.246	20.90	35.24
1.246	20.87	35.24
1.246	20.89	35.24
1.247	20.91	35.24
1.247	20.92	35.24
1.247	20.89	35.24
1.247	20.85	35.24
1.247	20.87	35.24
1.247	20.91	35.24
1.247	20.94	35.24
1.248	20.97	35.24
1.248	20.99	35.24
1.248	21.01	35.24
1.248	21.01	35.24
1.248	20.98	35.24
1.248	20.97	35.24
1.249	20.93	35.24
1.249	20.97	35.24
1.249	20.98	35.24
1.249	20.97	35.24
1.249	20.98	35.24
1.250	20.97	35.24
1.250	20.96	35.24
1.250	20.92	35.24
1.251	20.90	35.24
1.251	20.91	35.24
1.251	20.92	35.23
1.251	20.93	35.23
1.252	20.93	35.24
1.252	20.93	35.23
1.252	20.92	35.23
1.252	20.88	35.23
1.253	20.89	35.23
1.253	20.94	35.23
1.253	20.94	35.23
1.253	20.91	35.23
1.254	20.93	35.23
1.254	20.93	35.23
1.254	20.93	35.23
1.254	20.96	35.23
1.255	20.96	35.23
1.255	20.96	35.23
1.255	20.95	35.23
1.255	20.95	35.23
1.255	20.93	35.23
1.256	20.94	35.23
1.256	20.96	35.23
1.256	20.94	35.23
1.256	20.90	35.23
1.257	20.92	35.23
1.257	20.95	35.23
1.257	20.93	35.23
1.257	20.93	35.23
1.257	20.91	35.23
1.258	20.90	35.23
1.258	20.92	35.23
1.258	20.90	35.23
1.258	20.87	35.23
1.259	20.87	35.23
1.259	20.87	35.23
1.259	20.87	35.23
1.259	20.85	35.23
1.260	20.84	35.23
1.260	20.83	35.23
1.260	20.80	35.23
1.260	20.78	35.23
1.260	20.75	35.23
1.260	20.77	35.23
1.261	20.79	35.23
1.261	20.81	35.23
1.261	20.82	35.23
1.261	20.82	35.23
1.262	20.80	35.23
1.262	20.82	35.23
1.262	20.82	35.23
1.262	20.82	35.23
1.262	20.82	35.23
1.263	20.83	35.23
1.263	20.84	35.23
1.263	20.84	35.23
1.263	20.84	35.23
1.263	20.82	35.23
1.263	20.78	35.23
1.264	20.77	35.23
1.264	20.75	35.23
1.264	20.38	35.23
1.264	20.79	35.23
1.265	20.80	35.23
1.265	20.82	35.23
1.265	20.83	35.23
1.266	20.81	35.23
1.266	20.81	35.23
1.266	20.80	35.23
1.266	20.80	35.23
1.266	20.80	35.23
1.266	20.79	35.23
1.266	20.79	35.23
1.267	20.79	35.23
1.267	20.79	35.23
1.267	20.79	35.23
1.267	20.79	35.23
1.267	20.78	35.23
1.267	20.76	35.23
1.267	20.76	35.23
1.268	20.76	35.23
1.268	20.76	35.23
1.268	20.75	35.23
1.268	20.75	35.23
1.268	20.74	35.23
1.268	20.73	35.23
1.268	20.72	35.23
1.268	20.72	35.23
1.268	20.72	35.23
1.269	20.70	35.23
1.269	20.70	35.23
1.269	20.70	35.23
1.269	20.70	35.23
1.269	20.70	35.23
1.269	20.69	35.23
1.269	20.69	35.23
1.269	20.70	35.23
1.269	20.69	35.23
1.269	20.68	35.23
1.269	20.65	35.23
1.269	20.64	35.23
1.269	20.62	35.23
1.270	20.64	35.23
1.270	20.61	35.23
1.270	20.56	35.23
1.270	20.57	35.23
1.270	20.58	35.23
1.270	20.58	35.23
1.270	20.59	35.23
1.271	20.58	35.23
1.271	20.53	35.23
1.271	20.56	35.23
1.271	20.52	35.23
1.271	20.52	35.23
1.271	20.53	35.23
1.271	20.47	35.23
1.272	20.44	35.23
1.272	20.40	35.23
1.272	20.41	35.23
1.272	20.44	35.23
1.272	20.44	35.23
1.273	20.42	35.23
1.273	20.42	35.23
1.273	20.42	35.23
1.273	20.44	35.23
1.273	20.43	35.23
1.273	20.33	35.23
1.273	20.23	35.23
1.273	20.29	35.23
1.274	20.31	35.23
1.274	20.39	35.23
1.274	20.44	35.23
1.274	20.46	35.23
1.274	20.47	35.23
1.274	20.45	35.23
1.274	20.45	35.23
1.274	20.46	35.23
1.275	20.46	35.23
1.275	20.44	35.23
1.275	20.47	35.23
1.275	20.46	35.23
1.275	20.48	35.23
1.275	20.50	35.23
1.275	20.49	35.23
1.275	20.48	35.22
1.276	20.46	35.22
1.276	20.47	35.22
1.276	20.50	35.22
1.276	20.50	35.22
1.276	20.50	35.22
1.277	20.49	35.22
1.277	20.50	35.22
1.277	20.49	35.22
1.277	20.48	35.22
1.277	20.50	35.22
1.277	20.48	35.22
1.277	20.47	35.22
1.278	20.40	35.22
1.278	20.43	35.22
1.278	20.46	35.22
1.278	20.47	35.22
1.278	20.42	35.22
1.278	20.42	35.22
1.278	20.40	35.22
1.278	20.40	35.22
1.278	20.38	35.22
1.279	20.43	35.22
1.279	20.44	35.22
1.279	20.43	35.22
1.279	20.45	35.22
1.279	20.45	35.22
1.279	20.43	35.22
1.279	20.43	35.22
1.279	20.41	35.22
1.280	20.42	35.22
1.280	20.45	35.22
1.280	20.47	35.22
1.280	20.50	35.22
1.280	20.50	35.22
1.280	20.50	35.22
1.280	20.51	35.22
1.281	20.53	35.22
1.281	20.52	35.22
1.281	20.48	35.22
1.281	20.48	35.22
1.281	20.49	35.22
1.281	20.50	35.22
1.281	20.50	35.22
1.281	20.50	35.22
1.281	20.50	35.22
1.282	20.48	35.22
1.282	20.50	35.22
1.282	20.50	35.22
1.282	20.50	35.22
1.282	20.51	35.22
1.282	20.51	35.22
1.282	20.50	35.22
1.282	20.50	35.22
1.283	20.48	35.22
1.283	20.47	35.22
1.283	20.47	35.22
1.283	20.47	35.22
1.283	20.48	35.22
1.283	20.48	35.22
1.283	20.49	35.22
1.283	20.48	35.22
1.283	20.47	35.22
1.283	20.46	35.22
1.283	20.50	35.22
1.283	20.50	35.22
1.283	20.50	35.22
1.283	20.49	35.22
1.284	20.50	35.22
1.284	20.48	35.22
1.284	20.49	35.22
1.284	20.49	35.22
1.284	20.48	35.22
1.284	20.49	35.22
1.284	20.48	35.22
1.284	20.46	35.22
1.284	20.45	35.22
1.284	20.42	35.22
1.284	20.42	35.22
1.284	20.42	35.22
1.284	20.43	35.22
1.284	20.44	35.22
1.284	20.44	35.22
1.284	20.44	35.22
1.284	20.46	35.21
1.285	20.46	35.21
1.285	20.45	35.21
1.285	20.46	35.21
1.285	20.47	35.21
1.285	20.44	35.21
1.285	20.42	35.21
1.285	20.40	35.21
1.285	20.39	35.21
1.285	20.40	35.21
1.285	20.41	35.21
1.285	20.41	35.21
1.286	20.42	35.21
1.286	20.41	35.21
1.286	20.40	35.21
1.286	20.39	35.21
1.286	20.38	35.21
1.286	20.37	35.21
1.286	20.35	35.21
1.287	20.35	35.21
1.287	20.33	35.21
1.287	20.35	35.21
1.287	20.37	35.21
1.287	20.36	35.21
1.287	20.32	35.21
1.287	20.32	35.21
1.287	20.31	35.21
1.287	20.30	35.21
1.288	20.31	35.21
1.288	20.32	35.21
1.288	20.34	35.21
1.288	20.36	35.21
1.288	20.35	35.21
1.289	20.34	35.21
1.289	20.33	35.21
1.289	20.35	35.21
1.289	20.36	35.21
1.289	20.35	35.21
1.289	20.35	35.21
1.289	20.34	35.21
1.289	20.34	35.21
1.289	20.33	35.21
1.290	20.33	35.21
1.290	20.33	35.21
1.290	20.32	35.21
1.290	20.31	35.21
1.290	20.32	35.21
1.290	20.33	35.21
1.290	20.32	35.21
1.290	20.33	35.21
1.290	20.31	35.21
1.290	20.32	35.21
1.290	20.30	35.21
1.290	20.31	35.21
1.290	20.32	35.21
1.290	20.33	35.21
1.290	20.33	35.21
1.291	20.33	35.21
1.291	20.33	35.21
1.291	20.33	35.21
1.291	20.33	35.21
1.291	20.35	35.21
1.291	20.36	35.21
1.291	20.36	35.21
1.291	20.37	35.21
1.291	20.37	35.21
1.291	20.37	35.21
1.291	20.37	35.21
1.291	20.37	35.21
1.291	20.38	35.21
1.291	20.37	35.21
1.291	20.38	35.21
1.291	20.38	35.21
1.291	20.36	35.21
1.291	20.33	35.21
1.291	20.33	35.21
1.291	20.33	35.21
1.291	20.33	35.21
1.291	20.33	35.21
1.291	20.33	35.20
1.291	20.34	35.20
1.292	20.35	35.20
1.292	20.35	35.20
1.292	20.35	35.20
1.292	20.34	35.20
1.292	20.33	35.20
1.292	20.33	35.20
1.292	20.33	35.20
1.292	20.33	35.20
1.292	20.33	35.20
1.292	20.32	35.20
1.292	20.31	35.20
1.292	20.32	35.20
1.293	20.30	35.20
1.293	20.26	35.20
1.293	20.32	35.20
1.293	20.32	35.20
1.293	20.33	35.20
1.293	20.32	35.20
1.293	20.31	35.20
1.294	20.31	35.20
1.294	20.31	35.20
1.294	20.30	35.20
1.294	20.30	35.20
1.294	20.31	35.20
1.294	20.31	35.20
1.294	20.31	35.20
1.295	20.30	35.20
1.295	20.29	35.20
1.295	20.28	35.20
1.295	20.25	35.20
1.295	20.25	35.20
1.295	20.24	35.20
1.295	20.24	35.20
1.296	20.24	35.20
1.296	20.24	35.20
1.296	20.22	35.20
1.296	20.19	35.20
1.296	20.19	35.20
1.296	20.18	35.20
1.296	20.17	35.20
1.296	20.16	35.20
1.297	20.13	35.20
1.297	20.12	35.20
1.297	20.11	35.20
1.297	20.10	35.20
1.297	20.10	35.20
1.297	20.07	35.20
1.298	20.07	35.20
1.298	20.08	35.20
1.298	20.07	35.20
1.299	20.09	35.20
1.299	20.09	35.20
1.299	20.11	35.20
1.299	20.15	35.20
1.299	20.15	35.20
1.300	20.15	35.20
1.300	20.15	35.20
1.300	20.15	35.20
1.300	20.15	35.20
1.300	20.15	35.20
1.300	20.15	35.20
1.301	20.15	35.20
1.301	20.15	35.20
1.301	20.16	35.20
1.301	20.16	35.20
1.301	20.18	35.20
1.301	20.15	35.20
1.301	20.11	35.20
1.301	20.08	35.20
1.301	20.08	35.20
1.301	20.07	35.20
1.301	20.08	35.20
1.302	20.07	35.20
1.302	20.08	35.20
1.302	20.07	35.20
1.302	20.08	35.20
1.302	20.09	35.20
1.302	20.09	35.20
1.302	20.09	35.20
1.302	20.06	35.20
1.302	20.06	35.20
1.302	20.04	35.20
1.303	20.09	35.20
1.303	20.09	35.20
1.303	20.06	35.20
1.303	20.01	35.20
1.303	19.87	35.20
1.304	19.65	35.20
1.304	19.67	35.20
1.304	19.79	35.20
1.304	19.88	35.19
1.304	19.79	35.20
1.305	19.86	35.19
1.305	19.80	35.20
1.305	19.95	35.19
1.305	19.98	35.19
1.306	20.02	35.19
1.306	20.02	35.19
1.306	20.05	35.19
1.306	20.03	35.19
1.306	20.00	35.19
1.307	20.00	35.19
1.307	20.01	35.19
1.307	20.01	35.19
1.307	20.01	35.19
1.307	20.03	35.19
1.307	20.05	35.19
1.307	20.07	35.19
1.307	20.03	35.19
1.307	20.03	35.19
1.307	20.03	35.19
1.307	20.04	35.19
1.307	20.03	35.19
1.307	20.02	35.19
1.307	20.02	35.19
1.307	20.02	35.19
1.308	20.02	35.19
1.308	20.03	35.19
1.308	20.03	35.19
1.308	20.03	35.19
1.308	20.04	35.19
1.308	20.00	35.19
1.308	19.93	35.19
1.308	19.94	35.19
1.308	19.97	35.19
1.308	19.96	35.19
1.308	19.93	35.19
1.308	19.93	35.19
1.309	19.92	35.19
1.309	19.94	35.19
1.309	19.97	35.19
1.309	19.99	35.19
1.309	19.99	35.19
1.310	19.99	35.19
1.310	19.98	35.19
1.310	19.99	35.19
1.310	19.97	35.19
1.310	19.95	35.19
1.311	19.96	35.19
1.311	20.01	35.19
1.311	20.01	35.19
1.311	20.03	35.19
1.311	20.03	35.19
1.311	20.03	35.19
1.311	20.02	35.19
1.311	20.01	35.19
1.312	20.00	35.19
1.312	20.00	35.19
1.312	19.99	35.19
1.312	19.96	35.19
1.312	19.93	35.19
1.312	19.94	35.19
1.312	19.92	35.19
1.312	19.92	35.19
1.313	19.92	35.19
1.313	19.94	35.19
1.313	19.96	35.19
1.313	19.94	35.19
1.313	19.93	35.19
1.313	19.92	35.19
1.313	19.94	35.19
1.314	19.94	35.19
1.314	19.92	35.19
1.314	19.91	35.19
1.314	19.87	35.19
1.314	19.86	35.19
1.314	19.84	35.19
1.315	19.83	35.19
1.315	19.82	35.19
1.315	19.83	35.19
1.315	19.85	35.19
1.315	19.84	35.19
1.316	19.86	35.19
1.316	19.85	35.19
1.316	19.86	35.19
1.316	19.87	35.19
1.316	19.86	35.19
1.317	19.85	35.19
1.317	19.85	35.19
1.317	19.85	35.19
1.317	19.84	35.19
1.317	19.84	35.19
1.317	19.84	35.19
1.317	19.84	35.19
1.317	19.85	35.19
1.318	19.85	35.19
1.318	19.83	35.19
1.318	19.82	35.19
1.318	19.80	35.19
1.318	19.82	35.19
1.318	19.82	35.19
1.318	19.80	35.19
1.319	19.78	35.19
1.319	19.78	35.18
1.319	19.77	35.19
1.319	19.80	35.19
1.319	19.79	35.19
1.319	19.78	35.18
1.319	19.79	35.18
1.320	19.80	35.18
1.320	19.80	35.18
1.320	19.82	35.18
1.320	19.82	35.18
1.320	19.82	35.18
1.320	19.82	35.18
1.321	19.83	35.18
1.321	19.83	35.18
1.321	19.83	35.18
1.321	19.83	35.18
1.321	19.82	35.18
1.322	19.82	35.18
1.322	19.83	35.18
1.322	19.83	35.18
1.322	19.82	35.18
1.322	19.80	35.18
1.323	19.80	35.18
1.323	19.80	35.18
1.323	19.81	35.18
1.323	19.83	35.18
1.323	19.82	35.18
1.324	19.82	35.18
1.324	19.82	35.18
1.324	19.81	35.18
1.324	19.80	35.18
1.324	19.80	35.18
1.325	19.81	35.18
1.325	19.80	35.18
1.325	19.80	35.18
1.325	19.79	35.18
1.325	19.79	35.18
1.326	19.78	35.18
1.326	19.77	35.18
1.326	19.77	35.18
1.326	19.77	35.18
1.326	19.76	35.18
1.326	19.76	35.18
1.326	19.76	35.18
1.326	19.75	35.18
1.327	19.77	35.18
1.327	19.77	35.18
1.327	19.77	35.18
1.327	19.77	35.18
1.327	19.76	35.18
1.327	19.77	35.18
1.327	19.76	35.18
1.327	19.76	35.18
1.327	19.75	35.18
1.327	19.75	35.18
1.327	19.75	35.18
1.327	19.76	35.18
1.327	19.73	35.18
1.327	19.72	35.18
1.327	19.72	35.18
1.328	19.71	35.18
1.328	19.70	35.18
1.328	19.66	35.18
1.329	19.61	35.18
1.329	19.62	35.18
1.329	19.63	35.18
1.330	19.63	35.18
1.330	19.62	35.18
1.330	19.62	35.18
1.330	19.61	35.18
1.330	19.62	35.18
1.331	19.59	35.18
1.331	19.58	35.18
1.331	19.57	35.18
1.331	19.55	35.18
1.332	19.55	35.18
1.332	19.57	35.18
1.332	19.57	35.18
1.333	19.59	35.18
1.333	19.56	35.18
1.333	19.59	35.18
1.333	19.59	35.18
1.334	19.61	35.18
1.334	19.60	35.18
1.334	19.61	35.18
1.334	19.55	35.18
1.334	19.53	35.18
1.334	19.54	35.18
1.335	19.55	35.18
1.335	19.56	35.18
1.335	19.55	35.18
1.335	19.55	35.18
1.336	19.54	35.18
1.336	19.54	35.18
1.336	19.54	35.18
1.336	19.54	35.18
1.337	19.54	35.17
1.337	19.53	35.18
1.337	19.52	35.18
1.337	19.51	35.17
1.337	19.49	35.17
1.338	19.52	35.17
1.338	19.53	35.17
1.338	19.55	35.17
1.338	19.55	35.17
1.338	19.55	35.17
1.338	19.50	35.17
1.338	19.50	35.17
1.338	19.51	35.17
1.338	19.50	35.17
1.338	19.49	35.17
1.338	19.51	35.17
1.338	19.52	35.17
1.338	19.51	35.17
1.338	19.49	35.17
1.338	19.51	35.17
1.338	19.52	35.17
1.339	19.52	35.17
1.339	19.51	35.17
1.339	19.52	35.17
1.339	19.52	35.17
1.339	19.52	35.17
1.339	19.50	35.17
1.339	19.49	35.17
1.340	19.50	35.17
1.340	19.50	35.17
1.340	19.50	35.17
1.340	19.50	35.17
1.340	19.48	35.17
1.340	19.48	35.17
1.340	19.49	35.17
1.340	19.49	35.17
1.340	19.49	35.17
1.341	19.50	35.17
1.341	19.49	35.17
1.341	19.49	35.17
1.341	19.50	35.17
1.341	19.49	35.17
1.341	19.49	35.17
1.341	19.49	35.17
1.341	19.49	35.17
1.341	19.49	35.17
1.342	19.48	35.17
1.342	19.48	35.17
1.342	19.45	35.17
1.342	19.43	35.17
1.342	19.41	35.17
1.343	19.44	35.17
1.343	19.43	35.17
1.343	19.42	35.17
1.344	19.45	35.17
1.344	19.44	35.17
1.344	19.45	35.17
1.344	19.44	35.17
1.345	19.42	35.17
1.345	19.42	35.17
1.345	19.39	35.17
1.345	19.40	35.17
1.345	19.36	35.17
1.346	19.32	35.17
1.346	19.34	35.17
1.347	19.34	35.17
1.347	19.33	35.17
1.347	19.33	35.17
1.347	19.31	35.17
1.348	19.29	35.17
1.348	19.30	35.17
1.348	19.31	35.17
1.349	19.29	35.17
1.349	19.28	35.17
1.349	19.31	35.17
1.350	19.33	35.17
1.350	19.35	35.17
1.350	19.36	35.17
1.350	19.37	35.17
1.350	19.38	35.17
1.351	19.37	35.17
1.351	19.36	35.17
1.351	19.36	35.17
1.351	19.35	35.17
1.352	19.36	35.17
1.352	19.35	35.17
1.352	19.34	35.17
1.352	19.32	35.17
1.352	19.25	35.17
1.353	19.30	35.17
1.353	19.34	35.17
1.353	19.34	35.17
1.353	19.34	35.17
1.353	19.32	35.17
1.353	19.32	35.17
1.354	19.31	35.17
1.354	19.31	35.17
1.354	19.31	35.17
1.355	19.31	35.17
1.355	19.30	35.17
1.355	19.28	35.17
1.356	19.28	35.17
1.356	19.25	35.17
1.356	19.28	35.17
1.356	19.25	35.17
1.357	19.27	35.17
1.357	19.25	35.17
1.357	19.27	35.17
1.357	19.27	35.17
1.357	19.25	35.17
1.357	19.24	35.17
1.357	19.23	35.17
1.357	19.20	35.17
1.358	19.17	35.17
1.358	19.16	35.17
1.358	19.15	35.17
1.358	19.14	35.17
1.359	19.14	35.17
1.359	19.10	35.17
1.359	19.08	35.17
1.359	19.06	35.17
1.359	19.05	35.17
1.359	19.05	35.17
1.360	19.07	35.17
1.360	19.08	35.17
1.360	19.11	35.17
1.360	19.11	35.17
1.360	19.10	35.17
1.360	19.08	35.17
1.360	19.05	35.17
1.361	19.07	35.17
1.361	19.07	35.17
1.361	19.04	35.17
1.361	18.97	35.17
1.361	18.81	35.17
1.361	18.22	35.17
1.362	18.56	35.17
1.362	18.97	35.17
1.362	18.99	35.17
1.362	18.96	35.17
1.362	18.81	35.17
1.363	18.63	35.17
1.363	19.03	35.17
1.363	19.04	35.17
1.363	19.03	35.17
1.363	18.95	35.17
1.364	18.98	35.17
1.364	19.03	35.17
1.364	19.03	35.17
1.364	19.02	35.17
1.365	19.03	35.17
1.365	18.93	35.17
1.365	19.01	35.17
1.365	19.05	35.17
1.365	19.04	35.17
1.365	19.01	35.17
1.365	18.90	35.17
1.365	18.99	35.17
1.365	18.93	35.17
1.365	18.78	35.17
1.366	18.87	35.17
1.366	18.98	35.16
1.366	19.01	35.16
1.366	19.00	35.16
1.366	19.01	35.16
1.367	19.00	35.16
1.367	18.96	35.16
1.367	18.96	35.16
1.367	18.96	35.16
1.367	18.97	35.16
1.368	18.99	35.16
1.368	18.98	35.16
1.368	18.98	35.16
1.368	19.00	35.16
1.368	18.99	35.16
1.368	18.98	35.16
1.368	18.98	35.16
1.368	18.97	35.16
1.368	18.96	35.16
1.369	18.97	35.16
1.369	18.98	35.16
1.369	19.01	35.16
1.369	19.02	35.16
1.369	19.02	35.16
1.369	18.99	35.16
1.370	19.01	35.16
1.370	19.00	35.16
1.370	19.00	35.16
1.370	18.99	35.16
1.370	18.98	35.16
1.371	18.99	35.16
1.371	19.01	35.16
1.371	19.01	35.16
1.371	19.01	35.16
1.371	19.00	35.16
1.371	18.99	35.16
1.371	18.98	35.16
1.372	18.99	35.16
1.372	18.99	35.16
1.372	18.99	35.16
1.372	18.99	35.16
1.372	18.99	35.16
1.372	18.99	35.16
1.372	18.98	35.16
1.372	19.00	35.16
1.373	19.00	35.16
1.373	19.02	35.16
1.373	19.03	35.16
1.373	19.02	35.16
1.373	19.02	35.16
1.373	19.03	35.16
1.373	19.02	35.16
1.374	19.02	35.16
1.374	19.02	35.16
1.374	19.02	35.16
1.374	19.02	35.16
1.374	19.02	35.16
1.374	19.02	35.16
1.374	19.01	35.16
1.374	19.02	35.16
1.374	19.02	35.16
1.374	18.98	35.16
1.374	18.97	35.16
1.374	18.98	35.16
1.374	18.98	35.16
1.374	18.97	35.16
1.374	18.96	35.16
1.374	18.95	35.16
1.374	18.94	35.16
1.374	18.96	35.16
1.374	18.96	35.16
1.374	18.98	35.16
1.375	18.97	35.16
1.375	18.96	35.16
1.375	18.97	35.16
1.375	18.96	35.16
1.375	18.96	35.16
1.375	18.97	35.16
1.375	18.98	35.16
1.375	19.00	35.16
1.375	19.00	35.16
1.375	18.96	35.16
1.375	18.96	35.16
1.375	18.96	35.16
1.375	18.95	35.16
1.375	18.94	35.16
1.375	18.96	35.16
1.375	18.96	35.16
1.375	18.96	35.16
1.375	18.95	35.16
1.375	18.93	35.16
1.375	18.91	35.16
1.375	18.93	35.16
1.376	18.91	35.16
1.376	18.92	35.16
1.376	18.91	35.16
1.376	18.91	35.16
1.376	18.92	35.16
1.376	18.92	35.16
1.376	18.89	35.16
1.377	18.87	35.16
1.377	18.86	35.16
1.377	18.88	35.16
1.377	18.88	35.16
1.377	18.88	35.16
1.378	18.88	35.16
1.378	18.88	35.16
1.378	18.87	35.16
1.378	18.87	35.16
1.378	18.87	35.16
1.378	18.87	35.16
1.378	18.89	35.16
1.378	18.90	35.16
1.379	18.89	35.16
1.379	18.88	35.16
1.379	18.89	35.16
1.379	18.88	35.16
1.379	18.88	35.16
1.379	18.88	35.16
1.380	18.87	35.16
1.380	18.87	35.16
1.380	18.87	35.16
1.380	18.87	35.16
1.380	18.87	35.16
1.380	18.86	35.16
1.380	18.84	35.16
1.380	18.82	35.16
1.380	18.80	35.16
1.380	18.80	35.16
1.381	18.83	35.16
1.381	18.83	35.16
1.381	18.83	35.16
1.381	18.87	35.16
1.381	18.88	35.16
1.381	18.88	35.16
1.381	18.88	35.16
1.381	18.89	35.16
1.382	18.89	35.16
1.381	18.89	35.16
1.382	18.88	35.16
1.382	18.87	35.16
1.382	18.88	35.16
1.382	18.88	35.16
1.382	18.88	35.16
1.382	18.88	35.16
1.382	18.88	35.16
1.382	18.88	35.16
1.382	18.89	35.16
1.382	18.88	35.16
1.382	18.88	35.16
1.382	18.89	35.16
1.382	18.89	35.16
1.382	18.88	35.16
1.383	18.89	35.16
1.383	18.89	35.16
1.383	18.89	35.16
1.383	18.87	35.16
1.383	18.88	35.16
1.383	18.87	35.16
1.383	18.87	35.16
1.383	18.88	35.16
1.383	18.87	35.16
1.383	18.87	35.16
1.383	18.87	35.16
1.383	18.88	35.16
1.383	18.87	35.16
1.383	18.87	35.16
1.384	18.86	35.16
1.384	18.87	35.16
1.384	18.88	35.16
1.384	18.87	35.16
1.384	18.87	35.16
1.384	18.87	35.16
1.385	18.87	35.16
1.385	18.87	35.16
1.385	18.87	35.16
1.385	18.88	35.16
1.385	18.88	35.16
1.385	18.88	35.16
1.385	18.88	35.16
1.385	18.88	35.16
1.385	18.88	35.16
1.386	18.88	35.16
1.386	18.88	35.16
1.386	18.88	35.16
1.386	18.88	35.16
1.386	18.88	35.16
1.386	18.88	35.16
1.386	18.87	35.16
1.386	18.87	35.16
1.386	18.86	35.16
1.386	18.86	35.16
1.386	18.84	35.16
1.386	18.84	35.16
1.386	18.84	35.16
1.386	18.83	35.16
1.386	18.83	35.16
1.387	18.83	35.16
1.387	18.83	35.16
1.387	18.83	35.16
1.387	18.83	35.16
1.387	18.82	35.16
1.387	18.81	35.16
1.387	18.82	35.16
1.387	18.81	35.16
1.387	18.82	35.16
1.387	18.83	35.16
1.387	18.83	35.16
1.388	18.82	35.16
1.388	18.80	35.16
1.388	18.80	35.16
1.388	18.79	35.15
1.388	18.81	35.15
1.388	18.81	35.16
1.388	18.80	35.15
1.388	18.80	35.15
1.388	18.79	35.15
1.388	18.79	35.15
1.388	18.80	35.15
1.389	18.80	35.15
1.389	18.80	35.15
1.389	18.79	35.15
1.389	18.80	35.15
1.389	18.80	35.15
1.389	18.80	35.15
1.389	18.80	35.15
1.389	18.78	35.15
1.389	18.77	35.15
1.389	18.77	35.15
1.390	18.75	35.15
1.390	18.74	35.15
1.390	18.72	35.15
1.391	18.71	35.15
1.391	18.72	35.15
1.391	18.71	35.15
1.391	18.69	35.15
1.392	18.70	35.15
1.392	18.70	35.15
1.392	18.69	35.15
1.392	18.68	35.15
1.392	18.68	35.15
1.392	18.68	35.15
1.392	18.67	35.15
1.392	18.68	35.15
1.392	18.70	35.15
1.393	18.70	35.15
1.393	18.70	35.15
1.393	18.67	35.15
1.393	18.66	35.15
1.393	18.66	35.15
1.393	18.68	35.15
1.393	18.68	35.15
1.393	18.66	35.15
1.394	18.64	35.15
1.394	18.64	35.15
1.394	18.66	35.15
1.394	18.65	35.15
1.394	18.65	35.15
1.394	18.67	35.15
1.394	18.66	35.15
1.394	18.64	35.15
1.394	18.65	35.15
1.394	18.62	35.15
1.394	18.65	35.15
1.394	18.65	35.15
1.394	18.64	35.15
1.395	18.65	35.15
1.395	18.63	35.15
1.395	18.62	35.15
1.395	18.64	35.15
1.395	18.66	35.15
1.395	18.66	35.15
1.395	18.67	35.15
1.395	18.67	35.15
1.395	18.67	35.15
1.395	18.68	35.15
1.395	18.68	35.15
1.395	18.68	35.15
1.395	18.68	35.15
1.395	18.69	35.15
1.395	18.66	35.15
1.395	18.63	35.15
1.395	18.65	35.15
1.395	18.65	35.15
1.395	18.65	35.15
1.395	18.66	35.15
1.395	18.67	35.15
1.395	18.67	35.15
1.395	18.66	35.15
1.395	18.65	35.15
1.395	18.65	35.15
1.395	18.65	35.15
1.396	18.65	35.15
1.396	18.64	35.15
1.396	18.64	35.15
1.396	18.63	35.15
1.396	18.61	35.15
1.396	18.61	35.15
1.396	18.61	35.15
1.396	18.61	35.15
1.396	18.62	35.15
1.397	18.62	35.15
1.397	18.62	35.15
1.397	18.61	35.15
1.397	18.59	35.15
1.397	18.41	35.15
1.397	18.38	35.15
1.397	18.39	35.15
1.397	18.52	35.15
1.397	18.61	35.15
1.398	18.60	35.15
1.398	18.52	35.15
1.398	18.42	35.15
1.398	18.51	35.15
1.398	18.56	35.15
1.398	18.58	35.15
1.398	18.54	35.15
1.398	18.59	35.15
1.398	18.60	35.15
1.398	18.60	35.15
1.398	18.61	35.15
1.398	18.62	35.15
1.398	18.62	35.15
1.398	18.62	35.15
1.399	18.63	35.15
1.399	18.62	35.15
1.399	18.61	35.15
1.399	18.61	35.15
1.399	18.60	35.15
1.399	18.59	35.15
1.399	18.59	35.14
1.399	18.59	35.15
1.399	18.58	35.15
1.399	18.58	35.14
1.399	18.58	35.15
1.399	18.59	35.14
1.399	18.60	35.14
1.400	18.60	35.14
1.400	18.59	35.14
1.400	18.58	35.14
1.400	18.58	35.14
1.400	18.60	35.14
1.400	18.61	35.14
1.400	18.61	35.14
1.400	18.62	35.14
1.400	18.62	35.14
1.400	18.62	35.14
1.400	18.60	35.14
1.400	18.59	35.14
1.400	18.62	35.14
1.400	18.60	35.14
1.400	18.59	35.14
1.401	18.60	35.14
1.401	18.60	35.14
1.401	18.59	35.14
1.401	18.59	35.14
1.401	18.58	35.14
1.401	18.58	35.14
1.401	18.59	35.14
1.401	18.58	35.14
1.401	18.57	35.14
1.401	18.57	35.14
1.402	18.57	35.14
1.402	18.55	35.14
1.402	18.55	35.14
1.402	18.55	35.14
1.402	18.56	35.14
1.402	18.54	35.14
1.402	18.54	35.14
1.403	18.51	35.14
1.403	18.50	35.14
1.403	18.52	35.14
1.403	18.54	35.14
1.403	18.57	35.14
1.404	18.59	35.14
1.404	18.58	35.14
1.404	18.59	35.14
1.404	18.58	35.14
1.404	18.57	35.14
1.404	18.59	35.14
1.404	18.57	35.14
1.405	18.56	35.14
1.405	18.55	35.14
1.405	18.55	35.14
1.405	18.55	35.14
1.405	18.56	35.14
1.405	18.56	35.14
1.405	18.56	35.14
1.405	18.57	35.14
1.405	18.56	35.14
1.405	18.56	35.14
1.405	18.56	35.14
1.405	18.57	35.14
1.405	18.56	35.14
1.405	18.56	35.14
1.405	18.57	35.14
1.405	18.57	35.14
1.405	18.58	35.14
1.405	18.58	35.14
1.405	18.58	35.14
1.405	18.57	35.14
1.405	18.57	35.14
1.405	18.57	35.14
1.405	18.57	35.14
1.405	18.58	35.14
1.405	18.57	35.14
1.405	18.58	35.14
1.405	18.57	35.14
1.405	18.57	35.14
1.405	18.57	35.14
1.405	18.57	35.14
1.405	18.57	35.14
1.405	18.56	35.14
1.406	18.55	35.14
1.406	18.55	35.14
1.406	18.57	35.14
1.406	18.58	35.14
1.406	18.57	35.14
1.406	18.56	35.14
1.406	18.56	35.14
1.406	18.54	35.14
1.406	18.54	35.14
1.407	18.53	35.14
1.407	18.54	35.14
1.407	18.54	35.14
1.407	18.53	35.14
1.407	18.53	35.14
1.407	18.53	35.14
1.407	18.53	35.14
1.407	18.52	35.14
1.407	18.52	35.14
1.407	18.52	35.14
1.408	18.51	35.14
1.408	18.51	35.14
1.408	18.50	35.14
1.408	18.50	35.14
1.408	18.50	35.14
1.408	18.51	35.14
1.408	18.49	35.14
1.408	18.49	35.14
1.408	18.49	35.14
1.409	18.48	35.14
1.409	18.48	35.14
1.409	18.48	35.14
1.409	18.48	35.14
1.409	18.49	35.14
1.409	18.49	35.14
1.409	18.48	35.14
1.409	18.48	35.14
1.409	18.48	35.14
1.409	18.46	35.14
1.410	18.46	35.14
1.410	18.45	35.14
1.410	18.44	35.14
1.410	18.42	35.14
1.410	18.36	35.14
1.410	18.41	35.14
1.410	18.38	35.14
1.411	18.40	35.14
1.411	18.43	35.14
1.411	18.44	35.13
1.412	18.45	35.14
1.412	18.46	35.13
1.412	18.46	35.13
1.412	18.45	35.13
1.412	18.46	35.13
1.413	18.46	35.13
1.413	18.46	35.13
1.413	18.46	35.13
1.413	18.45	35.13
1.413	18.44	35.13
1.413	18.45	35.13
1.413	18.45	35.13
1.413	18.45	35.13
1.414	18.44	35.13
1.414	18.44	35.13
1.414	18.44	35.13
1.414	18.44	35.13
1.414	18.45	35.13
1.414	18.45	35.13
1.414	18.44	35.13
1.415	18.45	35.13
1.415	18.45	35.13
1.415	18.45	35.13
1.415	18.45	35.13
1.415	18.45	35.13
1.415	18.46	35.13
1.416	18.46	35.13
1.416	18.46	35.13
1.416	18.46	35.13
1.416	18.46	35.13
1.416	18.46	35.13
1.416	18.46	35.13
1.416	18.46	35.13
1.416	18.46	35.13
1.416	18.46	35.13
1.416	18.45	35.13
1.416	18.44	35.13
1.416	18.43	35.13
1.416	18.43	35.13
1.417	18.42	35.13
1.417	18.42	35.13
1.417	18.41	35.13
1.417	18.40	35.13
1.417	18.40	35.13
1.417	18.39	35.13
1.417	18.40	35.13
1.418	18.42	35.13
1.418	18.42	35.13
1.418	18.42	35.13
1.419	18.42	35.13
1.419	18.42	35.13
1.419	18.41	35.13
1.419	18.41	35.13
1.419	18.40	35.13
1.420	18.40	35.13
1.420	18.40	35.13
1.420	18.40	35.13
1.420	18.39	35.13
1.421	18.39	35.13
1.421	18.39	35.13
1.421	18.39	35.13
1.421	18.39	35.13
1.421	18.39	35.13
1.422	18.39	35.13
1.422	18.39	35.13
1.422	18.39	35.13
1.422	18.39	35.13
1.422	18.39	35.13
1.422	18.38	35.13
1.422	18.38	35.13
1.422	18.37	35.13
1.422	18.37	35.13
1.422	18.37	35.13
1.422	18.37	35.13
1.422	18.37	35.13
1.422	18.37	35.13
1.422	18.37	35.13
1.423	18.36	35.13
1.423	18.36	35.13
1.423	18.35	35.13
1.423	18.35	35.13
1.423	18.35	35.13
1.423	18.35	35.13
1.423	18.35	35.13
1.423	18.36	35.13
1.423	18.36	35.13
1.423	18.35	35.13
1.423	18.36	35.13
1.423	18.36	35.13
1.423	18.34	35.13
1.423	18.35	35.13
1.423	18.35	35.13
1.423	18.36	35.13
1.423	18.36	35.13
1.423	18.36	35.12
1.423	18.36	35.12
1.423	18.35	35.12
1.423	18.35	35.12
1.423	18.36	35.12
1.423	18.35	35.12
1.423	18.35	35.12
1.423	18.35	35.12
1.423	18.34	35.12
1.423	18.34	35.12
1.423	18.34	35.12
1.423	18.34	35.12
1.423	18.35	35.12
1.423	18.35	35.12
1.423	18.35	35.12
1.423	18.35	35.12
1.424	18.34	35.12
1.424	18.33	35.12
1.424	18.33	35.12
1.424	18.32	35.12
1.424	18.32	35.12
1.424	18.32	35.12
1.424	18.32	35.12
1.424	18.32	35.12
1.424	18.31	35.12
1.424	18.31	35.12
1.424	18.31	35.12
1.424	18.30	35.12
1.425	18.29	35.12
1.425	18.29	35.12
1.425	18.29	35.12
1.425	18.29	35.12
1.425	18.29	35.12
1.425	18.29	35.12
1.425	18.29	35.12
1.425	18.30	35.12
1.425	18.30	35.12
1.425	18.28	35.12
1.425	18.25	35.12
1.425	18.28	35.12
1.425	18.29	35.12
1.426	18.28	35.12
1.426	18.27	35.12
1.426	18.27	35.12
1.426	18.27	35.12
1.426	18.27	35.12
1.426	18.27	35.12
1.426	18.28	35.12
1.427	18.27	35.12
1.427	18.28	35.12
1.427	18.28	35.12
1.427	18.29	35.12
1.427	18.29	35.12
1.427	18.29	35.12
1.427	18.28	35.12
1.427	18.28	35.12
1.427	18.28	35.12
1.427	18.28	35.12
1.427	18.28	35.12
1.427	18.28	35.12
1.428	18.26	35.12
1.428	18.26	35.12
1.428	18.26	35.12
1.428	18.26	35.12
1.428	18.24	35.12
1.428	18.24	35.12
1.428	18.24	35.12
1.428	18.25	35.12
1.428	18.26	35.12
1.429	18.26	35.12
1.429	18.26	35.12
1.429	18.26	35.12
1.430	18.26	35.12
1.430	18.27	35.12
1.430	18.23	35.12
1.430	18.22	35.12
1.430	18.23	35.12
1.430	18.24	35.12
1.431	18.24	35.12
1.431	18.23	35.12
1.431	18.24	35.12
1.432	18.24	35.12
1.432	18.23	35.12
1.432	18.23	35.12
1.432	18.23	35.12
1.432	18.23	35.11
1.432	18.22	35.12
1.433	18.21	35.11
1.433	18.21	35.11
1.433	18.20	35.12
1.433	18.20	35.11
1.433	18.20	35.11
1.433	18.19	35.11
1.434	18.19	35.11
1.434	18.20	35.11
1.434	18.19	35.11
1.434	18.18	35.11
1.434	18.17	35.11
1.434	18.16	35.11
1.435	18.13	35.11
1.435	18.11	35.11
1.435	18.13	35.11
1.435	18.15	35.11
1.435	18.16	35.11
1.436	18.16	35.11
1.436	18.17	35.11
1.436	18.18	35.11
1.436	18.18	35.11
1.436	18.19	35.11
1.436	18.20	35.11
1.436	18.21	35.11
1.436	18.21	35.11
1.437	18.21	35.11
1.437	18.21	35.11
1.437	18.21	35.11
1.437	18.21	35.11
1.437	18.21	35.11
1.437	18.21	35.11
1.437	18.20	35.11
1.437	18.18	35.11
1.437	18.18	35.11
1.438	18.17	35.11
1.438	18.17	35.11
1.438	18.17	35.11
1.438	18.17	35.11
1.438	18.16	35.11
1.438	18.16	35.11
1.439	18.16	35.11
1.439	18.17	35.11
1.439	18.17	35.11
1.439	18.17	35.11
1.439	18.17	35.11
1.439	18.17	35.11
1.439	18.17	35.11
1.439	18.17	35.11
1.439	18.17	35.11
1.439	18.17	35.11
1.439	18.15	35.11
1.439	18.13	35.11
1.439	18.13	35.11
1.439	18.13	35.11
1.439	18.13	35.11
1.440	18.12	35.11
1.440	18.13	35.11
1.440	18.12	35.11
1.440	18.12	35.11
1.440	18.12	35.11
1.441	18.12	35.11
1.441	18.12	35.11
1.441	18.12	35.11
1.441	18.10	35.11
1.441	18.09	35.11
1.441	18.08	35.11
1.441	18.07	35.11
1.442	18.06	35.11
1.442	18.05	35.11
1.442	18.04	35.11
1.442	18.02	35.11
1.442	18.01	35.11
1.442	18.01	35.11
1.442	18.01	35.11
1.443	18.01	35.11
1.443	18.01	35.11
1.443	18.01	35.11
1.443	18.01	35.11
1.443	18.01	35.11
1.443	18.01	35.11
1.443	18.01	35.11
1.443	18.01	35.11
1.444	18.00	35.11
1.444	17.99	35.11
1.444	17.99	35.11
1.444	17.99	35.11
1.444	17.99	35.11
1.444	18.00	35.11
1.445	18.00	35.11
1.445	18.00	35.11
1.445	18.00	35.11
1.445	18.00	35.11
1.446	18.00	35.11
1.446	17.99	35.11
1.446	18.00	35.11
1.447	18.00	35.11
1.447	18.00	35.11
1.447	18.00	35.11
1.448	17.99	35.10
1.448	17.99	35.10
1.448	17.99	35.10
1.448	17.99	35.10
1.449	17.99	35.10
1.449	18.00	35.10
1.449	18.00	35.10
1.450	17.99	35.10
1.450	17.99	35.10
1.450	17.98	35.10
1.451	17.98	35.10
1.451	17.98	35.10
1.451	17.97	35.10
1.451	17.95	35.10
1.452	17.94	35.10
1.452	17.93	35.10
1.452	17.94	35.10
1.452	17.94	35.10
1.452	17.94	35.10
1.452	17.95	35.10
1.452	17.95	35.10
1.452	17.95	35.10
1.452	17.94	35.10
1.452	17.94	35.10
1.452	17.94	35.10
1.452	17.94	35.10
1.452	17.94	35.10
1.452	17.94	35.10
1.452	17.94	35.10
1.452	17.96	35.10
1.453	17.96	35.10
1.453	17.95	35.10
1.453	17.93	35.10
1.453	17.91	35.10
1.454	17.90	35.10
1.454	17.89	35.10
1.454	17.88	35.10
1.454	17.87	35.10
1.455	17.86	35.10
1.455	17.86	35.10
1.455	17.85	35.10
1.455	17.85	35.10
1.456	17.85	35.10
1.456	17.85	35.10
1.456	17.84	35.10
1.456	17.84	35.10
1.457	17.84	35.10
1.457	17.84	35.10
1.457	17.83	35.10
1.457	17.83	35.10
1.457	17.83	35.10
1.458	17.83	35.10
1.458	17.82	35.10
1.458	17.81	35.10
1.458	17.81	35.10
1.458	17.80	35.10
1.459	17.80	35.10
1.459	17.80	35.10
1.459	17.79	35.10
1.460	17.79	35.10
1.460	17.79	35.10
1.460	17.79	35.10
1.460	17.79	35.10
1.460	17.79	35.10
1.460	17.79	35.10
1.461	17.79	35.10
1.461	17.79	35.10
1.461	17.78	35.10
1.461	17.78	35.10
1.462	17.78	35.10
1.462	17.78	35.10
1.462	17.78	35.10
1.462	17.78	35.10
1.462	17.78	35.10
1.463	17.78	35.10
1.463	17.78	35.10
1.463	17.78	35.10
1.462	17.78	35.10
1.462	17.78	35.10
1.462	17.78	35.10
1.462	17.77	35.10
1.462	17.77	35.10
1.463	17.77	35.10
1.463	17.77	35.10
1.463	17.77	35.10
1.463	17.77	35.10
1.463	17.76	35.10
1.464	17.76	35.10
1.464	17.75	35.10
1.464	17.74	35.10
1.465	17.73	35.10
1.465	17.73	35.10
1.466	17.73	35.10
1.466	17.73	35.10
1.466	17.73	35.10
1.467	17.73	35.10
1.467	17.73	35.10
1.467	17.72	35.10
1.467	17.72	35.10
1.467	17.72	35.10
1.468	17.72	35.10
1.468	17.71	35.10
1.468	17.71	35.10
1.468	17.71	35.10
1.468	17.71	35.10
1.469	17.70	35.10
1.469	17.70	35.10
1.469	17.70	35.10
1.469	17.69	35.10
1.469	17.69	35.10
1.470	17.69	35.10
1.470	17.68	35.10
1.470	17.68	35.10
1.471	17.67	35.10
1.471	17.67	35.10
1.471	17.66	35.10
1.472	17.66	35.10
1.472	17.66	35.10
1.472	17.66	35.10
1.472	17.66	35.10
1.473	17.65	35.10
1.473	17.65	35.10
1.473	17.65	35.10
1.474	17.65	35.10
1.474	17.64	35.10
1.475	17.64	35.10
1.475	17.64	35.10
1.475	17.63	35.10
1.475	17.62	35.10
1.476	17.62	35.10
1.476	17.62	35.10
1.476	17.61	35.10
1.476	17.60	35.10
1.477	17.60	35.10
1.477	17.60	35.10
1.477	17.60	35.10
1.478	17.59	35.10
1.478	17.59	35.10
1.479	17.58	35.10
1.479	17.57	35.09
1.479	17.57	35.09
1.480	17.56	35.09
1.480	17.55	35.09
1.481	17.54	35.09
1.481	17.54	35.09
1.482	17.54	35.09
1.482	17.53	35.09
1.482	17.53	35.09
1.483	17.51	35.09
1.483	17.51	35.09
1.483	17.50	35.09
1.484	17.49	35.09
1.484	17.49	35.09
1.485	17.49	35.09
1.485	17.49	35.09
1.485	17.48	35.09
1.486	17.48	35.09
1.486	17.47	35.09
1.486	17.46	35.09
1.486	17.46	35.09
1.487	17.46	35.09
1.487	17.45	35.09
1.487	17.45	35.09
1.488	17.44	35.09
1.488	17.44	35.09
1.488	17.44	35.09
1.489	17.43	35.09
1.489	17.42	35.09
1.489	17.42	35.09
1.489	17.42	35.09
1.490	17.42	35.09
1.490	17.41	35.09
1.490	17.41	35.09
1.491	17.40	35.09
1.491	17.40	35.09
1.491	17.39	35.09
1.492	17.39	35.09
1.492	17.39	35.09
1.492	17.39	35.09
1.492	17.38	35.09
1.492	17.38	35.09
1.493	17.38	35.09
1.493	17.38	35.09
1.493	17.37	35.09
1.493	17.37	35.09
1.493	17.36	35.09
1.494	17.36	35.09
1.494	17.35	35.09
1.494	17.35	35.09
1.494	17.35	35.09
1.495	17.34	35.09
1.495	17.34	35.09
1.495	17.34	35.09
1.495	17.33	35.09
1.495	17.33	35.09
1.496	17.32	35.09
1.496	17.31	35.09
1.497	17.31	35.09
1.497	17.31	35.09
1.497	17.30	35.09
1.498	17.30	35.09
1.498	17.29	35.09
1.498	17.29	35.09
1.499	17.29	35.09
1.499	17.29	35.09
1.499	17.28	35.09
1.500	17.26	35.09
1.500	17.25	35.09
1.500	17.27	35.09
1.500	17.27	35.09
1.500	17.25	35.09
1.501	17.27	35.09
1.501	17.25	35.09
1.501	17.25	35.09
1.501	17.26	35.09
1.501	17.27	35.09
1.501	17.27	35.09
1.502	17.27	35.09
1.502	17.26	35.09
1.502	17.26	35.09
1.503	17.26	35.09
1.503	17.26	35.09
1.503	17.25	35.09
1.503	17.25	35.09
1.504	17.25	35.09
1.504	17.25	35.09
1.504	17.24	35.09
1.504	17.24	35.09
1.504	17.25	35.09
1.504	17.24	35.09
1.505	17.24	35.09
1.505	17.24	35.09
1.505	17.24	35.09
1.505	17.24	35.09
1.506	17.24	35.09
1.506	17.24	35.09
1.506	17.23	35.09
1.506	17.23	35.09
1.506	17.23	35.09
1.507	17.22	35.09
1.507	17.22	35.09
1.507	17.22	35.09
1.507	17.22	35.09
1.507	17.22	35.09
1.507	17.22	35.09
1.507	17.21	35.09
1.507	17.21	35.09
1.508	17.21	35.09
1.508	17.21	35.09
1.508	17.20	35.09
1.508	17.19	35.09
1.509	17.19	35.09
1.509	17.19	35.09
1.509	17.19	35.09
1.509	17.19	35.09
1.509	17.19	35.09
1.510	17.19	35.09
1.510	17.19	35.09
1.510	17.19	35.09
1.510	17.18	35.09
1.510	17.18	35.09
1.510	17.18	35.09
1.511	17.17	35.09
1.511	17.16	35.09
1.511	17.16	35.09
1.512	17.16	35.09
1.512	17.15	35.09
1.512	17.15	35.09
1.513	17.15	35.09
1.513	17.15	35.09
1.513	17.14	35.09
1.513	17.14	35.09
1.513	17.14	35.09
1.514	17.13	35.09
1.514	17.13	35.09
1.515	17.13	35.09
1.515	17.13	35.09
1.515	17.13	35.09
1.515	17.12	35.09
1.515	17.12	35.09
1.516	17.11	35.09
1.516	17.11	35.09
1.516	17.10	35.09
1.517	17.09	35.09
1.517	17.09	35.09
1.518	17.09	35.09
1.518	17.08	35.09
1.519	17.07	35.09
1.519	17.06	35.09
1.519	17.06	35.09
1.520	17.06	35.09
1.520	17.06	35.09
1.520	17.05	35.09
1.521	17.05	35.09
1.521	17.04	35.09
1.521	17.02	35.09
1.522	17.03	35.09
1.522	17.03	35.09
1.522	17.03	35.09
1.522	17.02	35.09
1.523	17.01	35.09
1.523	17.01	35.08
1.523	17.00	35.08
1.524	17.00	35.08
1.524	16.99	35.08
1.524	16.99	35.08
1.525	16.99	35.08
1.525	16.99	35.08
1.525	16.98	35.08
1.525	16.98	35.08
1.526	16.98	35.08
1.526	16.97	35.08
1.526	16.96	35.08
1.527	16.96	35.08
1.527	16.96	35.08
1.527	16.96	35.08
1.528	16.96	35.08
1.528	16.95	35.08
1.528	16.95	35.08
1.528	16.94	35.08
1.529	16.93	35.08
1.529	16.93	35.08
1.529	16.92	35.08
1.530	16.92	35.08
1.530	16.91	35.08
1.530	16.91	35.08
1.531	16.91	35.08
1.531	16.90	35.08
1.531	16.90	35.08
1.531	16.90	35.08
1.532	16.90	35.08
1.532	16.89	35.08
1.532	16.89	35.08
1.532	16.89	35.08
1.532	16.89	35.08
1.533	16.88	35.08
1.533	16.88	35.08
1.533	16.88	35.08
1.533	16.88	35.08
1.533	16.88	35.08
1.533	16.88	35.08
1.533	16.88	35.08
1.534	16.88	35.08
1.534	16.87	35.08
1.534	16.87	35.08
1.534	16.86	35.08
1.534	16.85	35.08
1.535	16.85	35.08
1.535	16.85	35.08
1.535	16.84	35.08
1.536	16.84	35.08
1.536	16.84	35.08
1.536	16.83	35.08
1.537	16.83	35.08
1.537	16.82	35.08
1.537	16.81	35.08
1.538	16.81	35.08
1.538	16.81	35.08
1.539	16.81	35.08
1.539	16.80	35.08
1.540	16.80	35.08
1.540	16.80	35.08
1.540	16.80	35.08
1.540	16.79	35.08
1.541	16.78	35.08
1.541	16.79	35.08
1.542	16.78	35.08
1.542	16.78	35.08
1.542	16.77	35.08
1.543	16.76	35.08
1.543	16.77	35.08
1.544	16.77	35.08
1.544	16.77	35.08
1.544	16.77	35.08
1.544	16.76	35.08
1.545	16.76	35.08
1.545	16.75	35.08
1.545	16.76	35.08
1.545	16.76	35.08
1.546	16.75	35.08
1.546	16.75	35.08
1.546	16.75	35.08
1.546	16.74	35.08
1.547	16.74	35.08
1.547	16.73	35.08
1.547	16.73	35.08
1.548	16.72	35.08
1.548	16.72	35.08
1.548	16.72	35.08
1.549	16.72	35.08
1.549	16.72	35.08
1.549	16.72	35.08
1.549	16.72	35.08
1.549	16.72	35.08
1.549	16.72	35.08
1.549	16.71	35.08
1.550	16.71	35.08
1.550	16.71	35.08
1.550	16.70	35.08
1.550	16.70	35.08
1.551	16.69	35.08
1.551	16.69	35.08
1.551	16.69	35.08
1.552	16.69	35.08
1.552	16.69	35.08
1.552	16.69	35.08
1.553	16.68	35.08
1.553	16.68	35.08
1.553	16.67	35.08
1.553	16.67	35.08
1.554	16.67	35.08
1.554	16.67	35.08
1.554	16.66	35.08
1.555	16.66	35.08
1.555	16.65	35.08
1.555	16.65	35.08
1.555	16.64	35.08
1.556	16.64	35.08
1.556	16.64	35.08
1.556	16.63	35.08
1.557	16.63	35.08
1.557	16.63	35.08
1.557	16.63	35.08
1.558	16.62	35.08
1.558	16.62	35.08
1.558	16.61	35.08
1.558	16.60	35.08
1.559	16.60	35.08
1.559	16.59	35.08
1.559	16.58	35.08
1.560	16.57	35.08
1.561	16.56	35.08
1.561	16.56	35.08
1.562	16.56	35.08
1.562	16.56	35.08
1.563	16.55	35.08
1.563	16.55	35.08
1.563	16.55	35.08
1.564	16.54	35.08
1.564	16.54	35.08
1.564	16.54	35.08
1.565	16.53	35.08
1.565	16.52	35.08
1.565	16.51	35.08
1.566	16.50	35.08
1.566	16.50	35.08
1.567	16.50	35.08
1.567	16.49	35.08
1.567	16.49	35.08
1.568	16.48	35.08
1.568	16.48	35.08
1.568	16.48	35.08
1.568	16.48	35.08
1.569	16.48	35.08
1.569	16.47	35.08
1.570	16.47	35.08
1.570	16.47	35.08
1.570	16.46	35.08
1.570	16.46	35.08
1.570	16.45	35.08
1.571	16.44	35.08
1.571	16.44	35.08
1.571	16.44	35.08
1.571	16.44	35.08
1.572	16.44	35.08
1.572	16.44	35.08
1.572	16.44	35.08
1.572	16.43	35.08
1.573	16.43	35.08
1.573	16.43	35.08
1.573	16.43	35.08
1.573	16.42	35.08
1.573	16.42	35.08
1.573	16.42	35.08
1.573	16.42	35.08
1.574	16.41	35.08
1.574	16.41	35.08
1.574	16.41	35.08
1.574	16.41	35.08
1.574	16.40	35.08
1.575	16.41	35.08
1.575	16.40	35.08
1.575	16.40	35.08
1.575	16.39	35.08
1.575	16.39	35.08
1.575	16.39	35.08
1.575	16.39	35.08
1.575	16.39	35.08
1.576	16.39	35.08
1.576	16.39	35.08
1.576	16.39	35.08
1.576	16.39	35.08
1.576	16.39	35.08
1.576	16.39	35.08
1.576	16.38	35.08
1.576	16.38	35.08
1.576	16.38	35.08
1.576	16.38	35.08
1.576	16.38	35.08
1.576	16.38	35.08
1.576	16.38	35.08
1.577	16.38	35.08
1.577	16.37	35.08
1.577	16.36	35.08
1.577	16.36	35.08
1.578	16.36	35.08
1.578	16.36	35.08
1.578	16.35	35.08
1.578	16.35	35.08
1.579	16.35	35.08
1.579	16.34	35.08
1.579	16.35	35.08
1.579	16.35	35.08
1.579	16.35	35.08
1.579	16.35	35.08
1.579	16.35	35.08
1.579	16.34	35.08
1.579	16.34	35.07
1.579	16.34	35.07
1.579	16.34	35.07
1.579	16.34	35.07
1.579	16.34	35.07
1.579	16.34	35.07
1.580	16.34	35.07
1.580	16.34	35.07
1.581	16.33	35.07
1.582	16.32	35.07
1.582	16.32	35.07
1.583	16.32	35.07
1.583	16.32	35.07
1.583	16.32	35.07
1.584	16.32	35.07
1.584	16.32	35.07
1.584	16.32	35.07
1.585	16.32	35.07
1.585	16.31	35.07
1.585	16.31	35.07
1.585	16.31	35.07
1.586	16.31	35.07
1.586	16.30	35.07
1.586	16.29	35.07
1.587	16.29	35.07
1.587	16.29	35.07
1.587	16.28	35.07
1.588	16.28	35.07
1.588	16.28	35.07
1.588	16.28	35.07
1.589	16.28	35.07
1.589	16.27	35.07
1.589	16.26	35.07
1.590	16.26	35.07
1.590	16.26	35.07
1.590	16.26	35.07
1.591	16.26	35.07
1.591	16.25	35.07
1.592	16.25	35.07
1.592	16.25	35.07
1.592	16.24	35.07
1.592	16.22	35.07
1.593	16.22	35.07
1.593	16.22	35.07
1.593	16.21	35.07
1.594	16.21	35.07
1.594	16.20	35.07
1.595	16.20	35.07
1.595	16.20	35.07
1.596	16.20	35.07
1.596	16.19	35.07
1.597	16.18	35.07
1.598	16.18	35.07
1.598	16.18	35.07
1.598	16.17	35.07
1.599	16.17	35.07
1.599	16.16	35.07
1.600	16.15	35.07
1.600	16.14	35.07
1.601	16.13	35.07
1.601	16.12	35.07
1.602	16.11	35.07
1.603	16.11	35.07
1.603	16.09	35.07
1.604	16.07	35.07
1.605	16.07	35.07
1.606	16.06	35.07
1.606	16.06	35.07
1.607	16.05	35.07
1.607	16.05	35.07
1.608	16.05	35.07
1.608	16.04	35.07
1.608	16.03	35.07
1.608	16.03	35.07
1.609	16.02	35.07
1.609	16.03	35.07
1.610	16.02	35.07
1.610	16.02	35.07
1.610	16.02	35.07
1.611	16.02	35.07
1.611	16.01	35.07
1.611	16.01	35.07
1.611	16.00	35.07
1.611	16.00	35.07
1.611	15.99	35.07
1.612	15.99	35.07
1.612	15.99	35.07
1.612	15.98	35.07
1.612	15.98	35.07
1.612	15.98	35.07
1.613	15.98	35.06
1.613	15.98	35.06
1.613	15.98	35.06
1.613	15.98	35.06
1.612	15.98	35.06
1.612	15.98	35.06
1.612	15.98	35.06
1.612	15.98	35.06
1.612	15.98	35.06
1.612	15.98	35.06
1.612	15.98	35.06
1.613	15.97	35.06
1.613	15.97	35.06
1.613	15.97	35.06
1.613	15.98	35.06
1.613	15.97	35.06
1.613	15.97	35.06
1.613	15.97	35.06
1.613	15.98	35.06
1.613	15.98	35.06
1.613	15.97	35.06
1.613	15.97	35.06
1.613	15.97	35.06
1.613	15.97	35.06
1.613	15.98	35.06
1.613	15.97	35.06
1.613	15.97	35.06
1.613	15.97	35.06
1.613	15.97	35.06
1.614	15.96	35.06
1.614	15.96	35.06
1.614	15.94	35.06
1.615	15.93	35.06
1.616	15.93	35.06
1.616	15.94	35.06
1.617	15.93	35.06
1.617	15.93	35.06
1.617	15.93	35.06
1.617	15.92	35.06
1.618	15.92	35.06
1.618	15.92	35.06
1.618	15.91	35.06
1.619	15.91	35.06
1.619	15.90	35.06
1.619	15.90	35.06
1.620	15.90	35.06
1.620	15.89	35.06
1.620	15.88	35.06
1.621	15.89	35.06
1.621	15.88	35.06
1.622	15.88	35.06
1.622	15.88	35.06
1.622	15.87	35.06
1.623	15.86	35.06
1.623	15.85	35.06
1.623	15.87	35.06
1.623	15.87	35.06
1.623	15.87	35.06
1.624	15.87	35.06
1.624	15.86	35.06
1.624	15.86	35.06
1.624	15.85	35.06
1.625	15.85	35.06
1.625	15.85	35.06
1.625	15.85	35.06
1.626	15.85	35.06
1.626	15.84	35.06
1.627	15.83	35.06
1.627	15.83	35.06
1.628	15.83	35.06
1.628	15.82	35.06
1.629	15.83	35.06
1.629	15.83	35.06
1.629	15.83	35.06
1.630	15.82	35.06
1.630	15.82	35.06
1.630	15.82	35.06
1.631	15.82	35.06
1.631	15.81	35.06
1.631	15.81	35.06
1.632	15.80	35.06
1.632	15.80	35.06
1.632	15.79	35.06
1.633	15.79	35.06
1.633	15.79	35.06
1.634	15.78	35.06
1.634	15.78	35.06
1.634	15.78	35.06
1.635	15.77	35.06
1.635	15.77	35.06
1.635	15.77	35.06
1.636	15.77	35.06
1.636	15.77	35.06
1.636	15.77	35.06
1.637	15.76	35.06
1.637	15.76	35.06
1.637	15.75	35.06
1.637	15.75	35.06
1.638	15.75	35.06
1.638	15.75	35.06
1.638	15.74	35.06
1.639	15.74	35.06
1.639	15.73	35.06
1.639	15.73	35.06
1.640	15.73	35.06
1.640	15.73	35.05
1.641	15.72	35.06
1.641	15.71	35.06
1.641	15.71	35.06
1.642	15.70	35.06
1.642	15.69	35.05
1.643	15.69	35.06
1.643	15.69	35.06
1.644	15.68	35.06
1.645	15.67	35.05
1.645	15.66	35.05
1.646	15.65	35.05
1.646	15.65	35.05
1.647	15.64	35.05
1.647	15.62	35.05
1.648	15.62	35.05
1.649	15.61	35.05
1.650	15.45	35.05
1.651	15.53	35.05
1.651	15.56	35.05
1.652	15.57	35.05
1.653	15.57	35.05
1.653	15.57	35.05
1.653	15.57	35.05
1.654	15.56	35.05
1.654	15.55	35.05
1.655	15.54	35.05
1.655	15.54	35.05
1.656	15.53	35.05
1.656	15.53	35.05
1.657	15.52	35.05
1.657	15.52	35.05
1.658	15.51	35.05
1.659	15.50	35.05
1.659	15.48	35.05
1.660	15.48	35.05
1.661	15.47	35.05
1.661	15.47	35.05
1.662	15.46	35.05
1.662	15.46	35.05
1.663	15.45	35.05
1.663	15.45	35.05
1.663	15.45	35.05
1.664	15.45	35.05
1.664	15.44	35.05
1.665	15.44	35.05
1.665	15.43	35.05
1.666	15.43	35.05
1.666	15.43	35.05
1.666	15.42	35.05
1.667	15.42	35.05
1.667	15.42	35.05
1.667	15.41	35.05
1.668	15.41	35.05
1.668	15.41	35.05
1.668	15.41	35.05
1.668	15.41	35.05
1.669	15.40	35.05
1.669	15.39	35.05
1.670	15.39	35.05
1.670	15.38	35.05
1.671	15.38	35.05
1.671	15.38	35.05
1.672	15.37	35.05
1.672	15.38	35.05
1.673	15.37	35.05
1.673	15.37	35.05
1.673	15.37	35.05
1.673	15.37	35.05
1.674	15.37	35.05
1.674	15.37	35.05
1.675	15.37	35.05
1.675	15.36	35.05
1.676	15.36	35.05
1.676	15.36	35.05
1.676	15.36	35.05
1.676	15.35	35.05
1.677	15.34	35.05
1.677	15.34	35.05
1.678	15.34	35.05
1.678	15.34	35.05
1.679	15.33	35.05
1.679	15.33	35.05
1.680	15.33	35.05
1.680	15.32	35.05
1.681	15.32	35.05
1.681	15.31	35.05
1.681	15.31	35.05
1.682	15.31	35.05
1.682	15.30	35.05
1.682	15.30	35.05
1.683	15.29	35.05
1.684	15.29	35.05
1.684	15.29	35.05
1.684	15.29	35.05
1.685	15.28	35.05
1.685	15.28	35.05
1.685	15.28	35.05
1.686	15.28	35.05
1.686	15.27	35.05
1.687	15.26	35.05
1.687	15.25	35.05
1.687	15.26	35.05
1.688	15.26	35.05
1.688	15.26	35.05
1.689	15.25	35.05
1.689	15.24	35.05
1.690	15.24	35.05
1.690	15.24	35.05
1.690	15.23	35.05
1.691	15.24	35.05
1.691	15.24	35.05
1.691	15.22	35.05
1.692	15.22	35.05
1.692	15.22	35.05
1.692	15.20	35.05
1.693	15.20	35.05
1.693	15.20	35.05
1.693	15.19	35.05
1.694	15.19	35.05
1.694	15.18	35.05
1.695	15.18	35.05
1.695	15.17	35.05
1.696	15.16	35.05
1.696	15.15	35.05
1.696	15.15	35.05
1.696	15.15	35.05
1.697	15.15	35.05
1.697	15.14	35.05
1.697	15.14	35.05
1.698	15.13	35.05
1.698	15.13	35.05
1.699	15.13	35.05
1.699	15.13	35.05
1.699	15.12	35.05
1.700	15.12	35.05
1.700	15.11	35.05
1.701	15.10	35.05
1.701	15.09	35.05
1.701	15.08	35.05
1.702	15.08	35.05
1.703	15.07	35.05
1.703	15.06	35.05
1.704	15.06	35.05
1.705	15.05	35.05
1.705	15.04	35.05
1.706	15.03	35.05
1.707	15.01	35.05
1.708	15.00	35.05
1.709	14.99	35.05
1.710	14.98	35.05
1.711	14.98	35.05
1.712	14.97	35.05
1.713	14.96	35.05
1.714	14.96	35.05
1.714	14.96	35.05
1.715	14.95	35.05
1.715	14.95	35.05
1.716	14.95	35.05
1.716	14.94	35.05
1.717	14.94	35.05
1.717	14.93	35.05
1.718	14.93	35.05
1.719	14.91	35.05
1.719	14.91	35.05
1.720	14.91	35.05
1.720	14.91	35.05
1.721	14.91	35.05
1.721	14.91	35.05
1.721	14.91	35.05
1.721	14.90	35.05
1.721	14.90	35.05
1.722	14.90	35.05
1.722	14.90	35.05
1.722	14.90	35.05
1.723	14.90	35.05
1.723	14.90	35.05
1.724	14.90	35.05
1.724	14.89	35.05
1.724	14.89	35.05
1.725	14.89	35.05
1.725	14.88	35.05
1.725	14.88	35.05
1.726	14.88	35.05
1.726	14.88	35.05
1.727	14.87	35.05
1.727	14.87	35.05
1.727	14.87	35.05
1.727	14.86	35.05
1.728	14.86	35.05
1.728	14.86	35.05
1.728	14.86	35.05
1.729	14.86	35.05
1.729	14.86	35.05
1.729	14.85	35.05
1.730	14.86	35.05
1.730	14.85	35.04
1.730	14.85	35.04
1.730	14.85	35.04
1.731	14.85	35.04
1.731	14.85	35.04
1.731	14.85	35.04
1.731	14.85	35.04
1.731	14.85	35.04
1.731	14.85	35.04
1.731	14.85	35.04
1.731	14.85	35.04
1.731	14.85	35.04
1.731	14.84	35.04
1.732	14.84	35.04
1.732	14.84	35.04
1.732	14.83	35.04
1.732	14.84	35.04
1.732	14.83	35.04
1.733	14.83	35.04
1.733	14.83	35.04
1.733	14.82	35.04
1.734	14.82	35.04
1.734	14.82	35.04
1.734	14.82	35.04
1.735	14.81	35.04
1.735	14.81	35.04
1.735	14.80	35.04
1.736	14.80	35.04
1.736	14.80	35.04
1.737	14.79	35.04
1.737	14.78	35.04
1.738	14.79	35.04
1.738	14.79	35.04
1.738	14.78	35.04
1.738	14.78	35.04
1.739	14.78	35.04
1.739	14.77	35.04
1.739	14.77	35.04
1.740	14.77	35.04
1.740	14.77	35.04
1.740	14.77	35.04
1.740	14.76	35.04
1.741	14.76	35.04
1.741	14.75	35.04
1.741	14.75	35.04
1.741	14.75	35.04
1.742	14.74	35.04
1.742	14.74	35.04
1.742	14.73	35.04
1.743	14.73	35.04
1.743	14.73	35.04
1.744	14.73	35.04
1.744	14.72	35.04
1.744	14.71	35.04
1.744	14.71	35.04
1.745	14.70	35.04
1.745	14.70	35.04
1.746	14.69	35.04
1.746	14.69	35.04
1.747	14.68	35.04
1.747	14.68	35.04
1.748	14.67	35.04
1.749	14.66	35.04
1.749	14.65	35.04
1.750	14.65	35.04
1.751	14.65	35.04
1.751	14.65	35.04
1.752	14.65	35.04
1.752	14.64	35.04
1.752	14.62	35.04
1.753	14.62	35.04
1.753	14.61	35.04
1.754	14.61	35.04
1.754	14.61	35.04
1.755	14.60	35.04
1.755	14.60	35.04
1.755	14.59	35.04
1.756	14.59	35.04
1.756	14.59	35.04
1.757	14.58	35.04
1.758	14.56	35.04
1.758	14.56	35.04
1.758	14.56	35.04
1.758	14.56	35.04
1.759	14.55	35.04
1.759	14.55	35.04
1.759	14.55	35.04
1.760	14.54	35.04
1.760	14.54	35.04
1.761	14.53	35.04
1.761	14.53	35.04
1.761	14.52	35.04
1.762	14.52	35.04
1.762	14.51	35.04
1.762	14.51	35.04
1.763	14.51	35.04
1.763	14.51	35.04
1.763	14.51	35.04
1.764	14.51	35.04
1.764	14.51	35.04
1.764	14.50	35.04
1.764	14.51	35.04
1.764	14.50	35.04
1.765	14.50	35.04
1.765	14.50	35.04
1.765	14.50	35.04
1.765	14.49	35.04
1.766	14.48	35.04
1.766	14.48	35.04
1.766	14.48	35.04
1.767	14.48	35.04
1.767	14.48	35.04
1.767	14.47	35.04
1.768	14.47	35.04
1.768	14.46	35.04
1.768	14.45	35.04
1.769	14.46	35.04
1.769	14.46	35.04
1.769	14.46	35.04
1.770	14.46	35.04
1.770	14.45	35.04
1.770	14.44	35.04
1.770	14.44	35.04
1.771	14.44	35.04
1.771	14.44	35.04
1.771	14.44	35.04
1.772	14.44	35.04
1.772	14.47	35.04
1.772	14.44	35.04
1.773	14.44	35.04
1.773	14.43	35.04
1.773	14.44	35.04
1.774	14.44	35.04
1.774	14.43	35.04
1.774	14.44	35.04
1.774	14.44	35.04
1.774	14.43	35.04
1.775	14.43	35.04
1.775	14.43	35.04
1.776	14.42	35.04
1.776	14.42	35.04
1.776	14.42	35.04
1.777	14.41	35.04
1.778	14.38	35.04
1.778	14.41	35.04
1.778	14.42	35.04
1.779	14.42	35.04
1.779	14.41	35.04
1.780	14.41	35.04
1.780	14.40	35.04
1.781	14.40	35.04
1.781	14.40	35.04
1.781	14.39	35.04
1.782	14.39	35.04
1.782	14.39	35.04
1.783	14.39	35.04
1.783	14.39	35.04
1.783	14.38	35.04
1.784	14.38	35.04
1.784	14.38	35.04
1.784	14.37	35.04
1.785	14.36	35.04
1.785	14.36	35.04
1.786	14.36	35.04
1.786	14.36	35.04
1.786	14.35	35.04
1.787	14.36	35.04
1.787	14.35	35.04
1.787	14.34	35.04
1.788	14.34	35.04
1.788	14.35	35.04
1.789	14.33	35.04
1.789	14.33	35.04
1.790	14.33	35.04
1.790	14.32	35.04
1.791	14.31	35.04
1.792	14.30	35.04
1.792	14.30	35.04
1.793	14.30	35.04
1.794	14.29	35.04
1.794	14.29	35.04
1.795	14.28	35.04
1.796	14.27	35.04
1.796	14.26	35.04
1.797	14.26	35.04
1.798	14.25	35.04
1.799	14.24	35.04
1.799	14.24	35.04
1.800	14.23	35.04
1.800	14.23	35.04
1.801	14.20	35.04
1.801	14.21	35.04
1.802	14.21	35.04
1.803	14.20	35.04
1.803	14.19	35.04
1.804	14.19	35.04
1.804	14.19	35.04
1.805	14.18	35.04
1.805	14.18	35.04
1.806	14.18	35.04
1.806	14.17	35.04
1.807	14.17	35.03
1.807	14.16	35.03
1.808	14.15	35.03
1.808	14.15	35.03
1.809	14.14	35.03
1.809	14.14	35.03
1.810	14.13	35.03
1.811	14.13	35.03
1.811	14.13	35.03
1.811	14.11	35.03
1.812	14.10	35.03
1.812	14.10	35.03
1.813	14.10	35.03
1.814	14.09	35.03
1.814	14.08	35.03
1.815	14.08	35.03
1.816	14.08	35.03
1.816	14.08	35.03
1.817	14.07	35.03
1.817	14.07	35.03
1.817	14.07	35.03
1.818	14.05	35.03
1.818	14.04	35.03
1.819	14.04	35.03
1.819	14.04	35.03
1.820	14.04	35.03
1.820	14.03	35.03
1.820	14.03	35.03
1.821	14.02	35.03
1.821	14.02	35.03
1.822	14.01	35.03
1.823	14.00	35.03
1.823	14.00	35.03
1.823	13.99	35.03
1.824	13.99	35.03
1.824	13.99	35.03
1.825	13.99	35.03
1.825	13.99	35.03
1.826	13.98	35.03
1.826	13.97	35.03
1.826	13.98	35.03
1.827	13.98	35.03
1.828	13.97	35.03
1.828	13.97	35.03
1.829	13.97	35.03
1.829	13.97	35.03
1.830	13.96	35.03
1.830	13.97	35.03
1.831	13.95	35.03
1.831	13.95	35.03
1.832	13.95	35.03
1.833	13.95	35.03
1.834	13.93	35.03
1.834	13.94	35.03
1.835	13.94	35.03
1.835	13.94	35.03
1.836	13.94	35.03
1.836	13.94	35.03
1.836	13.94	35.03
1.837	13.93	35.03
1.837	13.94	35.03
1.837	13.93	35.03
1.837	13.93	35.03
1.838	13.93	35.03
1.838	13.93	35.03
1.839	13.93	35.03
1.839	13.92	35.03
1.840	13.91	35.03
1.841	13.90	35.03
1.842	13.90	35.03
1.843	13.90	35.03
1.843	13.90	35.03
1.844	13.89	35.03
1.845	13.88	35.03
1.845	13.88	35.03
1.846	13.86	35.03
1.847	13.85	35.03
1.848	14.19	35.03
1.848	14.28	35.03
1.849	13.85	35.03
1.850	13.84	35.03
1.851	13.83	35.03
1.852	13.82	35.03
1.852	13.82	35.03
1.852	13.81	35.03
1.853	13.80	35.03
1.854	13.80	35.03
1.854	13.80	35.03
1.854	13.80	35.03
1.855	13.79	35.03
1.855	13.79	35.03
1.856	13.79	35.03
1.856	13.78	35.03
1.857	13.77	35.03
1.857	13.76	35.03
1.858	13.76	35.03
1.858	13.75	35.03
1.859	13.74	35.03
1.860	13.73	35.03
1.861	13.72	35.03
1.862	13.72	35.03
1.862	13.71	35.03
1.863	13.72	35.03
1.863	13.71	35.03
1.864	13.70	35.03
1.864	13.70	35.03
1.865	13.70	35.03
1.865	13.70	35.03
1.865	13.69	35.03
1.866	13.68	35.03
1.867	13.68	35.03
1.867	13.67	35.03
1.868	13.66	35.03
1.869	13.64	35.03
1.870	13.63	35.03
1.871	13.63	35.03
1.872	13.61	35.03
1.874	13.60	35.03
1.875	13.60	35.03
1.876	13.60	35.03
1.876	13.59	35.03
1.877	13.59	35.03
1.877	13.59	35.03
1.878	13.58	35.03
1.878	13.57	35.03
1.879	13.56	35.03
1.879	13.56	35.03
1.880	13.56	35.03
1.880	13.55	35.03
1.880	13.55	35.02
1.881	13.55	35.03
1.882	13.54	35.02
1.882	13.54	35.02
1.883	13.54	35.02
1.883	13.54	35.02
1.883	13.53	35.02
1.884	13.53	35.02
1.884	13.53	35.02
1.885	13.53	35.02
1.885	13.52	35.02
1.886	13.52	35.02
1.886	13.51	35.02
1.887	13.50	35.02
1.888	13.51	35.02
1.888	13.50	35.02
1.889	13.50	35.02
1.889	13.50	35.02
1.890	13.49	35.02
1.891	13.50	35.02
1.891	13.49	35.02
1.892	13.48	35.02
1.893	13.47	35.02
1.894	13.47	35.02
1.895	13.47	35.02
1.896	13.47	35.02
1.896	13.47	35.02
1.897	13.46	35.02
1.897	13.46	35.02
1.898	13.46	35.02
1.898	13.46	35.02
1.899	13.45	35.02
1.899	13.45	35.02
1.900	13.44	35.02
1.900	13.45	35.02
1.901	13.44	35.02
1.902	13.45	35.02
1.902	13.43	35.02
1.903	13.43	35.02
1.904	13.43	35.02
1.904	13.42	35.02
1.905	13.42	35.02
1.905	13.42	35.02
1.906	13.42	35.02
1.906	13.42	35.02
1.907	13.41	35.02
1.908	13.40	35.02
1.908	13.39	35.02
1.909	13.39	35.02
1.910	13.38	35.02
1.911	13.38	35.02
1.911	13.37	35.02
1.912	13.37	35.02
1.913	13.37	35.02
1.913	13.37	35.02
1.914	13.36	35.02
1.914	13.35	35.02
1.915	13.34	35.02
1.915	13.33	35.02
1.916	13.32	35.02
1.917	13.32	35.02
1.917	13.31	35.02
1.917	13.30	35.02
1.918	13.30	35.02
1.918	13.30	35.02
1.919	13.29	35.02
1.920	13.32	35.02
1.920	13.28	35.02
1.921	13.28	35.02
1.921	13.28	35.02
1.922	13.26	35.02
1.922	13.26	35.02
1.923	13.25	35.02
1.924	13.25	35.02
1.924	13.24	35.02
1.925	13.24	35.02
1.925	13.24	35.02
1.926	13.24	35.02
1.926	13.23	35.02
1.927	13.23	35.02
1.927	13.22	35.02
1.927	13.22	35.02
1.928	13.22	35.02
1.928	13.22	35.02
1.929	13.21	35.02
1.929	13.22	35.02
1.929	13.21	35.02
1.930	13.20	35.02
1.931	13.19	35.02
1.931	13.18	35.02
1.932	13.16	35.02
1.933	13.16	35.02
1.934	13.15	35.02
1.935	13.14	35.02
1.935	13.13	35.02
1.936	13.13	35.02
1.937	13.12	35.02
1.938	13.12	35.02
1.938	13.12	35.02
1.939	13.11	35.02
1.939	13.11	35.02
1.940	13.11	35.02
1.940	13.10	35.02
1.940	13.10	35.02
1.941	13.10	35.02
1.941	13.09	35.02
1.942	13.09	35.02
1.942	13.09	35.02
1.943	13.08	35.02
1.943	13.08	35.02
1.944	13.08	35.02
1.945	13.07	35.02
1.945	13.07	35.02
1.945	13.07	35.02
1.946	13.06	35.02
1.946	13.05	35.02
1.946	13.06	35.02
1.947	13.05	35.02
1.947	13.05	35.02
1.948	13.05	35.02
1.948	13.05	35.02
1.949	13.04	35.02
1.949	13.04	35.01
1.949	13.04	35.02
1.950	13.04	35.02
1.950	13.04	35.02
1.950	13.03	35.02
1.950	13.04	35.01
1.950	13.04	35.01
1.950	13.04	35.01
1.950	13.04	35.02
1.950	13.04	35.01
1.950	13.04	35.01
1.950	13.04	35.01
1.950	13.04	35.01
1.950	13.04	35.01
1.950	13.04	35.01
1.950	13.03	35.01
1.950	13.03	35.01
1.950	13.04	35.01
1.951	13.03	35.01
1.951	13.03	35.01
1.952	13.03	35.01
1.952	13.02	35.01
1.953	13.02	35.01
1.954	13.02	35.01
1.954	13.02	35.01
1.954	13.02	35.01
1.954	13.02	35.01
1.954	13.02	35.01
1.955	13.02	35.01
1.955	13.03	35.01
1.956	13.02	35.01
1.957	13.01	35.01
1.957	13.01	35.01
1.958	13.01	35.01
1.958	13.00	35.01
1.959	13.01	35.01
1.960	12.99	35.01
1.960	13.01	35.01
1.961	13.00	35.01
1.961	12.99	35.01
1.962	12.99	35.01
1.962	12.98	35.01
1.963	12.98	35.01
1.963	12.98	35.01
1.963	12.98	35.01
1.963	12.97	35.01
1.963	12.97	35.01
1.963	12.98	35.01
1.963	12.98	35.01
1.963	12.98	35.01
1.963	12.98	35.01
1.963	12.98	35.01
1.963	12.98	35.01
1.963	12.97	35.01
1.963	12.97	35.01
1.963	12.98	35.01
1.963	12.98	35.01
1.963	12.98	35.01
1.963	12.97	35.01
1.963	12.97	35.01
1.964	12.97	35.01
1.964	12.97	35.01
1.964	12.96	35.01
1.965	12.97	35.01
1.966	12.97	35.01
1.966	12.96	35.01
1.967	12.96	35.01
1.968	12.95	35.01
1.968	12.96	35.01
1.969	12.95	35.01
1.970	12.94	35.01
1.970	12.94	35.01
1.971	12.93	35.01
1.971	12.93	35.01
1.972	12.92	35.01
1.973	12.92	35.01
1.973	12.92	35.01
1.974	12.91	35.01
1.975	12.91	35.01
1.976	12.90	35.01
1.976	12.89	35.01
1.977	12.89	35.01
1.978	12.88	35.01
1.979	12.86	35.01
1.981	12.84	35.01
1.983	12.84	35.01
1.984	12.84	35.01
1.984	12.83	35.01
1.985	12.83	35.01
1.985	12.82	35.01
1.986	12.82	35.01
1.986	12.82	35.01
1.987	12.80	35.01
1.988	12.79	35.01
1.989	12.79	35.01
1.989	12.78	35.01
1.990	12.77	35.01
1.991	12.77	35.01
1.991	12.75	35.01
1.992	12.75	35.01
1.993	12.75	35.01
1.994	12.74	35.01
1.995	12.74	35.01
1.995	12.73	35.01
1.995	12.73	35.01
1.996	12.74	35.01
1.996	12.73	35.01
1.997	12.73	35.01
1.997	12.72	35.01
1.998	12.71	35.01
1.998	12.71	35.01
1.999	12.70	35.01
1.999	12.70	35.01
2.000	12.70	35.01
2.000	12.70	35.01
2.001	12.68	35.01
2.001	12.67	35.01
2.002	12.68	35.01
2.003	12.67	35.01
2.004	12.66	35.01
2.005	12.66	35.01
2.005	12.65	35.01
2.006	12.64	35.01
2.006	12.63	35.01
2.007	12.63	35.01
2.008	12.63	35.01
2.008	12.62	35.01
2.009	12.62	35.01
2.010	12.61	35.01
2.010	12.60	35.01
2.011	12.60	35.01
2.012	12.60	35.01
2.012	12.60	35.01
2.013	12.59	35.01
2.014	12.59	35.01
2.015	12.59	35.01
2.015	12.59	35.01
2.016	12.58	35.01
2.016	12.58	35.01
2.017	12.58	35.01
2.017	12.57	35.01
2.018	12.56	35.01
2.018	12.56	35.01
2.019	12.56	35.01
2.019	12.56	35.01
2.019	12.56	35.01
2.020	12.56	35.01
2.020	12.55	35.01
2.020	12.55	35.01
2.020	12.55	35.01
2.021	12.55	35.01
2.021	12.54	35.01
2.022	12.55	35.01
2.022	12.55	35.01
2.022	12.54	35.01
2.023	12.54	35.01
2.023	12.54	35.01
2.023	12.54	35.01
2.024	12.54	35.01
2.024	12.54	35.01
2.024	12.54	35.01
2.024	12.54	35.01
2.024	12.54	35.01
2.024	12.53	35.01
2.024	12.53	35.01
2.024	12.54	35.01
2.024	12.54	35.01
2.024	12.54	35.01
2.025	12.54	35.01
2.026	12.53	35.01
2.026	12.53	35.01
2.027	12.52	35.01
2.028	12.52	35.01
2.029	12.52	35.01
2.030	12.52	35.01
2.030	12.52	35.01
2.031	12.52	35.01
2.031	12.52	35.01
2.032	12.52	35.01
2.032	12.51	35.01
2.033	12.51	35.01
2.033	12.51	35.01
2.034	12.50	35.01
2.035	12.51	35.01
2.035	12.50	35.01
2.036	12.50	35.01
2.036	12.49	35.01
2.037	12.48	35.01
2.038	12.48	35.01
2.038	12.48	35.01
2.039	12.47	35.01
2.040	12.47	35.01
2.040	12.46	35.01
2.041	12.46	35.01
2.042	12.45	35.01
2.043	12.45	35.01
2.044	12.45	35.01
2.045	12.45	35.01
2.046	12.43	35.01
2.046	12.42	35.01
2.047	12.43	35.01
2.048	12.42	35.01
2.048	12.42	35.01
2.048	12.42	35.01
2.049	12.41	35.01
2.049	12.41	35.01
2.049	12.41	35.01
2.050	12.41	35.01
2.050	12.41	35.01
2.050	12.40	35.01
2.051	12.40	35.01
2.052	12.39	35.01
2.052	12.39	35.01
2.053	12.37	35.01
2.054	12.37	35.01
2.055	12.36	35.01
2.055	12.35	35.01
2.056	12.34	35.01
2.057	12.33	35.01
2.058	12.32	35.01
2.059	12.32	35.01
2.060	12.29	35.01
2.062	12.28	35.01
2.063	12.28	35.01
2.064	12.27	35.01
2.065	12.27	35.01
2.066	12.26	35.01
2.067	12.27	35.01
2.067	12.26	35.01
2.068	12.25	35.01
2.069	12.26	35.01
2.069	12.25	35.01
2.070	12.24	35.01
2.071	12.22	35.01
2.072	12.21	35.01
2.073	12.20	35.01
2.075	12.19	35.01
2.076	12.18	35.01
2.078	12.17	35.01
2.079	12.16	35.01
2.080	12.15	35.01
2.082	12.14	35.01
2.084	12.12	35.01
2.086	12.11	35.01
2.088	12.10	35.01
2.090	12.10	35.01
2.091	12.10	35.01
2.092	12.10	35.01
2.092	12.10	35.01
2.093	12.10	35.01
2.093	12.09	35.01
2.094	12.10	35.01
2.094	12.09	35.01
2.094	12.09	35.01
2.095	12.09	35.01
2.095	12.08	35.01
2.095	12.08	35.00
2.096	12.08	35.01
2.096	12.08	35.01
2.096	12.08	35.01
2.097	12.08	35.01
2.098	12.08	35.01
2.099	12.07	35.00
2.099	12.07	35.00
2.100	12.07	35.00
2.101	12.07	35.01
2.102	12.07	35.00
2.103	12.07	35.00
2.104	12.07	35.00
2.105	12.06	35.00
2.105	12.06	35.00
2.106	12.05	35.00
2.107	12.04	35.00
2.108	12.03	35.00
2.109	12.03	35.00
2.110	12.02	35.00
2.111	12.01	35.00
2.112	12.00	35.00
2.114	12.00	35.00
2.115	12.00	35.00
2.117	12.00	35.00
2.117	11.99	35.00
2.118	11.99	35.00
2.119	11.98	35.00
2.120	11.97	35.00
2.121	11.97	35.00
2.122	11.97	35.00
2.123	11.96	35.00
2.123	11.96	35.00
2.124	11.96	35.00
2.125	11.95	35.00
2.126	11.94	35.00
2.127	11.94	35.00
2.128	11.93	35.00
2.128	11.93	35.00
2.128	11.94	35.00
2.128	11.94	35.00
2.128	11.93	35.00
2.128	11.93	35.00
2.128	11.92	35.00
2.128	11.91	35.00
2.129	11.90	35.00
2.130	11.89	35.00
2.131	11.88	35.00
2.132	11.87	35.00
2.133	11.86	35.00
2.134	11.85	35.00
2.135	11.85	35.00
2.135	11.84	35.00
2.136	11.84	35.00
2.136	11.84	35.00
2.136	11.83	35.00
2.137	11.84	35.00
2.138	11.82	35.00
2.140	11.79	35.00
2.143	11.78	35.00
2.144	11.78	35.00
2.145	11.77	35.00
2.146	11.76	35.00
2.147	11.75	35.00
2.148	11.75	35.00
2.149	11.74	35.00
2.150	11.73	35.00
2.151	11.72	35.00
2.152	11.72	35.00
2.153	11.72	35.00
2.154	11.71	35.00
2.155	11.71	35.00
2.156	11.70	35.00
2.156	11.70	35.00
2.157	11.69	35.00
2.158	11.69	35.00
2.159	11.68	35.00
2.160	11.68	35.00
2.161	11.67	35.00
2.161	11.67	35.00
2.162	11.67	35.00
2.162	11.67	35.00
2.162	11.67	35.00
2.162	11.67	35.00
2.162	11.67	35.00
2.162	11.67	35.00
2.162	11.67	35.00
2.162	11.67	35.00
2.162	11.66	35.00
2.162	11.66	35.00
2.163	11.65	35.00
2.164	11.65	35.00
2.165	11.64	35.00
2.166	11.63	35.00
2.168	11.63	35.00
2.169	11.63	35.00
2.169	11.63	35.00
2.170	11.63	35.00
2.170	11.63	35.00
2.171	11.63	35.00
2.171	11.63	35.00
2.172	11.62	35.00
2.173	11.60	35.00
2.176	11.59	35.00
2.178	11.59	35.00
2.179	11.59	35.00
2.180	11.59	35.00
2.180	11.59	35.00
2.181	11.58	35.00
2.181	11.58	35.00
2.182	11.58	35.00
2.183	11.57	35.00
2.184	11.58	35.00
2.184	11.58	35.00
2.185	11.57	35.00
2.185	11.57	35.00
2.186	11.57	35.00
2.186	11.57	35.00
2.186	11.56	35.00
2.187	11.56	35.00
2.188	11.56	35.00
2.189	11.56	35.00
2.190	11.56	35.00
2.191	11.55	35.00
2.192	11.55	35.00
2.193	11.54	35.00
2.193	11.54	35.00
2.195	11.54	35.00
2.196	11.53	35.00
2.197	11.52	35.00
2.198	11.51	35.00
2.199	11.51	35.00
2.200	11.51	35.00
2.201	11.50	35.00
2.202	11.50	35.00
2.202	11.50	35.00
2.203	11.50	35.00
2.203	11.50	35.00
2.203	11.50	35.00
2.203	11.49	35.00
2.204	11.49	35.00
2.205	11.48	35.00
2.205	11.48	35.00
2.206	11.45	35.00
2.208	11.43	35.00
2.209	11.42	35.00
2.211	11.41	35.00
2.213	11.39	35.00
2.215	11.38	35.00
2.217	11.38	35.00
2.218	11.36	35.00
2.220	11.34	35.00
2.222	11.33	35.00
2.223	11.33	35.00
2.224	11.32	35.00
2.226	11.31	35.00
2.227	11.28	35.00
2.229	11.27	35.00
2.231	11.26	35.00
2.233	11.26	35.00
2.234	11.25	35.00
2.235	11.24	35.00
2.237	11.23	35.00
2.239	11.22	35.00
2.241	11.20	35.00
2.243	11.19	35.00
2.246	11.18	35.00
2.247	11.18	35.00
2.248	11.18	35.00
2.249	11.17	35.00
2.251	11.16	35.00
2.252	11.16	35.00
2.253	11.16	35.00
2.253	11.16	35.00
2.254	11.15	35.00
2.255	11.14	35.00
2.256	11.14	35.00
2.256	11.14	35.00
2.257	11.13	35.00
2.258	11.13	35.00
2.259	11.13	35.00
2.260	11.13	35.00
2.261	11.13	35.00
2.263	11.12	35.00
2.264	11.12	35.00
2.266	11.12	35.00
2.266	11.12	35.00
2.267	11.12	35.00
2.267	11.12	35.00
2.268	11.12	35.00
2.269	11.12	35.00
2.269	11.12	35.00
2.270	11.12	35.00
2.271	11.12	35.00
2.272	11.12	35.00
2.273	11.11	35.00
2.273	11.11	35.00
2.274	11.10	35.00
2.275	11.09	35.00
2.276	11.08	35.00
2.277	11.07	35.00
2.278	11.07	35.00
2.279	11.07	35.00
2.280	11.07	35.00
2.281	11.07	35.00
2.282	11.06	35.00
2.283	11.05	35.00
2.284	11.05	35.00
2.286	11.04	35.00
2.288	11.02	35.00
2.289	11.02	35.00
2.290	11.02	35.00
2.291	11.01	35.00
2.292	11.01	35.00
2.293	11.01	35.00
2.293	11.01	35.00
2.293	11.00	35.00
2.293	11.00	35.00
2.294	10.98	35.00
2.296	10.97	35.00
2.297	10.96	35.00
2.299	10.95	35.00
2.300	10.95	35.00
2.302	10.94	35.00
2.303	10.92	35.00
2.305	10.90	35.00
2.307	10.89	35.00
2.309	10.88	35.00
2.310	10.87	35.00
2.311	10.86	35.00
2.312	10.86	35.00
2.313	10.85	35.00
2.314	10.85	35.00
2.315	10.84	35.00
2.315	10.84	35.00
2.316	10.83	35.00
2.316	10.82	35.00
2.317	10.82	34.99
2.318	10.82	34.99
2.318	10.81	34.99
2.319	10.80	34.99
2.320	10.79	35.00
2.321	10.79	34.99
2.322	10.78	34.99
2.322	10.78	34.99
2.323	10.77	34.99
2.324	10.77	34.99
2.325	10.76	34.99
2.326	10.75	34.99
2.327	10.75	34.99
2.328	10.75	34.99
2.329	10.74	34.99
2.329	10.74	34.99
2.330	10.73	34.99
2.331	10.73	34.99
2.332	10.73	34.99
2.333	10.72	34.99
2.334	10.72	34.99
2.334	10.71	34.99
2.336	10.70	34.99
2.337	10.70	34.99
2.338	10.70	34.99
2.339	10.69	34.99
2.340	10.69	34.99
2.340	10.69	34.99
2.341	10.69	34.99
2.342	10.68	34.99
2.343	10.68	34.99
2.344	10.68	34.99
2.344	10.68	34.99
2.344	10.68	34.99
2.344	10.67	34.99
2.344	10.67	34.99
2.344	10.68	34.99
2.344	10.67	34.99
2.344	10.68	34.99
2.344	10.67	34.99
2.344	10.67	34.99
2.344	10.67	34.99
2.344	10.67	34.99
2.344	10.67	34.99
2.344	10.67	34.99
2.343	10.67	34.99
2.343	10.67	34.99
2.343	10.68	34.99
2.343	10.68	34.99
2.343	10.67	34.99
2.343	10.67	34.99
2.343	10.67	34.99
2.344	10.66	34.99
2.344	10.66	34.99
2.345	10.66	34.99
2.345	10.65	34.99
2.346	10.65	34.99
2.346	10.65	34.99
2.347	10.65	34.99
2.347	10.65	34.99
2.348	10.65	34.99
2.348	10.65	34.99
2.349	10.65	34.99
2.349	10.65	34.99
2.349	10.65	34.99
2.350	10.65	34.99
2.350	10.65	34.99
2.351	10.65	34.99
2.352	10.65	34.99
2.353	10.64	34.99
2.353	10.64	34.99
2.354	10.64	34.99
2.354	10.64	34.99
2.354	10.64	34.99
2.355	10.64	34.99
2.356	10.63	34.99
2.356	10.63	34.99
2.357	10.63	34.99
2.358	10.63	34.99
2.359	10.63	34.99
2.360	10.63	34.99
2.361	10.63	34.99
2.361	10.62	34.99
2.362	10.62	34.99
2.362	10.62	34.99
2.362	10.62	34.99
2.363	10.62	34.99
2.363	10.62	34.99
2.364	10.61	34.99
2.365	10.61	34.99
2.366	10.61	34.99
2.366	10.61	34.99
2.368	10.60	34.99
2.369	10.60	34.99
2.370	10.59	34.99
2.371	10.59	34.99
2.372	10.58	34.99
2.373	10.58	34.99
2.375	10.57	34.99
2.375	10.57	34.99
2.376	10.57	34.99
2.377	10.56	34.99
2.378	10.56	34.99
2.378	10.56	34.99
2.379	10.56	34.99
2.380	10.55	34.99
2.381	10.55	34.99
2.381	10.54	34.99
2.382	10.54	34.99
2.383	10.54	34.99
2.384	10.53	34.99
2.385	10.53	34.99
2.387	10.52	34.99
2.387	10.52	34.99
2.388	10.51	34.99
2.390	10.50	34.99
2.391	10.50	34.99
2.392	10.49	34.99
2.392	10.49	34.99
2.392	10.49	34.99
2.392	10.49	34.99
2.392	10.48	34.99
2.392	10.48	34.99
2.392	10.47	34.99
2.393	10.47	34.99
2.394	10.46	34.99
2.394	10.46	34.99
2.395	10.46	34.99
2.395	10.45	34.99
2.396	10.45	34.99
2.397	10.43	34.99
2.398	10.42	34.99
2.399	10.42	34.99
2.400	10.41	34.99
2.400	10.40	34.99
2.401	10.40	34.99
2.402	10.40	34.99
2.403	10.40	34.99
2.404	10.39	34.99
2.405	10.38	34.99
2.406	10.38	34.99
2.407	10.37	34.99
2.408	10.35	34.99
2.410	10.35	34.99
2.412	10.33	34.99
2.413	10.32	34.99
2.415	10.32	34.99
2.417	10.30	34.99
2.419	10.29	34.99
2.420	10.28	34.99
2.422	10.28	34.99
2.424	10.27	34.99
2.426	10.26	34.99
2.428	10.25	34.99
2.430	10.24	34.99
2.432	10.23	34.99
2.434	10.22	34.99
2.436	10.22	34.99
2.438	10.21	34.99
2.440	10.21	34.99
2.440	10.21	34.99
2.442	10.20	34.99
2.443	10.19	34.99
2.446	10.18	34.99
2.449	10.17	34.99
2.451	10.16	34.99
2.453	10.16	34.99
2.454	10.16	34.99
2.456	10.15	34.99
2.457	10.15	34.99
2.458	10.15	34.99
2.459	10.15	34.99
2.460	10.14	34.99
2.462	10.14	34.99
2.463	10.14	34.99
2.464	10.13	34.99
2.465	10.13	34.99
2.466	10.13	34.99
2.467	10.13	34.99
2.468	10.13	34.99
2.469	10.13	34.99
2.469	10.13	34.99
2.470	10.12	34.99
2.471	10.12	34.99
2.471	10.12	34.99
2.471	10.12	34.99
2.472	10.12	34.99
2.472	10.12	34.99
2.473	10.12	34.99
2.474	10.11	34.99
2.475	10.11	34.99
2.475	10.10	34.99
2.476	10.10	34.99
2.477	10.10	34.99
2.477	10.10	34.99
2.478	10.10	34.99
2.479	10.09	34.99
2.480	10.08	34.99
2.481	10.08	34.99
2.483	10.07	34.99
2.484	10.07	34.99
2.485	10.06	34.99
2.486	10.06	34.99
2.487	10.05	34.99
2.489	10.04	34.99
2.490	10.03	34.99
2.492	10.03	34.99
2.493	10.02	34.99
2.494	10.02	34.99
2.495	10.01	34.99
2.496	10.00	34.99
2.496	10.00	34.99
2.497	9.99	34.99
2.498	9.98	34.99
2.499	9.97	34.99
2.500	9.96	34.99
2.501	9.96	34.99
2.502	9.96	34.99
2.503	9.95	34.99
2.505	9.93	34.98
2.507	9.92	34.99
2.509	9.91	34.99
2.510	9.90	34.99
2.512	9.89	34.99
2.513	9.89	34.99
2.514	9.89	34.99
2.515	9.88	34.99
2.516	9.88	34.98
2.516	9.88	34.98
2.517	9.87	34.99
2.518	9.85	34.98
2.519	9.85	34.98
2.521	9.83	34.98
2.523	9.82	34.98
2.524	9.82	34.98
2.526	9.82	34.98
2.528	9.81	34.98
2.530	9.80	34.98
2.533	9.78	34.98
2.535	9.77	34.98
2.537	9.77	34.98
2.538	9.77	34.98
2.540	9.76	34.98
2.542	9.73	34.98
2.545	9.72	34.98
2.546	9.72	34.98
2.547	9.72	34.98
2.548	9.71	34.98
2.549	9.71	34.98
2.549	9.71	34.98
2.548	9.71	34.98
2.548	9.71	34.98
2.548	9.71	34.98
2.548	9.71	34.98
2.548	9.71	34.98
2.548	9.71	34.98
2.549	9.71	34.98
2.550	9.70	34.98
2.551	9.70	34.98
2.552	9.70	34.98
2.553	9.70	34.98
2.554	9.69	34.98
2.555	9.68	34.98
2.556	9.68	34.98
2.556	9.68	34.98
2.557	9.68	34.98
2.558	9.67	34.98
2.559	9.67	34.98
2.561	9.67	34.98
2.562	9.67	34.98
2.563	9.67	34.98
2.563	9.66	34.98
2.565	9.66	34.98
2.566	9.66	34.98
2.567	9.66	34.98
2.568	9.66	34.98
2.569	9.65	34.98
2.570	9.65	34.98
2.571	9.65	34.98
2.571	9.65	34.98
2.572	9.65	34.98
2.573	9.65	34.98
2.575	9.65	34.98
2.577	9.63	34.98
2.579	9.63	34.98
2.580	9.63	34.98
2.581	9.62	34.98
2.583	9.62	34.98
2.584	9.61	34.98
2.585	9.60	34.98
2.586	9.59	34.98
2.587	9.59	34.98
2.587	9.58	34.98
2.588	9.58	34.98
2.588	9.58	34.98
2.590	9.58	34.98
2.591	9.58	34.98
2.593	9.57	34.98
2.595	9.56	34.98
2.596	9.55	34.98
2.597	9.54	34.98
2.598	9.52	34.98
2.599	9.50	34.98
2.600	9.50	34.98
2.601	9.50	34.98
2.602	9.50	34.98
2.603	9.50	34.98
2.605	9.50	34.98
2.606	9.49	34.98
2.607	9.49	34.98
2.608	9.50	34.98
2.608	9.50	34.98
2.609	9.47	34.98
2.611	9.46	34.98
2.613	9.45	34.98
2.614	9.45	34.98
2.616	9.45	34.98
2.616	9.45	34.98
2.616	9.45	34.98
2.616	9.45	34.98
2.617	9.45	34.98
2.617	9.45	34.98
2.618	9.44	34.98
2.618	9.44	34.98
2.619	9.43	34.98
2.621	9.43	34.98
2.622	9.43	34.98
2.624	9.42	34.98
2.625	9.42	34.98
2.627	9.42	34.98
2.628	9.42	34.98
2.630	9.41	34.98
2.632	9.41	34.98
2.634	9.41	34.98
2.636	9.41	34.98
2.638	9.40	34.98
2.639	9.40	34.98
2.641	9.39	34.98
2.642	9.39	34.98
2.643	9.39	34.98
2.644	9.39	34.98
2.645	9.39	34.98
2.647	9.39	34.98
2.648	9.37	34.98
2.649	9.33	34.98
2.650	9.29	34.98
2.652	9.28	34.98
2.654	9.27	34.98
2.655	9.25	34.98
2.656	9.25	34.98
2.658	9.26	34.98
2.658	9.24	34.98
2.660	9.25	34.98
2.661	9.25	34.98
2.662	9.26	34.98
2.663	9.26	34.98
2.665	9.25	34.98
2.666	9.24	34.98
2.666	9.23	34.98
2.666	9.21	34.98
2.667	9.21	34.98
2.668	9.25	34.98
2.669	9.21	34.98
2.670	9.21	34.98
2.670	9.21	34.98
2.670	9.21	34.98
2.670	9.23	34.98
2.669	9.23	34.98
2.669	9.22	34.98
2.670	9.21	34.98
2.671	9.20	34.98
2.671	9.19	34.98
2.672	9.18	34.98
2.672	9.18	34.98
2.672	9.18	34.98
2.671	9.19	34.98
2.671	9.19	34.98
2.672	9.19	34.98
2.672	9.18	34.98
2.673	9.19	34.98
2.674	9.20	34.98
2.675	9.17	34.98
2.677	9.17	34.98
2.678	9.18	34.98
2.680	9.17	34.98
2.682	9.16	34.98
2.683	9.18	34.98
2.684	9.17	34.98
2.685	9.16	34.98
2.686	9.16	34.98
2.686	9.17	34.98
2.687	9.16	34.98
2.688	9.18	34.98
2.689	9.17	34.98
2.690	9.20	34.98
2.691	9.20	34.98
2.692	9.20	34.98
2.693	9.20	34.98
2.695	9.20	34.98
2.696	9.19	34.98
2.696	9.19	34.98
2.698	9.23	34.98
2.699	9.22	34.98
2.699	9.22	34.98
2.700	9.20	34.98
2.701	9.21	34.98
2.702	9.17	34.98
2.704	9.13	34.98
2.706	9.14	34.98
2.708	9.12	34.98
2.709	9.10	34.98
2.711	9.10	34.98
2.711	9.09	34.98
2.712	9.11	34.98
2.713	9.11	34.98
2.713	9.10	34.98
2.714	9.10	34.98
2.715	9.08	34.98
2.716	9.08	34.98
2.717	9.07	34.98
2.718	9.09	34.98
2.719	9.09	34.98
2.720	9.07	34.98
2.720	9.09	34.98
2.722	9.08	34.98
2.723	9.08	34.98
2.724	9.09	34.98
2.725	9.11	34.98
2.726	9.10	34.98
2.727	9.09	34.98
2.728	9.07	34.98
2.729	9.05	34.98
2.731	9.03	34.98
2.733	9.00	34.98
2.735	8.99	34.98
2.735	9.00	34.98
2.735	9.00	34.98
2.735	9.00	34.98
2.735	8.98	34.98
2.735	8.99	34.98
2.735	8.99	34.98
2.735	8.99	34.97
2.734	9.00	34.98
2.735	9.00	34.98
2.735	8.98	34.97
2.736	8.97	34.98
2.738	8.97	34.97
2.740	8.96	34.97
2.742	8.96	34.97
2.743	8.95	34.97
2.744	8.94	34.97
2.745	8.93	34.97
2.746	8.93	34.97
2.747	8.91	34.97
2.748	8.91	34.97
2.748	8.91	34.97
2.750	8.91	34.97
2.751	8.91	34.97
2.752	8.91	34.97
2.753	8.89	34.97
2.754	8.90	34.97
2.755	8.89	34.97
2.756	8.89	34.97
2.757	8.89	34.97
2.758	8.89	34.97
2.759	8.87	34.97
2.760	8.88	34.97
2.761	8.87	34.97
2.761	8.86	34.97
2.761	8.87	34.97
2.762	8.87	34.97
2.763	8.87	34.97
2.764	8.88	34.97
2.764	8.83	34.97
2.764	8.86	34.97
2.764	8.87	34.97
2.764	8.87	34.97
2.764	8.87	34.97
2.764	8.84	34.97
2.764	8.88	34.97
2.765	8.87	34.97
2.766	8.87	34.97
2.767	8.86	34.97
2.769	8.83	34.97
2.770	8.82	34.97
2.771	8.81	34.97
2.772	8.82	34.97
2.773	8.80	34.97
2.774	8.81	34.97
2.775	8.81	34.97
2.776	8.81	34.97
2.778	8.79	34.97
2.780	8.82	34.97
2.781	8.80	34.97
2.781	8.83	34.97
2.782	8.80	34.97
2.783	8.82	34.97
2.784	8.79	34.97
2.785	8.75	34.97
2.786	8.71	34.97
2.787	8.73	34.97
2.789	8.72	34.97
2.790	8.71	34.97
2.791	8.72	34.97
2.792	8.71	34.97
2.793	8.69	34.97
2.794	8.71	34.97
2.795	8.70	34.97
2.797	8.71	34.97
2.798	8.69	34.97
2.799	8.70	34.97
2.801	8.70	34.97
2.802	8.71	34.97
2.804	8.68	34.97
2.804	8.70	34.97
2.805	8.70	34.97
2.806	8.69	34.97
2.808	8.70	34.97
2.810	8.71	34.97
2.812	8.70	34.97
2.813	8.70	34.97
2.815	8.70	34.97
2.815	8.69	34.97
2.816	8.70	34.97
2.818	8.70	34.97
2.818	8.71	34.97
2.819	8.71	34.97
2.821	8.75	34.97
2.823	8.75	34.97
2.826	8.74	34.97
2.827	8.75	34.97
2.829	8.80	34.97
2.832	8.76	34.97
2.834	8.73	34.97
2.836	8.81	34.97
2.837	8.72	34.97
2.838	8.70	34.97
2.841	8.69	34.97
2.843	8.67	34.97
2.845	8.65	34.97
2.847	8.65	34.97
2.849	8.65	34.97
2.852	8.64	34.97
2.855	8.65	34.97
2.858	8.64	34.97
2.861	8.64	34.97
2.862	8.59	34.97
2.864	8.59	34.97
2.866	8.60	34.97
2.868	8.59	34.97
2.869	8.56	34.97
2.871	8.57	34.97
2.873	8.58	34.97
2.875	8.57	34.97
2.876	8.57	34.97
2.876	8.55	34.97
2.876	8.54	34.97
2.876	8.54	34.97
2.875	8.55	34.97
2.875	8.55	34.97
2.876	8.54	34.97
2.877	8.54	34.97
2.878	8.53	34.97
2.879	8.50	34.97
2.881	8.51	34.97
2.883	8.51	34.97
2.884	8.49	34.97
2.885	8.50	34.97
2.886	8.48	34.97
2.888	8.47	34.97
2.889	8.47	34.97
2.891	8.47	34.97
2.892	8.49	34.97
2.892	8.46	34.97
2.892	8.47	34.97
2.893	8.48	34.97
2.894	8.49	34.97
2.895	8.47	34.97
2.897	8.47	34.97
2.898	8.45	34.97
2.900	8.43	34.97
2.901	8.43	34.97
2.902	8.44	34.97
2.904	8.42	34.97
2.906	8.43	34.97
2.908	8.41	34.97
2.910	8.41	34.97
2.911	8.42	34.97
2.913	8.41	34.97
2.915	8.39	34.97
2.917	8.40	34.97
2.919	8.42	34.97
2.921	8.39	34.97
2.923	8.38	34.97
2.924	8.38	34.97
2.926	8.38	34.97
2.928	8.37	34.97
2.929	8.37	34.97
2.931	8.34	34.97
2.934	8.33	34.97
2.936	8.34	34.97
2.938	8.33	34.97
2.941	8.33	34.97
2.943	8.33	34.97
2.946	8.34	34.97
2.948	8.33	34.97
2.951	8.31	34.97
2.954	8.31	34.97
2.957	8.31	34.97
2.960	8.30	34.97
2.963	8.32	34.97
2.965	8.33	34.97
2.967	8.37	34.97
2.970	8.37	34.97
2.973	8.40	34.97
2.975	8.39	34.97
2.978	8.38	34.97
2.980	8.35	34.97
2.982	8.31	34.97
2.983	8.32	34.97
2.984	8.30	34.97
2.985	8.31	34.97
2.985	8.27	34.97
2.985	8.28	34.97
2.984	8.24	34.97
2.984	8.28	34.97
2.984	8.31	34.97
2.985	8.29	34.97
2.988	8.30	34.97
2.990	8.26	34.97
2.992	8.25	34.97
2.996	8.25	34.97
2.999	8.25	34.97
3.001	8.22	34.97
3.004	8.24	34.97
3.007	8.23	34.97
3.012	8.18	34.97
3.016	8.22	34.97
3.019	8.16	34.97
3.022	8.16	34.97
3.023	8.15	34.97
3.025	8.16	34.97
3.027	8.17	34.97
3.029	8.15	34.97
3.031	8.13	34.97
3.033	8.12	34.97
3.034	8.13	34.97
3.036	8.10	34.97
3.038	8.05	34.97
3.040	8.03	34.97
3.042	8.01	34.97
3.045	7.98	34.97
3.047	8.00	34.97
3.048	7.99	34.97
3.050	7.97	34.97
3.052	7.96	34.97
3.053	7.95	34.97
3.054	7.95	34.97
3.054	7.96	34.97
3.055	7.96	34.97
3.055	7.95	34.97
3.056	7.96	34.97
3.057	7.96	34.97
3.057	7.95	34.97
3.058	7.95	34.97
3.059	7.95	34.97
3.061	7.95	34.97
3.062	7.93	34.97
3.062	7.96	34.96
3.063	7.97	34.96
3.063	7.95	34.96
3.064	7.92	34.96
3.065	7.96	34.96
3.066	7.92	34.96
3.067	7.94	34.96
3.068	7.92	34.96
3.069	7.90	34.96
3.069	7.91	34.96
3.070	7.91	34.96
3.071	7.90	34.96
3.071	7.90	34.96
3.072	7.91	34.96
3.073	7.90	34.96
3.074	7.90	34.96
3.076	7.90	34.96
3.077	7.90	34.96
3.078	7.90	34.96
3.078	7.90	34.96
3.079	7.88	34.96
3.080	7.88	34.96
3.080	7.88	34.96
3.081	7.85	34.96
3.082	7.88	34.96
3.084	7.85	34.96
3.085	7.86	34.96
3.087	7.87	34.96
3.088	7.87	34.96
3.089	7.89	34.96
3.090	7.90	34.96
3.094	7.88	34.96
3.098	7.83	34.96
3.101	7.84	34.96
3.103	7.84	34.96
3.106	7.81	34.96
3.109	7.82	34.96
3.114	7.78	34.96
3.116	7.78	34.96
3.118	7.79	34.96
3.119	7.76	34.96
3.120	7.81	34.96
3.122	7.85	34.96
3.124	7.90	34.96
3.127	7.88	34.96
3.127	7.89	34.96
3.127	8.10	34.96
3.128	7.91	34.96
3.128	7.90	34.96
3.128	7.85	34.96
3.128	7.87	34.96
3.128	7.86	34.96
3.129	7.88	34.96
3.130	7.88	34.96
3.131	7.85	34.96
3.132	7.86	34.96
3.134	7.86	34.96
3.135	7.87	34.96
3.137	7.85	34.96
3.139	7.84	34.96
3.140	7.86	34.96
3.140	7.86	34.96
3.142	7.89	34.96
3.144	7.90	34.96
3.146	7.84	34.96
3.148	7.84	34.96
3.149	7.84	34.96
3.151	7.83	34.96
3.153	7.84	34.96
3.155	7.77	34.96
3.157	7.72	34.96
3.160	7.73	34.96
3.162	7.71	34.96
3.164	7.71	34.96
3.165	7.71	34.96
3.166	7.69	34.96
3.167	7.71	34.96
3.168	7.69	34.96
3.168	7.70	34.96
3.168	7.70	34.96
3.168	7.67	34.96
3.168	7.69	34.96
3.168	7.70	34.96
3.168	7.68	34.96
3.168	7.71	34.96
3.170	7.81	34.96
3.176	7.71	34.96
3.181	7.67	34.96
3.183	7.64	34.96
3.185	7.65	34.96
3.185	7.66	34.96
3.185	7.68	34.96
3.186	7.64	34.96
3.187	7.63	34.96
3.189	7.64	34.96
3.193	7.66	34.96
3.198	7.62	34.96
3.201	7.56	34.96
3.203	7.55	34.96
3.206	7.52	34.96
3.209	7.49	34.96
3.211	7.49	34.96
3.213	7.50	34.96
3.215	7.50	34.96
3.217	7.49	34.96
3.219	7.49	34.96
3.222	7.48	34.96
3.224	7.45	34.96
3.226	7.43	34.96
3.228	7.45	34.96
3.231	7.46	34.96
3.233	7.45	34.96
3.236	7.43	34.96
3.238	7.43	34.96
3.239	7.42	34.96
3.241	7.38	34.96
3.243	7.40	34.96
3.245	7.38	34.96
3.247	7.37	34.96
3.249	7.37	34.96
3.251	7.36	34.96
3.253	7.37	34.96
3.254	7.40	34.96
3.256	7.40	34.96
3.258	7.40	34.96
3.259	7.38	34.96
3.259	7.39	34.96
3.261	7.39	34.96
3.262	7.39	34.96
3.264	7.38	34.96
3.265	7.35	34.96
3.269	7.35	34.96
3.274	7.32	34.96
3.276	7.31	34.96
3.279	7.30	34.96
3.282	7.29	34.96
3.285	7.29	34.96
3.287	7.31	34.96
3.290	7.27	34.96
3.294	7.27	34.96
3.296	7.26	34.96
3.297	7.28	34.96
3.299	7.28	34.96
3.300	7.28	34.96
3.300	7.29	34.96
3.299	7.28	34.96
3.299	7.28	34.96
3.298	7.30	34.96
3.298	7.29	34.96
3.298	7.33	34.96
3.298	7.30	34.96
3.299	7.32	34.96
3.300	7.34	34.96
3.304	7.36	34.96
3.308	7.35	34.96
3.311	7.37	34.96
3.315	7.38	34.96
3.319	7.33	34.96
3.324	7.32	34.96
3.327	7.32	34.96
3.330	7.30	34.96
3.333	7.34	34.96
3.337	7.30	34.96
3.341	7.29	34.96
3.345	7.33	34.96
3.350	7.29	34.96
3.353	7.30	34.96
3.355	7.28	34.96
3.357	7.26	34.96
3.359	7.24	34.96
3.363	7.25	34.96
3.367	7.23	34.96
3.371	7.21	34.95
3.373	7.21	34.95
3.375	7.19	34.95
3.379	7.14	34.95
3.382	7.14	34.95
3.384	7.11	34.95
3.386	7.14	34.95
3.388	7.15	34.95
3.391	7.13	34.95
3.397	7.09	34.95
3.403	7.05	34.95
3.409	7.03	34.95
3.413	6.99	34.95
3.416	7.00	34.95
3.418	7.01	34.95
3.419	7.02	34.95
3.421	7.00	34.95
3.425	6.99	34.95
3.429	6.98	34.95
3.432	6.95	34.95
3.435	6.96	34.95
3.438	6.92	34.95
3.440	6.95	34.95
3.441	6.93	34.95
3.442	6.92	34.95
3.443	6.91	34.95
3.442	6.91	34.95
3.442	6.91	34.95
3.442	6.91	34.95
3.441	6.90	34.95
3.440	6.91	34.95
3.440	6.91	34.95
3.440	6.89	34.95
3.439	6.90	34.95
3.439	6.91	34.95
3.438	6.89	34.95
3.438	6.90	34.95
3.438	6.88	34.95
3.437	6.90	34.95
3.437	6.91	34.95
3.437	6.89	34.95
3.437	6.91	34.95
3.437	6.89	34.95
3.436	6.91	34.95
3.436	6.88	34.95
3.436	6.90	34.95
3.436	6.88	34.95
3.436	6.90	34.95
3.435	6.89	34.95
3.435	6.88	34.95
3.435	6.91	34.95
3.435	6.89	34.95
3.435	6.91	34.95
3.435	6.90	34.95
3.434	6.91	34.95
3.434	6.90	34.95
3.434	6.88	34.95
3.434	6.90	34.95
3.434	6.89	34.95
3.434	6.87	34.95
3.434	6.91	34.95
