3.309	7.43	44.77
3.309	7.40	44.77
3.309	7.41	44.77
3.309	7.41	44.77
3.309	7.44	44.77
3.309	7.44	44.77
3.309	7.42	44.77
3.309	7.40	44.77
3.308	7.41	44.77
3.308	7.50	44.77
3.307	7.45	44.77
3.306	7.48	44.77
3.305	7.49	44.77
3.304	7.46	44.77
3.303	7.46	44.77
3.301	7.49	44.77
3.300	7.48	44.77
3.299	7.50	44.77
3.298	7.50	44.77
3.297	7.53	44.77
3.296	7.52	44.77
3.294	7.53	44.77
3.293	7.56	44.77
3.291	7.56	44.77
3.289	7.61	44.77
3.288	7.63	44.77
3.286	7.67	44.77
3.285	7.65	44.77
3.283	7.67	44.77
3.282	7.65	44.77
3.282	7.64	44.77
3.281	7.64	44.77
3.280	7.66	44.77
3.279	7.68	44.77
3.277	7.68	44.77
3.276	7.68	44.77
3.274	7.68	44.77
3.273	7.67	44.77
3.271	7.72	44.77
3.268	7.71	44.77
3.265	7.72	44.77
3.263	7.73	44.77
3.261	7.74	44.76
3.259	7.76	44.76
3.258	7.74	44.76
3.256	7.73	44.76
3.255	7.72	44.76
3.255	7.78	44.76
3.253	7.75	44.76
3.252	7.71	44.76
3.250	7.71	44.76
3.248	7.70	44.76
3.247	7.73	44.76
3.246	7.72	44.76
3.245	7.70	44.76
3.245	7.65	44.76
3.244	7.74	44.76
3.244	7.70	44.76
3.245	7.71	44.76
3.245	7.70	44.76
3.245	7.73	44.76
3.245	7.73	44.76
3.245	7.71	44.76
3.245	7.70	44.76
3.245	7.68	44.76
3.245	7.66	44.76
3.246	7.68	44.76
3.246	7.70	44.76
3.246	7.70	44.76
3.246	7.72	44.76
3.246	7.66	44.76
3.245	7.73	44.76
3.244	7.80	44.76
3.242	7.86	44.76
3.241	7.85	44.76
3.239	7.77	44.76
3.237	7.74	44.76
3.235	7.76	44.76
3.233	7.75	44.76
3.232	7.79	44.76
3.230	7.79	44.76
3.229	7.80	44.76
3.227	7.84	44.76
3.225	7.81	44.76
3.223	7.85	44.76
3.221	7.82	44.76
3.219	7.86	44.76
3.217	7.83	44.76
3.215	7.85	44.76
3.214	7.83	44.76
3.213	7.84	44.76
3.211	7.86	44.76
3.210	7.89	44.76
3.209	7.87	44.76
3.207	7.88	44.76
3.206	7.79	44.76
3.206	7.76	44.76
3.206	7.74	44.75
3.205	7.73	44.75
3.205	7.80	44.75
3.206	7.73	44.75
3.206	7.83	44.75
3.205	7.83	44.75
3.204	7.81	44.75
3.202	7.83	44.75
3.200	7.84	44.75
3.198	7.83	44.75
3.196	7.84	44.75
3.194	7.91	44.75
3.192	7.85	44.75
3.191	7.85	44.75
3.190	7.85	44.75
3.188	7.91	44.75
3.187	7.85	44.75
3.186	7.87	44.75
3.185	7.87	44.75
3.183	7.85	44.75
3.183	7.95	44.75
3.182	7.88	44.75
3.182	7.90	44.75
3.181	7.88	44.75
3.181	7.85	44.75
3.180	7.89	44.75
3.180	7.90	44.75
3.179	7.89	44.75
3.178	7.89	44.75
3.177	7.88	44.75
3.176	7.87	44.75
3.175	7.87	44.75
3.174	7.87	44.75
3.173	7.85	44.75
3.171	7.86	44.75
3.170	7.88	44.75
3.169	7.87	44.75
3.168	7.85	44.75
3.167	7.88	44.75
3.166	7.88	44.75
3.165	7.86	44.75
3.164	7.90	44.75
3.163	7.94	44.75
3.162	7.92	44.75
3.162	7.93	44.75
3.161	7.89	44.75
3.160	7.91	44.75
3.159	7.93	44.75
3.159	7.89	44.75
3.158	7.91	44.75
3.158	7.90	44.75
3.157	7.94	44.75
3.156	7.89	44.75
3.155	7.97	44.75
3.154	7.91	44.75
3.153	7.93	44.75
3.152	7.92	44.75
3.150	7.95	44.75
3.149	7.91	44.75
3.147	7.93	44.75
3.146	7.96	44.75
3.145	8.01	44.75
3.144	7.96	44.75
3.143	7.96	44.75
3.142	7.96	44.75
3.141	7.95	44.75
3.140	7.94	44.75
3.140	7.95	44.75
3.140	7.96	44.75
3.140	7.95	44.75
3.140	7.91	44.75
3.140	7.94	44.74
3.141	7.99	44.74
3.141	7.93	44.74
3.141	7.94	44.74
3.141	7.99	44.74
3.141	8.02	44.74
3.140	7.99	44.74
3.138	7.96	44.74
3.137	7.96	44.74
3.136	7.96	44.74
3.134	8.01	44.74
3.132	7.97	44.74
3.130	7.98	44.74
3.129	7.97	44.74
3.128	8.02	44.74
3.126	7.99	44.74
3.124	8.03	44.74
3.123	8.02	44.74
3.121	8.19	44.74
3.119	8.08	44.74
3.118	8.20	44.74
3.117	8.19	44.74
3.117	8.22	44.74
3.116	8.21	44.74
3.115	8.17	44.74
3.114	8.17	44.74
3.113	8.14	44.74
3.112	8.17	44.74
3.111	8.14	44.74
3.110	8.20	44.74
3.108	8.16	44.74
3.108	8.17	44.74
3.107	8.20	44.74
3.105	8.18	44.74
3.105	8.15	44.74
3.104	8.17	44.74
3.103	8.15	44.74
3.101	8.13	44.74
3.100	8.19	44.74
3.098	8.24	44.74
3.097	8.21	44.73
3.095	8.21	44.73
3.093	8.17	44.73
3.092	8.17	44.73
3.091	8.20	44.73
3.090	8.21	44.73
3.088	8.16	44.73
3.087	8.17	44.73
3.085	8.21	44.73
3.084	8.19	44.73
3.082	8.16	44.73
3.081	8.19	44.73
3.079	8.18	44.73
3.078	8.21	44.73
3.076	8.20	44.73
3.075	8.32	44.73
3.073	8.24	44.73
3.071	8.24	44.73
3.069	8.26	44.73
3.068	8.25	44.73
3.066	8.31	44.73
3.065	8.22	44.73
3.063	8.31	44.73
3.062	8.32	44.73
3.061	8.31	44.73
3.059	8.33	44.73
3.059	8.34	44.73
3.058	8.32	44.73
3.057	8.35	44.73
3.055	8.32	44.73
3.054	8.33	44.73
3.053	8.31	44.73
3.052	8.32	44.73
3.050	8.31	44.73
3.050	8.25	44.73
3.048	8.40	44.73
3.047	8.32	44.73
3.046	8.31	44.73
3.046	8.31	44.73
3.046	8.26	44.73
3.046	8.33	44.73
3.046	8.30	44.73
3.046	8.30	44.73
3.046	8.34	44.73
3.045	8.29	44.73
3.045	8.32	44.73
3.044	8.31	44.73
3.043	8.31	44.73
3.042	8.32	44.73
3.039	8.29	44.73
3.036	8.29	44.73
3.033	8.32	44.73
3.031	8.31	44.73
3.029	8.30	44.73
3.028	8.28	44.73
3.027	8.33	44.73
3.026	8.33	44.73
3.025	8.29	44.73
3.024	8.31	44.73
3.024	8.35	44.73
3.022	8.31	44.73
3.021	8.32	44.73
3.020	8.30	44.73
3.019	8.28	44.73
3.018	8.33	44.73
3.017	8.34	44.73
3.015	8.32	44.73
3.014	8.34	44.73
3.013	8.33	44.73
3.013	8.35	44.73
3.011	8.36	44.73
3.010	8.37	44.73
3.009	8.28	44.73
3.008	8.37	44.73
3.007	8.36	44.73
3.006	8.40	44.73
3.004	8.28	44.73
3.003	8.31	44.73
3.002	8.40	44.73
3.001	8.38	44.73
3.000	8.45	44.73
2.998	8.42	44.73
2.997	8.37	44.73
2.996	8.39	44.73
2.995	8.39	44.73
2.995	8.30	44.73
2.994	8.45	44.73
2.993	8.42	44.73
2.992	8.41	44.73
2.991	8.42	44.73
2.990	8.32	44.73
2.988	8.31	44.73
2.987	8.41	44.72
2.986	8.42	44.72
2.985	8.46	44.72
2.985	8.40	44.72
2.984	8.51	44.72
2.984	8.42	44.72
2.983	8.42	44.72
2.983	8.43	44.72
2.983	8.47	44.72
2.983	8.47	44.72
2.983	8.42	44.72
2.984	8.42	44.72
2.984	8.32	44.72
2.984	8.45	44.72
2.983	8.42	44.72
2.982	8.44	44.72
2.981	8.47	44.72
2.979	8.44	44.72
2.978	8.48	44.72
2.977	8.44	44.72
2.976	8.45	44.72
2.975	8.45	44.72
2.974	8.47	44.72
2.973	8.46	44.72
2.971	8.49	44.72
2.970	8.47	44.72
2.970	8.43	44.72
2.969	8.51	44.72
2.968	8.50	44.72
2.967	8.50	44.72
2.966	8.48	44.72
2.965	8.51	44.72
2.964	8.42	44.72
2.963	8.48	44.72
2.962	8.53	44.72
2.961	8.50	44.72
2.960	8.52	44.72
2.959	8.52	44.72
2.957	8.57	44.72
2.955	8.57	44.72
2.954	8.68	44.72
2.952	8.56	44.72
2.951	8.59	44.72
2.949	8.61	44.72
2.948	8.63	44.72
2.946	8.55	44.72
2.945	8.60	44.72
2.943	8.59	44.72
2.942	8.58	44.72
2.940	8.56	44.72
2.939	8.58	44.72
2.938	8.67	44.72
2.937	8.60	44.72
2.936	8.60	44.72
2.936	8.66	44.72
2.936	8.63	44.72
2.936	8.62	44.72
2.935	8.66	44.72
2.934	8.65	44.72
2.933	8.68	44.72
2.932	8.62	44.72
2.929	8.67	44.72
2.927	8.66	44.72
2.925	8.62	44.72
2.923	8.69	44.72
2.922	8.67	44.72
2.920	8.66	44.72
2.920	8.67	44.72
2.919	8.70	44.72
2.919	8.63	44.72
2.918	8.67	44.72
2.918	8.68	44.72
2.917	8.71	44.72
2.916	8.74	44.72
2.915	8.62	44.72
2.915	8.68	44.72
2.914	8.67	44.72
2.914	8.72	44.72
2.914	8.63	44.71
2.914	8.68	44.71
2.915	8.68	44.71
2.915	8.67	44.71
2.915	8.66	44.71
2.915	8.71	44.71
2.915	8.69	44.71
2.913	8.72	44.71
2.912	8.71	44.71
2.910	8.74	44.71
2.908	8.71	44.71
2.906	8.71	44.71
2.904	8.71	44.71
2.902	8.69	44.71
2.901	8.70	44.71
2.899	8.69	44.71
2.896	8.69	44.71
2.895	8.72	44.71
2.893	8.72	44.71
2.892	8.71	44.71
2.891	8.68	44.71
2.890	8.70	44.71
2.889	8.68	44.71
2.887	8.70	44.71
2.886	8.71	44.71
2.885	8.70	44.71
2.884	8.70	44.71
2.884	8.67	44.71
2.883	8.70	44.71
2.882	8.70	44.71
2.881	8.71	44.71
2.880	8.69	44.71
2.879	8.70	44.71
2.878	8.72	44.71
2.877	8.72	44.71
2.876	8.70	44.71
2.874	8.70	44.71
2.873	8.68	44.71
2.872	8.74	44.71
2.870	8.72	44.71
2.869	8.72	44.71
2.868	8.75	44.71
2.867	8.76	44.71
2.865	8.74	44.71
2.864	8.77	44.71
2.863	8.74	44.70
2.861	8.78	44.70
2.860	8.85	44.70
2.859	8.80	44.70
2.858	8.81	44.70
2.857	8.79	44.70
2.856	8.77	44.70
2.855	8.81	44.70
2.854	8.80	44.70
2.853	8.79	44.70
2.851	8.79	44.70
2.850	8.80	44.70
2.849	8.79	44.70
2.848	8.82	44.70
2.847	8.85	44.70
2.845	8.87	44.70
2.844	8.88	44.70
2.842	8.88	44.70
2.840	8.88	44.70
2.838	8.88	44.70
2.836	8.85	44.70
2.835	8.91	44.70
2.833	8.90	44.70
2.832	8.90	44.70
2.830	8.91	44.70
2.829	8.94	44.70
2.828	8.95	44.70
2.826	8.93	44.70
2.825	8.93	44.70
2.825	8.93	44.70
2.825	8.91	44.70
2.825	8.91	44.70
2.825	8.92	44.70
2.826	8.91	44.70
2.826	8.93	44.70
2.826	8.92	44.70
2.826	8.91	44.70
2.826	8.92	44.70
2.827	8.92	44.70
2.827	8.90	44.70
2.827	8.94	44.70
2.827	8.94	44.70
2.826	8.94	44.70
2.826	8.95	44.70
2.825	8.96	44.70
2.824	8.97	44.70
2.823	8.97	44.70
2.822	8.96	44.70
2.822	8.93	44.70
2.821	8.95	44.70
2.821	8.97	44.70
2.820	8.98	44.70
2.819	8.97	44.70
2.818	8.97	44.70
2.816	8.96	44.70
2.815	8.98	44.70
2.814	9.00	44.70
2.813	9.02	44.70
2.812	9.07	44.70
2.810	9.07	44.70
2.808	9.09	44.70
2.805	9.11	44.70
2.802	9.10	44.70
2.801	9.09	44.70
2.799	9.10	44.70
2.799	9.10	44.70
2.798	9.13	44.70
2.797	9.10	44.70
2.797	9.11	44.70
2.796	9.11	44.70
2.796	9.14	44.70
2.795	9.11	44.70
2.794	9.08	44.70
2.793	9.08	44.70
2.792	9.09	44.70
2.791	9.09	44.70
2.790	9.08	44.70
2.789	9.11	44.70
2.788	9.09	44.70
2.788	9.09	44.70
2.786	9.09	44.70
2.785	9.13	44.70
2.784	9.13	44.70
2.783	9.13	44.70
2.782	9.13	44.70
2.781	9.11	44.70
2.780	9.10	44.70
2.779	9.13	44.70
2.779	9.14	44.70
2.778	9.15	44.70
2.776	9.14	44.70
2.776	9.18	44.70
2.775	9.17	44.70
2.774	9.17	44.70
2.773	9.13	44.70
2.772	9.15	44.70
2.770	9.19	44.70
2.769	9.18	44.70
2.768	9.16	44.70
2.767	9.17	44.70
2.766	9.16	44.70
2.765	9.18	44.70
2.764	9.17	44.70
2.763	9.16	44.70
2.762	9.20	44.70
2.760	9.17	44.70
2.759	9.16	44.70
2.757	9.16	44.70
2.756	9.16	44.70
2.754	9.17	44.70
2.753	9.14	44.70
2.752	9.13	44.70
2.751	9.16	44.70
2.750	9.14	44.70
2.749	9.17	44.70
2.748	9.20	44.70
2.747	9.23	44.70
2.746	9.22	44.70
2.745	9.24	44.70
2.744	9.25	44.70
2.743	9.24	44.70
2.742	9.24	44.70
2.741	9.22	44.69
2.740	9.20	44.69
2.739	9.28	44.69
2.738	9.27	44.69
2.738	9.27	44.69
2.737	9.23	44.69
2.736	9.26	44.69
2.734	9.24	44.69
2.733	9.24	44.69
2.732	9.24	44.69
2.731	9.22	44.69
2.730	9.25	44.69
2.729	9.24	44.69
2.728	9.26	44.69
2.727	9.25	44.69
2.726	9.25	44.69
2.725	9.29	44.69
2.724	9.30	44.69
2.723	9.34	44.69
2.722	9.37	44.69
2.721	9.39	44.69
2.720	9.39	44.69
2.719	9.39	44.69
2.718	9.40	44.69
2.717	9.40	44.69
2.716	9.39	44.69
2.715	9.39	44.69
2.714	9.39	44.69
2.713	9.40	44.69
2.712	9.39	44.69
2.711	9.40	44.69
2.710	9.40	44.69
2.709	9.40	44.69
2.708	9.41	44.69
2.707	9.41	44.69
2.706	9.41	44.69
2.705	9.42	44.69
2.704	9.42	44.69
2.703	9.42	44.69
2.702	9.41	44.69
2.702	9.42	44.69
2.701	9.42	44.69
2.701	9.42	44.69
2.700	9.42	44.69
2.700	9.42	44.69
2.699	9.42	44.69
2.699	9.42	44.69
2.698	9.42	44.69
2.698	9.42	44.69
2.698	9.42	44.69
2.697	9.43	44.69
2.697	9.43	44.69
2.697	9.43	44.69
2.697	9.43	44.69
2.696	9.43	44.69
2.696	9.43	44.69
2.695	9.44	44.69
2.695	9.43	44.69
2.695	9.43	44.69
2.695	9.44	44.69
2.694	9.44	44.69
2.694	9.44	44.69
2.693	9.44	44.69
2.693	9.45	44.69
2.692	9.44	44.69
2.691	9.44	44.69
2.690	9.44	44.69
2.689	9.46	44.69
2.688	9.46	44.69
2.685	9.50	44.69
2.681	9.50	44.69
2.678	9.50	44.69
2.676	9.49	44.69
2.675	9.49	44.69
2.674	9.49	44.69
2.673	9.50	44.69
2.672	9.51	44.69
2.671	9.50	44.69
2.670	9.51	44.69
2.669	9.53	44.69
2.668	9.56	44.69
2.666	9.56	44.69
2.665	9.56	44.69
2.663	9.57	44.69
2.662	9.57	44.69
2.659	9.57	44.69
2.658	9.58	44.69
2.656	9.58	44.69
2.653	9.59	44.69
2.651	9.60	44.69
2.649	9.61	44.69
2.646	9.62	44.69
2.643	9.63	44.69
2.641	9.63	44.69
2.640	9.64	44.69
2.639	9.64	44.69
2.638	9.64	44.69
2.636	9.65	44.69
2.635	9.65	44.69
2.634	9.65	44.69
2.633	9.65	44.69
2.632	9.66	44.69
2.631	9.67	44.69
2.629	9.68	44.69
2.626	9.69	44.69
2.624	9.69	44.69
2.623	9.70	44.69
2.622	9.70	44.69
2.620	9.71	44.69
2.618	9.71	44.69
2.617	9.72	44.68
2.615	9.73	44.69
2.614	9.74	44.68
2.612	9.75	44.69
2.610	9.77	44.68
2.609	9.77	44.68
2.607	9.77	44.68
2.606	9.77	44.68
2.605	9.78	44.68
2.603	9.78	44.68
2.602	9.79	44.68
2.600	9.80	44.68
2.599	9.80	44.68
2.598	9.81	44.68
2.597	9.81	44.68
2.595	9.82	44.68
2.594	9.82	44.68
2.593	9.82	44.68
2.592	9.83	44.68
2.590	9.84	44.68
2.589	9.85	44.68
2.587	9.86	44.68
2.586	9.87	44.68
2.585	9.88	44.68
2.584	9.89	44.68
2.583	9.89	44.68
2.581	9.90	44.68
2.580	9.91	44.68
2.579	9.92	44.68
2.577	9.93	44.68
2.576	9.94	44.68
2.575	9.95	44.68
2.574	9.95	44.68
2.573	9.96	44.68
2.572	9.96	44.68
2.571	9.96	44.68
2.570	9.97	44.68
2.569	9.99	44.68
2.567	9.99	44.68
2.566	10.00	44.68
2.564	10.00	44.68
2.563	10.01	44.68
2.562	10.02	44.68
2.561	10.03	44.68
2.560	10.04	44.68
2.558	10.06	44.68
2.556	10.06	44.68
2.554	10.07	44.68
2.553	10.07	44.68
2.552	10.07	44.68
2.551	10.08	44.68
2.550	10.09	44.68
2.548	10.09	44.68
2.547	10.10	44.68
2.544	10.11	44.68
2.542	10.11	44.68
2.541	10.11	44.68
2.540	10.11	44.68
2.539	10.11	44.68
2.539	10.12	44.68
2.538	10.12	44.68
2.537	10.12	44.68
2.535	10.12	44.68
2.534	10.12	44.68
2.532	10.12	44.68
2.531	10.13	44.68
2.530	10.13	44.68
2.528	10.14	44.68
2.527	10.14	44.68
2.526	10.14	44.68
2.525	10.14	44.68
2.524	10.15	44.68
2.523	10.15	44.68
2.521	10.16	44.68
2.520	10.16	44.68
2.519	10.16	44.68
2.517	10.18	44.68
2.515	10.19	44.68
2.512	10.19	44.68
2.510	10.20	44.68
2.509	10.21	44.68
2.507	10.21	44.68
2.506	10.21	44.68
2.506	10.21	44.68
2.505	10.22	44.68
2.505	10.22	44.68
2.503	10.23	44.68
2.502	10.23	44.68
2.500	10.25	44.68
2.498	10.26	44.68
2.496	10.26	44.68
2.494	10.27	44.68
2.493	10.27	44.68
2.491	10.27	44.68
2.490	10.27	44.68
2.489	10.28	44.68
2.488	10.28	44.68
2.487	10.29	44.68
2.486	10.29	44.68
2.485	10.30	44.68
2.484	10.31	44.68
2.483	10.32	44.68
2.482	10.33	44.68
2.481	10.33	44.68
2.479	10.35	44.68
2.478	10.36	44.68
2.476	10.37	44.68
2.475	10.38	44.68
2.473	10.39	44.68
2.472	10.39	44.68
2.471	10.40	44.68
2.471	10.41	44.68
2.470	10.40	44.68
2.469	10.40	44.68
2.468	10.41	44.68
2.468	10.42	44.68
2.467	10.43	44.68
2.466	10.43	44.68
2.465	10.43	44.68
2.465	10.44	44.68
2.464	10.43	44.67
2.464	10.45	44.67
2.463	10.46	44.67
2.460	10.52	44.67
2.455	10.53	44.67
2.451	10.54	44.67
2.448	10.55	44.67
2.445	10.56	44.67
2.443	10.57	44.67
2.441	10.58	44.67
2.440	10.58	44.67
2.438	10.58	44.67
2.436	10.58	44.67
2.434	10.59	44.67
2.434	10.58	44.67
2.433	10.59	44.67
2.433	10.59	44.67
2.433	10.59	44.67
2.434	10.58	44.67
2.434	10.59	44.67
2.434	10.58	44.67
2.434	10.59	44.67
2.435	10.59	44.67
2.434	10.59	44.67
2.433	10.60	44.67
2.432	10.61	44.67
2.430	10.61	44.67
2.428	10.62	44.67
2.426	10.62	44.67
2.424	10.62	44.67
2.423	10.63	44.67
2.421	10.63	44.67
2.419	10.64	44.67
2.418	10.64	44.67
2.416	10.64	44.67
2.416	10.64	44.67
2.415	10.65	44.67
2.414	10.65	44.67
2.414	10.65	44.67
2.413	10.67	44.67
2.411	10.68	44.67
2.408	10.69	44.67
2.407	10.68	44.67
2.406	10.69	44.67
2.405	10.69	44.67
2.404	10.70	44.67
2.403	10.72	44.67
2.401	10.73	44.67
2.399	10.73	44.67
2.397	10.73	44.67
2.395	10.75	44.67
2.393	10.76	44.67
2.391	10.76	44.67
2.389	10.77	44.67
2.387	10.78	44.67
2.385	10.80	44.67
2.382	10.81	44.67
2.380	10.83	44.67
2.378	10.84	44.67
2.376	10.85	44.67
2.374	10.87	44.67
2.373	10.87	44.67
2.371	10.88	44.67
2.371	10.88	44.67
2.370	10.89	44.67
2.370	10.89	44.67
2.370	10.90	44.66
2.369	10.90	44.66
2.369	10.90	44.66
2.369	10.90	44.66
2.368	10.91	44.66
2.367	10.94	44.66
2.365	10.96	44.66
2.362	10.97	44.66
2.360	10.97	44.66
2.358	10.99	44.66
2.356	11.01	44.66
2.354	11.02	44.66
2.352	11.03	44.66
2.350	11.05	44.66
2.347	11.06	44.66
2.344	11.06	44.66
2.342	11.06	44.66
2.341	11.06	44.66
2.340	11.07	44.66
2.339	11.07	44.66
2.338	11.07	44.66
2.338	11.07	44.66
2.337	11.08	44.66
2.336	11.09	44.66
2.335	11.10	44.66
2.334	11.10	44.66
2.332	11.11	44.66
2.331	11.11	44.66
2.329	11.11	44.66
2.329	11.11	44.66
2.328	11.11	44.66
2.327	11.12	44.66
2.324	11.14	44.66
2.320	11.15	44.66
2.316	11.15	44.66
2.313	11.16	44.66
2.311	11.17	44.66
2.310	11.17	44.66
2.308	11.19	44.66
2.307	11.19	44.66
2.305	11.20	44.66
2.304	11.21	44.66
2.302	11.23	44.66
2.301	11.23	44.66
2.300	11.23	44.66
2.298	11.24	44.66
2.297	11.25	44.66
2.296	11.26	44.66
2.294	11.26	44.66
2.293	11.27	44.66
2.291	11.27	44.66
2.290	11.27	44.66
2.289	11.29	44.66
2.288	11.30	44.66
2.287	11.32	44.66
2.285	11.33	44.66
2.284	11.33	44.66
2.282	11.34	44.66
2.282	11.36	44.66
2.281	11.36	44.66
2.280	11.37	44.66
2.279	11.37	44.66
2.279	11.38	44.66
2.278	11.38	44.66
2.278	11.38	44.66
2.277	11.38	44.66
2.277	11.39	44.66
2.276	11.39	44.66
2.276	11.41	44.66
2.275	11.41	44.66
2.274	11.41	44.66
2.274	11.41	44.66
2.273	11.42	44.66
2.272	11.42	44.66
2.272	11.43	44.66
2.271	11.46	44.66
2.269	11.48	44.66
2.267	11.49	44.66
2.266	11.50	44.66
2.264	11.51	44.66
2.263	11.52	44.66
2.261	11.52	44.66
2.260	11.53	44.66
2.258	11.53	44.66
2.257	11.54	44.66
2.255	11.54	44.66
2.254	11.54	44.66
2.253	11.54	44.66
2.252	11.55	44.66
2.251	11.55	44.66
2.250	11.56	44.66
2.248	11.56	44.66
2.247	11.56	44.66
2.245	11.57	44.66
2.243	11.57	44.65
2.242	11.58	44.65
2.240	11.58	44.65
2.239	11.59	44.65
2.238	11.59	44.65
2.236	11.59	44.65
2.235	11.61	44.65
2.234	11.63	44.65
2.232	11.64	44.65
2.230	11.64	44.65
2.228	11.64	44.65
2.226	11.65	44.65
2.225	11.66	44.65
2.223	11.67	44.65
2.222	11.68	44.65
2.220	11.68	44.65
2.220	11.68	44.65
2.219	11.68	44.65
2.217	11.69	44.65
2.216	11.71	44.65
2.215	11.71	44.65
2.214	11.72	44.65
2.213	11.72	44.65
2.212	11.72	44.65
2.211	11.73	44.65
2.210	11.74	44.65
2.209	11.75	44.65
2.207	11.75	44.65
2.206	11.76	44.65
2.205	11.78	44.65
2.204	11.79	44.65
2.203	11.80	44.65
2.202	11.80	44.65
2.200	11.85	44.65
2.199	11.84	44.65
2.198	11.85	44.65
2.197	11.85	44.65
2.196	11.86	44.65
2.195	11.86	44.65
2.194	11.87	44.65
2.194	11.88	44.65
2.193	11.88	44.65
2.193	11.88	44.65
2.192	11.89	44.65
2.192	11.90	44.65
2.191	11.92	44.65
2.189	11.93	44.65
2.187	11.94	44.65
2.186	11.94	44.65
2.185	11.95	44.65
2.184	11.96	44.65
2.183	11.96	44.65
2.182	11.98	44.65
2.180	11.98	44.65
2.179	11.99	44.65
2.177	11.99	44.65
2.175	12.00	44.65
2.174	12.00	44.65
2.173	12.01	44.65
2.172	12.01	44.65
2.170	12.02	44.65
2.169	12.03	44.65
2.168	12.04	44.65
2.166	12.04	44.65
2.164	12.05	44.65
2.163	12.06	44.65
2.161	12.07	44.65
2.160	12.07	44.65
2.158	12.08	44.65
2.157	12.08	44.65
2.155	12.08	44.65
2.154	12.10	44.65
2.152	12.10	44.65
2.150	12.11	44.65
2.149	12.11	44.65
2.147	12.12	44.65
2.146	12.12	44.65
2.146	12.13	44.65
2.145	12.13	44.65
2.144	12.15	44.65
2.142	12.17	44.65
2.140	12.19	44.65
2.138	12.18	44.65
2.137	12.19	44.65
2.136	12.19	44.65
2.135	12.20	44.65
2.133	12.22	44.65
2.131	12.23	44.65
2.130	12.23	44.65
2.128	12.24	44.65
2.127	12.25	44.65
2.126	12.26	44.65
2.125	12.25	44.65
2.124	12.27	44.65
2.124	12.27	44.65
2.123	12.27	44.65
2.122	12.28	44.64
2.121	12.29	44.64
2.121	12.29	44.64
2.120	12.29	44.64
2.120	12.30	44.64
2.120	12.29	44.64
2.119	12.30	44.64
2.119	12.30	44.64
2.119	12.30	44.64
2.119	12.30	44.64
2.120	12.29	44.64
2.120	12.30	44.64
2.120	12.30	44.64
2.120	12.30	44.64
2.120	12.30	44.64
2.120	12.29	44.64
2.120	12.30	44.64
2.120	12.30	44.64
2.120	12.29	44.64
2.121	12.29	44.64
2.121	12.30	44.64
2.121	12.29	44.64
2.121	12.29	44.64
2.121	12.29	44.64
2.121	12.29	44.64
2.121	12.29	44.64
2.121	12.29	44.64
2.121	12.29	44.64
2.121	12.30	44.64
2.121	12.30	44.64
2.121	12.30	44.64
2.121	12.30	44.64
2.121	12.30	44.64
2.121	12.30	44.64
2.121	12.30	44.64
2.121	12.30	44.64
2.121	12.30	44.64
2.121	12.30	44.63
2.121	12.31	44.63
2.121	12.32	44.64
2.120	12.34	44.63
2.118	12.37	44.63
2.116	12.39	44.63
2.113	12.40	44.63
2.111	12.41	44.63
2.110	12.42	44.63
2.109	12.42	44.63
2.108	12.43	44.63
2.107	12.43	44.63
2.107	12.44	44.63
2.106	12.44	44.63
2.105	12.44	44.63
2.105	12.45	44.63
2.104	12.46	44.63
2.103	12.46	44.63
2.103	12.46	44.63
2.102	12.46	44.63
2.101	12.47	44.63
2.101	12.46	44.63
2.100	12.46	44.63
2.100	12.47	44.63
2.099	12.47	44.63
2.099	12.48	44.63
2.098	12.49	44.63
2.097	12.49	44.63
2.096	12.50	44.63
2.096	12.50	44.63
2.095	12.50	44.63
2.094	12.50	44.63
2.094	12.50	44.63
2.093	12.50	44.63
2.092	12.51	44.63
2.091	12.51	44.63
2.090	12.52	44.63
2.090	12.52	44.63
2.089	12.52	44.63
2.088	12.53	44.63
2.087	12.52	44.63
2.087	12.53	44.63
2.086	12.53	44.63
2.086	12.53	44.63
2.086	12.52	44.63
2.086	12.53	44.63
2.086	12.53	44.63
2.086	12.53	44.63
2.086	12.53	44.63
2.087	12.53	44.63
2.087	12.53	44.63
2.087	12.53	44.63
2.087	12.52	44.63
2.087	12.53	44.63
2.087	12.54	44.63
2.086	12.54	44.63
2.086	12.54	44.63
2.085	12.54	44.63
2.085	12.54	44.63
2.084	12.55	44.63
2.084	12.55	44.63
2.083	12.55	44.63
2.083	12.56	44.63
2.083	12.55	44.63
2.082	12.56	44.63
2.082	12.56	44.63
2.081	12.56	44.63
2.081	12.56	44.63
2.081	12.56	44.63
2.081	12.56	44.63
2.081	12.56	44.63
2.081	12.56	44.63
2.080	12.57	44.63
2.080	12.58	44.63
2.079	12.58	44.63
2.078	12.59	44.63
2.077	12.59	44.63
2.077	12.59	44.63
2.076	12.60	44.63
2.075	12.60	44.63
2.074	12.61	44.63
2.073	12.61	44.63
2.072	12.62	44.63
2.071	12.62	44.63
2.070	12.62	44.63
2.069	12.63	44.63
2.068	12.62	44.63
2.068	12.64	44.63
2.067	12.64	44.63
2.067	12.66	44.63
2.066	12.66	44.63
2.065	12.67	44.63
2.065	12.67	44.63
2.064	12.67	44.63
2.064	12.67	44.63
2.063	12.68	44.63
2.063	12.68	44.63
2.063	12.68	44.63
2.062	12.68	44.63
2.062	12.69	44.63
2.061	12.69	44.63
2.060	12.70	44.63
2.060	12.70	44.63
2.059	12.71	44.63
2.059	12.71	44.63
2.059	12.71	44.63
2.058	12.71	44.63
2.057	12.72	44.63
2.057	12.72	44.63
2.056	12.74	44.63
2.056	12.73	44.63
2.055	12.74	44.63
2.055	12.75	44.62
2.054	12.75	44.63
2.053	12.76	44.62
2.053	12.76	44.63
2.052	12.75	44.63
2.052	12.75	44.63
2.052	12.75	44.62
2.052	12.76	44.63
2.052	12.75	44.62
2.052	12.77	44.62
2.051	12.78	44.62
2.050	12.78	44.62
2.050	12.78	44.62
2.049	12.79	44.62
2.049	12.79	44.62
2.048	12.80	44.62
2.048	12.80	44.62
2.047	12.82	44.62
2.047	12.82	44.62
2.046	12.82	44.62
2.046	12.83	44.62
2.045	12.84	44.62
2.045	12.84	44.62
2.044	12.85	44.62
2.043	12.85	44.62
2.042	12.87	44.62
2.041	12.88	44.62
2.041	12.88	44.62
2.040	12.88	44.62
2.039	12.89	44.62
2.038	12.89	44.62
2.038	12.90	44.62
2.037	12.91	44.62
2.036	12.92	44.62
2.035	12.92	44.62
2.035	12.93	44.62
2.034	12.92	44.62
2.034	12.93	44.62
2.033	12.93	44.62
2.032	12.95	44.62
2.031	12.95	44.62
2.031	12.95	44.62
2.030	12.95	44.62
2.030	12.96	44.62
2.029	12.96	44.62
2.028	12.96	44.62
2.028	12.96	44.62
2.027	12.97	44.62
2.027	12.97	44.62
2.026	12.97	44.62
2.025	12.97	44.62
2.025	12.97	44.62
2.024	12.98	44.62
2.024	12.98	44.62
2.023	12.98	44.62
2.023	12.98	44.62
2.023	12.97	44.62
2.023	12.98	44.62
2.023	12.98	44.62
2.023	12.98	44.62
2.023	12.98	44.62
2.023	12.98	44.62
2.023	12.99	44.62
2.023	12.98	44.62
2.023	12.99	44.62
2.022	13.00	44.62
2.022	13.00	44.62
2.022	13.01	44.62
2.021	13.00	44.62
2.021	13.01	44.62
2.020	13.01	44.62
2.019	13.01	44.62
2.019	13.02	44.62
2.018	13.03	44.62
2.018	13.02	44.62
2.017	13.02	44.62
2.017	13.02	44.62
2.016	13.03	44.62
2.015	13.03	44.62
2.015	13.03	44.62
2.014	13.03	44.62
2.014	13.03	44.62
2.013	13.04	44.62
2.012	13.04	44.62
2.012	13.05	44.62
2.011	13.05	44.62
2.011	13.04	44.62
2.010	13.05	44.62
2.010	13.05	44.62
2.010	13.05	44.62
2.009	13.05	44.62
2.009	13.06	44.62
2.009	13.05	44.62
2.009	13.06	44.62
2.008	13.06	44.62
2.008	13.07	44.62
2.008	13.06	44.62
2.007	13.06	44.62
2.007	13.07	44.62
2.007	13.07	44.62
2.007	13.07	44.62
2.006	13.07	44.62
2.006	13.07	44.62
2.005	13.07	44.62
2.005	13.08	44.62
2.004	13.09	44.62
2.004	13.08	44.62
2.003	13.09	44.62
2.003	13.09	44.62
2.002	13.09	44.62
2.002	13.10	44.62
2.002	13.10	44.62
2.001	13.10	44.62
2.000	13.11	44.62
2.000	13.11	44.62
1.999	13.12	44.62
1.999	13.12	44.62
1.998	13.12	44.62
1.998	13.12	44.62
1.997	13.13	44.62
1.997	13.13	44.62
1.996	13.13	44.62
1.996	13.16	44.62
1.995	13.15	44.62
1.994	13.16	44.62
1.993	13.16	44.61
1.993	13.16	44.61
1.992	13.16	44.61
1.991	13.17	44.61
1.991	13.17	44.61
1.990	13.18	44.61
1.990	13.19	44.61
1.990	13.20	44.61
1.989	13.20	44.61
1.989	13.21	44.61
1.988	13.21	44.61
1.988	13.21	44.61
1.987	13.22	44.61
1.987	13.22	44.61
1.986	13.22	44.61
1.986	13.23	44.61
1.985	13.22	44.61
1.985	13.23	44.61
1.985	13.23	44.61
1.984	13.24	44.61
1.984	13.24	44.61
1.984	13.24	44.61
1.984	13.24	44.61
1.984	13.24	44.61
1.984	13.24	44.61
1.984	13.24	44.61
1.984	13.25	44.61
1.983	13.25	44.61
1.983	13.25	44.61
1.982	13.26	44.61
1.982	13.28	44.61
1.981	13.30	44.61
1.980	13.30	44.61
1.979	13.29	44.61
1.978	13.30	44.61
1.978	13.30	44.61
1.977	13.30	44.61
1.977	13.31	44.61
1.976	13.32	44.61
1.975	13.33	44.61
1.974	13.34	44.61
1.973	13.36	44.61
1.972	13.37	44.61
1.972	13.37	44.61
1.971	13.37	44.61
1.970	13.37	44.61
1.970	13.38	44.61
1.969	13.38	44.61
1.969	13.38	44.61
1.969	13.38	44.61
1.968	13.39	44.61
1.968	13.39	44.61
1.968	13.39	44.61
1.968	13.40	44.61
1.967	13.40	44.61
1.966	13.42	44.61
1.966	13.42	44.60
1.965	13.42	44.61
1.965	13.42	44.60
1.964	13.42	44.60
1.963	13.43	44.60
1.963	13.44	44.60
1.962	13.44	44.60
1.962	13.44	44.60
1.962	13.44	44.60
1.961	13.44	44.60
1.961	13.45	44.60
1.960	13.45	44.60
1.960	13.45	44.60
1.959	13.45	44.60
1.959	13.46	44.60
1.958	13.45	44.60
1.957	13.46	44.60
1.957	13.46	44.60
1.956	13.46	44.60
1.956	13.46	44.60
1.955	13.47	44.60
1.955	13.47	44.60
1.953	13.47	44.60
1.953	13.47	44.60
1.953	13.48	44.60
1.952	13.47	44.60
1.952	13.47	44.60
1.952	13.47	44.60
1.952	13.48	44.60
1.952	13.48	44.60
1.952	13.55	44.60
1.952	13.52	44.60
1.952	13.49	44.59
1.951	13.49	44.59
1.951	13.49	44.59
1.950	13.50	44.59
1.949	13.50	44.59
1.949	13.50	44.59
1.948	13.50	44.59
1.947	13.51	44.59
1.947	13.50	44.59
1.946	13.51	44.59
1.946	13.52	44.59
1.946	13.52	44.59
1.945	13.52	44.59
1.945	13.52	44.59
1.944	13.52	44.59
1.944	13.53	44.59
1.943	13.53	44.59
1.943	13.53	44.59
1.942	13.54	44.59
1.942	13.54	44.59
1.941	13.55	44.59
1.941	13.54	44.59
1.941	13.55	44.59
1.940	13.54	44.59
1.940	13.55	44.59
1.940	13.55	44.59
1.939	13.55	44.59
1.939	13.56	44.59
1.939	13.56	44.59
1.939	13.56	44.59
1.938	13.56	44.59
1.938	13.56	44.59
1.938	13.57	44.59
1.937	13.57	44.59
1.937	13.57	44.59
1.937	13.59	44.59
1.936	13.59	44.59
1.936	13.60	44.59
1.935	13.59	44.59
1.935	13.59	44.59
1.934	13.60	44.59
1.934	13.60	44.59
1.934	13.60	44.59
1.933	13.60	44.59
1.933	13.61	44.59
1.933	13.61	44.59
1.932	13.62	44.59
1.932	13.62	44.59
1.930	13.63	44.59
1.929	13.63	44.59
1.929	13.63	44.59
1.928	13.64	44.59
1.927	13.63	44.58
1.927	13.64	44.58
1.926	13.64	44.58
1.926	13.65	44.58
1.926	13.65	44.58
1.925	13.66	44.58
1.925	13.66	44.58
1.925	13.66	44.58
1.924	13.67	44.58
1.923	13.68	44.58
1.923	13.68	44.58
1.922	13.68	44.58
1.922	13.69	44.58
1.922	13.70	44.58
1.921	13.70	44.58
1.920	13.71	44.58
1.920	13.71	44.58
1.920	13.71	44.58
1.919	13.71	44.58
1.919	13.71	44.58
1.919	13.71	44.58
1.919	13.71	44.58
1.919	13.71	44.58
1.919	13.72	44.58
1.919	13.72	44.58
1.919	13.73	44.58
1.918	13.74	44.58
1.917	13.76	44.58
1.915	13.76	44.58
1.914	13.78	44.58
1.913	13.78	44.58
1.912	13.79	44.58
1.912	13.79	44.58
1.911	14.16	44.58
1.910	13.90	44.58
1.910	13.82	44.58
1.909	13.81	44.58
1.908	13.82	44.58
1.908	13.83	44.58
1.907	13.84	44.58
1.906	13.84	44.58
1.906	13.84	44.58
1.906	13.85	44.58
1.906	13.85	44.58
1.906	14.07	44.58
1.905	14.08	44.58
1.905	14.01	44.58
1.905	14.00	44.58
1.905	13.86	44.58
1.904	13.86	44.58
1.904	13.87	44.58
1.904	13.88	44.58
1.903	13.88	44.58
1.903	13.88	44.58
1.903	13.88	44.58
1.902	13.89	44.58
1.902	13.89	44.58
1.901	13.90	44.58
1.901	13.90	44.58
1.900	13.91	44.58
1.900	13.91	44.58
1.899	13.91	44.58
1.899	13.91	44.58
1.898	13.91	44.58
1.898	13.91	44.58
1.897	13.92	44.58
1.897	13.93	44.58
1.896	13.93	44.58
1.896	13.93	44.58
1.895	13.92	44.58
1.895	13.93	44.58
1.895	13.93	44.58
1.895	13.93	44.58
1.895	13.93	44.58
1.895	13.93	44.58
1.895	13.93	44.58
1.895	13.93	44.58
1.895	13.93	44.58
1.895	13.93	44.58
1.895	13.94	44.58
1.895	13.94	44.58
1.894	13.94	44.58
1.894	13.94	44.58
1.893	13.94	44.58
1.893	13.94	44.58
1.892	13.94	44.58
1.892	13.95	44.58
1.891	13.95	44.58
1.890	13.96	44.58
1.890	13.96	44.58
1.889	13.97	44.58
1.889	13.96	44.58
1.888	13.97	44.58
1.887	13.97	44.58
1.887	13.98	44.58
1.887	13.98	44.58
1.886	13.98	44.58
1.885	13.98	44.58
1.884	13.99	44.58
1.884	13.99	44.58
1.883	13.99	44.58
1.882	13.99	44.58
1.882	14.00	44.58
1.881	14.01	44.58
1.880	14.02	44.58
1.879	14.03	44.58
1.879	14.03	44.58
1.878	14.03	44.58
1.878	14.03	44.58
1.877	14.04	44.58
1.877	14.03	44.58
1.877	14.04	44.58
1.877	14.05	44.58
1.876	14.05	44.58
1.876	14.05	44.58
1.875	14.07	44.58
1.874	14.08	44.58
1.873	14.08	44.58
1.873	14.09	44.58
1.872	14.09	44.58
1.871	14.10	44.58
1.870	14.10	44.58
1.870	14.10	44.58
1.869	14.11	44.58
1.869	14.11	44.58
1.868	14.11	44.58
1.868	14.11	44.58
1.868	14.11	44.58
1.868	14.11	44.58
1.867	14.12	44.58
1.867	14.13	44.58
1.866	14.13	44.58
1.866	14.13	44.58
1.865	14.14	44.58
1.865	14.15	44.58
1.864	14.15	44.58
1.864	14.15	44.58
1.863	14.16	44.58
1.863	14.18	44.58
1.862	14.18	44.58
1.861	14.17	44.58
1.861	14.20	44.58
1.860	14.20	44.58
1.859	14.21	44.58
1.859	14.21	44.58
1.858	14.12	44.58
1.858	14.23	44.58
1.857	14.23	44.58
1.856	14.23	44.58
1.856	14.23	44.58
1.855	14.24	44.58
1.854	14.26	44.58
1.854	14.27	44.58
1.853	14.26	44.58
1.852	14.27	44.57
1.852	14.28	44.58
1.851	14.30	44.58
1.850	14.30	44.57
1.850	14.30	44.57
1.849	14.30	44.57
1.849	14.30	44.57
1.848	14.31	44.57
1.848	14.31	44.57
1.848	14.32	44.57
1.847	14.32	44.57
1.847	14.32	44.57
1.847	14.33	44.57
1.846	14.33	44.57
1.846	14.33	44.57
1.846	14.34	44.57
1.845	14.34	44.57
1.845	14.34	44.57
1.845	14.34	44.57
1.844	14.34	44.57
1.844	14.34	44.57
1.844	14.35	44.57
1.844	14.35	44.57
1.843	14.35	44.57
1.843	14.35	44.57
1.842	14.36	44.57
1.842	14.36	44.57
1.841	14.36	44.57
1.841	14.37	44.57
1.840	14.37	44.57
1.840	14.38	44.57
1.840	14.38	44.57
1.839	14.38	44.57
1.839	14.38	44.57
1.838	14.38	44.57
1.838	14.38	44.57
1.838	14.39	44.57
1.837	14.39	44.57
1.837	14.38	44.57
1.837	14.39	44.57
1.836	14.39	44.57
1.836	14.39	44.57
1.836	14.39	44.57
1.836	14.39	44.57
1.835	14.40	44.57
1.835	14.40	44.57
1.835	14.40	44.57
1.834	14.40	44.57
1.834	14.40	44.57
1.833	14.40	44.57
1.833	14.41	44.57
1.832	14.41	44.57
1.832	14.42	44.57
1.831	14.42	44.57
1.831	14.42	44.57
1.830	14.42	44.57
1.829	14.43	44.57
1.829	14.43	44.57
1.829	14.43	44.57
1.828	14.43	44.57
1.828	14.44	44.57
1.827	14.44	44.57
1.827	14.44	44.57
1.826	14.44	44.57
1.826	14.44	44.57
1.826	14.45	44.57
1.825	14.46	44.57
1.825	14.46	44.57
1.825	14.47	44.57
1.824	14.47	44.57
1.823	14.48	44.57
1.823	14.49	44.57
1.822	14.50	44.57
1.822	14.50	44.57
1.821	14.51	44.57
1.820	14.51	44.57
1.820	14.52	44.57
1.819	14.52	44.57
1.819	14.52	44.57
1.818	14.53	44.57
1.818	14.53	44.57
1.817	14.53	44.57
1.817	14.54	44.57
1.817	14.54	44.57
1.816	14.55	44.57
1.816	14.56	44.57
1.815	14.55	44.57
1.815	14.55	44.57
1.814	14.57	44.57
1.813	14.59	44.57
1.812	14.59	44.57
1.812	14.59	44.57
1.811	14.60	44.57
1.811	14.60	44.57
1.810	14.60	44.57
1.809	14.60	44.57
1.809	14.61	44.57
1.808	14.62	44.57
1.808	14.63	44.57
1.807	14.64	44.57
1.807	14.64	44.56
1.806	14.65	44.56
1.806	14.66	44.56
1.805	14.66	44.56
1.805	14.67	44.56
1.804	14.67	44.56
1.803	14.68	44.56
1.803	14.69	44.56
1.802	14.69	44.56
1.802	14.70	44.56
1.801	14.71	44.56
1.800	14.72	44.56
1.799	14.73	44.56
1.798	14.74	44.56
1.797	14.75	44.56
1.796	14.77	44.56
1.795	14.77	44.56
1.794	14.78	44.56
1.794	14.78	44.56
1.793	14.79	44.56
1.792	14.80	44.56
1.791	14.80	44.56
1.791	14.81	44.56
1.790	14.81	44.56
1.789	14.81	44.56
1.789	14.82	44.56
1.788	14.83	44.56
1.787	14.83	44.56
1.787	14.83	44.56
1.786	14.84	44.56
1.786	14.84	44.56
1.786	14.85	44.56
1.786	14.84	44.56
1.786	14.85	44.56
1.785	14.84	44.56
1.785	14.85	44.56
1.785	14.85	44.56
1.784	14.85	44.56
1.784	14.86	44.56
1.783	14.86	44.56
1.782	14.86	44.56
1.782	14.86	44.56
1.781	14.87	44.56
1.780	14.87	44.56
1.779	14.87	44.56
1.779	14.89	44.56
1.778	14.89	44.56
1.777	14.89	44.56
1.776	14.90	44.56
1.775	14.90	44.56
1.774	14.91	44.56
1.774	14.92	44.56
1.773	14.93	44.56
1.772	14.93	44.56
1.772	14.93	44.56
1.771	14.94	44.56
1.770	14.95	44.56
1.769	14.96	44.56
1.768	14.96	44.56
1.768	14.97	44.56
1.767	14.97	44.56
1.766	14.99	44.56
1.765	14.99	44.56
1.764	15.00	44.56
1.763	15.02	44.56
1.762	15.03	44.56
1.761	15.04	44.56
1.760	15.05	44.56
1.759	15.06	44.56
1.758	15.07	44.56
1.757	15.07	44.56
1.756	15.07	44.56
1.755	15.09	44.56
1.755	15.09	44.56
1.754	15.10	44.56
1.753	15.11	44.56
1.753	15.14	44.56
1.752	15.13	44.56
1.751	15.13	44.56
1.751	15.14	44.56
1.750	15.15	44.56
1.750	15.15	44.56
1.749	15.15	44.56
1.749	15.17	44.56
1.748	15.18	44.56
1.748	15.19	44.56
1.747	15.19	44.56
1.747	15.20	44.56
1.746	15.20	44.56
1.745	15.21	44.56
1.745	15.22	44.56
1.744	15.23	44.56
1.743	15.23	44.56
1.743	15.24	44.56
1.742	15.25	44.56
1.741	15.25	44.56
1.741	15.25	44.56
1.740	15.26	44.56
1.739	15.27	44.56
1.739	15.28	44.56
1.738	15.29	44.56
1.737	15.29	44.56
1.737	15.29	44.56
1.736	15.30	44.56
1.736	15.30	44.56
1.735	15.30	44.56
1.735	15.31	44.56
1.734	15.31	44.56
1.734	15.31	44.56
1.734	15.31	44.56
1.733	15.32	44.56
1.733	15.32	44.56
1.732	15.33	44.56
1.732	15.32	44.56
1.731	15.33	44.56
1.731	15.33	44.56
1.730	15.34	44.56
1.730	15.34	44.56
1.729	15.34	44.56
1.728	15.35	44.56
1.728	15.35	44.56
1.727	15.36	44.56
1.727	15.36	44.56
1.726	15.36	44.56
1.725	15.37	44.56
1.725	15.37	44.56
1.724	15.37	44.56
1.724	15.38	44.56
1.723	15.38	44.56
1.723	15.38	44.56
1.722	15.40	44.56
1.721	15.41	44.56
1.721	15.41	44.56
1.720	15.42	44.56
1.720	15.42	44.56
1.719	15.43	44.56
1.718	15.44	44.56
1.717	15.45	44.56
1.716	15.47	44.56
1.715	15.47	44.56
1.714	15.48	44.56
1.713	15.48	44.56
1.712	15.49	44.56
1.712	15.51	44.56
1.711	15.51	44.56
1.710	15.51	44.56
1.710	15.52	44.56
1.709	15.52	44.56
1.708	15.52	44.56
1.708	15.53	44.56
1.708	15.54	44.56
1.707	15.54	44.56
1.707	15.55	44.56
1.706	15.55	44.56
1.706	15.55	44.56
1.705	15.55	44.56
1.705	15.56	44.56
1.705	15.57	44.56
1.704	15.57	44.56
1.704	15.59	44.56
1.703	15.42	44.56
1.703	15.42	44.56
1.703	15.50	44.56
1.702	15.54	44.56
1.702	15.60	44.56
1.701	15.59	44.56
1.701	15.62	44.56
1.700	15.62	44.56
1.700	15.63	44.56
1.700	15.63	44.56
1.699	15.63	44.56
1.699	15.64	44.56
1.699	15.65	44.56
1.699	15.65	44.56
1.698	15.66	44.56
1.698	15.68	44.56
1.697	15.68	44.56
1.696	15.70	44.56
1.695	15.70	44.56
1.695	15.71	44.56
1.694	15.72	44.56
1.693	15.73	44.56
1.692	15.74	44.56
1.691	15.75	44.56
1.690	15.75	44.56
1.690	15.76	44.56
1.689	15.76	44.56
1.689	15.77	44.56
1.688	15.77	44.55
1.688	15.77	44.56
1.687	15.78	44.55
1.687	15.78	44.55
1.686	15.78	44.55
1.686	15.79	44.56
1.685	15.79	44.55
1.685	15.79	44.55
1.684	15.79	44.55
1.684	15.80	44.55
1.684	15.80	44.55
1.683	15.80	44.55
1.683	15.80	44.55
1.682	15.80	44.55
1.682	15.80	44.55
1.681	15.81	44.55
1.681	15.81	44.55
1.680	15.81	44.55
1.680	15.82	44.55
1.679	15.82	44.55
1.679	15.83	44.55
1.678	15.83	44.55
1.678	15.84	44.55
1.677	15.84	44.55
1.677	15.84	44.55
1.677	15.84	44.55
1.676	15.84	44.55
1.676	15.85	44.55
1.675	15.85	44.55
1.675	15.85	44.55
1.675	15.86	44.55
1.674	15.86	44.55
1.674	15.86	44.55
1.674	15.87	44.55
1.674	15.87	44.55
1.674	15.86	44.55
1.674	15.87	44.55
1.674	15.87	44.55
1.674	15.87	44.55
1.674	15.87	44.55
1.674	15.87	44.55
1.674	15.87	44.55
1.674	15.87	44.55
1.674	15.87	44.55
1.674	15.87	44.55
1.674	15.86	44.55
1.674	15.87	44.55
1.674	15.87	44.55
1.674	15.82	44.55
1.673	15.92	44.55
1.671	15.92	44.55
1.670	15.92	44.55
1.670	15.93	44.55
1.669	15.93	44.55
1.669	15.93	44.55
1.669	15.93	44.55
1.669	15.93	44.55
1.669	15.93	44.55
1.669	15.93	44.55
1.669	15.93	44.55
1.669	15.93	44.55
1.669	15.93	44.55
1.669	15.93	44.55
1.669	15.93	44.55
1.669	15.93	44.55
1.669	15.93	44.55
1.668	15.93	44.55
1.668	15.94	44.55
1.668	15.94	44.55
1.668	15.95	44.55
1.667	15.96	44.55
1.667	15.97	44.55
1.666	15.97	44.55
1.666	15.97	44.55
1.665	15.97	44.55
1.665	15.97	44.55
1.665	15.98	44.55
1.665	15.99	44.55
1.664	15.99	44.55
1.664	15.99	44.55
1.663	15.99	44.55
1.663	16.00	44.55
1.663	16.00	44.55
1.662	16.00	44.55
1.662	16.00	44.55
1.662	16.01	44.55
1.661	16.01	44.55
1.661	16.02	44.55
1.661	16.02	44.54
1.660	16.02	44.55
1.660	16.02	44.54
1.660	16.03	44.54
1.659	16.03	44.54
1.659	16.04	44.54
1.659	16.05	44.54
1.658	16.05	44.54
1.658	16.05	44.55
1.657	16.06	44.54
1.657	16.06	44.54
1.656	16.06	44.54
1.656	16.07	44.54
1.655	16.07	44.54
1.655	16.08	44.54
1.654	16.09	44.54
1.654	16.11	44.54
1.653	16.12	44.54
1.652	16.13	44.54
1.652	16.14	44.54
1.651	16.15	44.54
1.650	16.16	44.54
1.649	16.16	44.54
1.649	16.17	44.54
1.648	16.18	44.54
1.648	16.18	44.54
1.647	16.19	44.54
1.646	16.20	44.54
1.646	16.19	44.54
1.646	16.20	44.54
1.646	16.20	44.54
1.646	16.20	44.54
1.645	16.20	44.54
1.645	16.20	44.54
1.645	16.20	44.54
1.645	16.21	44.54
1.645	16.21	44.54
1.645	16.21	44.54
1.645	16.23	44.54
1.644	16.23	44.54
1.643	16.24	44.54
1.643	16.24	44.54
1.643	16.25	44.54
1.642	16.25	44.54
1.642	16.26	44.54
1.641	16.27	44.54
1.640	16.27	44.54
1.640	16.28	44.54
1.639	16.28	44.54
1.639	16.28	44.54
1.639	16.29	44.54
1.638	16.29	44.54
1.638	16.29	44.54
1.638	16.30	44.54
1.637	16.30	44.54
1.637	16.31	44.54
1.637	16.31	44.54
1.636	16.31	44.54
1.636	16.31	44.54
1.636	16.31	44.54
1.636	16.31	44.54
1.635	16.32	44.54
1.635	16.32	44.54
1.635	16.32	44.54
1.634	16.32	44.54
1.634	16.32	44.54
1.634	16.32	44.54
1.634	16.32	44.54
1.633	16.32	44.54
1.633	16.33	44.54
1.633	16.33	44.54
1.632	16.34	44.54
1.632	16.34	44.54
1.631	16.34	44.54
1.630	16.34	44.54
1.630	16.34	44.54
1.630	16.36	44.54
1.629	16.37	44.54
1.628	16.38	44.54
1.628	16.38	44.54
1.627	16.38	44.54
1.627	16.38	44.54
1.626	16.38	44.54
1.626	16.39	44.54
1.626	16.39	44.54
1.625	16.41	44.54
1.625	16.40	44.54
1.624	16.41	44.54
1.624	16.41	44.54
1.624	16.42	44.54
1.623	16.42	44.54
1.623	16.42	44.54
1.623	16.43	44.54
1.623	16.44	44.54
1.622	16.44	44.54
1.622	16.44	44.54
1.622	16.44	44.54
1.621	16.44	44.54
1.621	16.44	44.54
1.621	16.44	44.54
1.621	16.45	44.54
1.621	16.45	44.54
1.620	16.46	44.54
1.620	16.46	44.54
1.620	16.47	44.54
1.619	16.47	44.54
1.619	16.47	44.54
1.619	16.47	44.54
1.618	16.48	44.54
1.618	16.48	44.54
1.618	16.48	44.54
1.618	16.49	44.54
1.617	16.50	44.54
1.617	16.51	44.54
1.616	16.51	44.54
1.616	16.51	44.54
1.616	16.52	44.54
1.615	16.52	44.54
1.615	16.52	44.54
1.615	16.52	44.54
1.614	16.52	44.54
1.614	16.52	44.54
1.614	16.53	44.54
1.614	16.53	44.54
1.614	16.54	44.54
1.614	16.54	44.54
1.613	16.55	44.54
1.613	16.56	44.54
1.612	16.56	44.54
1.612	16.57	44.54
1.611	16.57	44.54
1.611	16.58	44.54
1.610	16.58	44.54
1.610	16.59	44.54
1.609	16.59	44.54
1.608	16.61	44.54
1.608	16.61	44.54
1.607	16.62	44.54
1.607	16.63	44.54
1.606	16.64	44.54
1.605	16.64	44.54
1.605	16.65	44.54
1.604	16.65	44.54
1.604	16.66	44.54
1.603	16.67	44.54
1.603	16.68	44.54
1.602	16.68	44.54
1.602	16.69	44.54
1.601	16.69	44.54
1.601	16.69	44.54
1.601	16.69	44.54
1.601	16.69	44.54
1.600	16.69	44.54
1.600	16.69	44.54
1.599	16.70	44.54
1.599	16.71	44.54
1.599	16.71	44.53
1.599	16.71	44.53
1.598	16.72	44.54
1.598	16.72	44.53
1.598	16.72	44.53
1.597	16.73	44.53
1.597	16.73	44.53
1.597	16.74	44.53
1.596	16.74	44.53
1.596	16.74	44.53
1.595	16.75	44.53
1.595	16.74	44.53
1.594	16.75	44.53
1.594	16.75	44.53
1.594	16.76	44.53
1.593	16.76	44.53
1.593	16.76	44.53
1.593	16.76	44.53
1.592	16.77	44.53
1.592	16.77	44.53
1.592	16.76	44.53
1.592	16.73	44.53
1.591	16.72	44.53
1.591	16.76	44.53
1.591	16.78	44.53
1.590	16.79	44.53
1.590	16.79	44.53
1.589	16.80	44.53
1.589	16.80	44.53
1.589	16.81	44.53
1.588	16.81	44.53
1.588	16.81	44.53
1.587	16.82	44.53
1.587	16.83	44.53
1.587	16.83	44.53
1.586	16.83	44.53
1.586	16.84	44.53
1.586	16.85	44.53
1.585	16.86	44.53
1.584	16.87	44.53
1.583	16.88	44.53
1.583	16.88	44.53
1.582	16.88	44.53
1.582	16.90	44.53
1.581	16.90	44.53
1.580	16.90	44.53
1.580	16.91	44.53
1.579	16.92	44.53
1.579	16.92	44.53
1.578	16.93	44.53
1.578	16.94	44.53
1.577	16.94	44.53
1.577	16.95	44.53
1.576	16.96	44.53
1.576	16.96	44.53
1.575	16.97	44.53
1.575	16.97	44.52
1.574	16.98	44.53
1.574	16.98	44.53
1.574	16.98	44.52
1.573	16.98	44.52
1.573	16.99	44.52
1.572	16.99	44.52
1.572	17.00	44.52
1.571	17.02	44.52
1.571	17.03	44.52
1.570	17.04	44.52
1.570	17.04	44.52
1.569	17.04	44.52
1.569	17.05	44.52
1.568	17.06	44.52
1.568	17.06	44.52
1.567	17.07	44.52
1.567	17.07	44.52
1.567	17.07	44.52
1.566	17.08	44.52
1.566	17.09	44.52
1.566	17.09	44.52
1.565	17.10	44.52
1.565	17.11	44.52
1.564	17.12	44.52
1.564	17.12	44.52
1.563	17.13	44.52
1.563	17.13	44.52
1.562	17.13	44.52
1.562	17.14	44.52
1.561	17.15	44.52
1.561	17.15	44.52
1.561	17.15	44.52
1.560	17.16	44.52
1.560	17.17	44.52
1.560	17.17	44.52
1.559	17.17	44.52
1.559	17.18	44.52
1.558	17.18	44.52
1.558	17.19	44.52
1.558	17.19	44.52
1.557	17.19	44.52
1.557	17.18	44.52
1.557	17.19	44.52
1.557	17.19	44.52
1.556	17.20	44.52
1.556	17.20	44.52
1.556	17.21	44.52
1.555	17.22	44.52
1.555	17.22	44.52
1.554	17.23	44.52
1.554	17.23	44.52
1.554	17.24	44.52
1.553	17.24	44.52
1.553	17.24	44.52
1.552	17.24	44.52
1.552	17.25	44.52
1.551	17.25	44.52
1.551	17.25	44.52
1.551	17.26	44.52
1.550	17.26	44.52
1.550	17.27	44.52
1.549	17.27	44.52
1.549	17.22	44.52
1.548	17.25	44.52
1.548	17.28	44.52
1.547	17.29	44.52
1.547	17.29	44.52
1.546	17.30	44.52
1.546	17.30	44.52
1.545	17.31	44.52
1.545	17.31	44.52
1.544	17.33	44.52
1.543	17.33	44.52
1.543	17.33	44.52
1.543	17.33	44.52
1.543	17.33	44.52
1.543	17.33	44.52
1.543	17.33	44.52
1.543	17.33	44.52
1.543	17.33	44.52
1.542	17.34	44.52
1.542	17.35	44.52
1.542	17.36	44.52
1.541	17.37	44.52
1.541	17.37	44.52
1.540	17.38	44.52
1.540	17.39	44.52
1.539	17.39	44.52
1.539	17.39	44.52
1.539	17.39	44.52
1.539	17.40	44.52
1.538	17.40	44.52
1.538	17.40	44.52
1.538	17.40	44.51
1.537	17.41	44.52
1.537	17.41	44.51
1.537	17.41	44.51
1.537	17.42	44.51
1.537	17.43	44.51
1.536	17.44	44.51
1.536	17.44	44.51
1.536	17.44	44.51
1.535	17.44	44.51
1.535	17.44	44.51
1.535	17.45	44.51
1.534	17.46	44.51
1.534	17.46	44.51
1.534	17.47	44.51
1.533	17.47	44.51
1.533	17.48	44.51
1.533	17.48	44.51
1.532	17.48	44.51
1.532	17.49	44.51
1.531	17.49	44.51
1.531	17.50	44.51
1.531	17.51	44.51
1.530	17.52	44.51
1.530	17.52	44.51
1.530	17.53	44.51
1.529	17.54	44.51
1.529	17.54	44.51
1.529	17.54	44.51
1.528	17.55	44.51
1.527	17.56	44.51
1.527	17.56	44.51
1.527	17.57	44.51
1.526	17.57	44.51
1.526	17.58	44.51
1.525	17.59	44.51
1.524	17.60	44.51
1.524	17.60	44.51
1.523	17.61	44.51
1.523	17.62	44.51
1.522	17.63	44.51
1.521	17.63	44.51
1.521	17.64	44.51
1.520	17.65	44.51
1.520	17.65	44.51
1.520	17.66	44.51
1.519	17.66	44.51
1.519	17.66	44.51
1.519	17.66	44.51
1.518	17.66	44.51
1.518	17.67	44.51
1.517	17.69	44.51
1.517	17.69	44.51
1.516	17.69	44.51
1.516	17.70	44.51
1.515	17.70	44.51
1.515	17.71	44.51
1.514	17.71	44.51
1.514	17.72	44.51
1.513	17.72	44.51
1.512	17.73	44.51
1.512	17.73	44.51
1.511	17.74	44.51
1.510	17.74	44.51
1.510	17.73	44.51
1.509	17.76	44.51
1.509	17.77	44.51
1.508	17.76	44.51
1.507	17.79	44.51
1.506	17.79	44.51
1.506	17.79	44.51
1.505	17.79	44.51
1.505	17.80	44.51
1.505	17.80	44.51
1.504	17.82	44.51
1.503	17.83	44.51
1.503	17.84	44.51
1.502	17.85	44.51
1.502	17.85	44.51
1.501	17.85	44.51
1.501	17.86	44.51
1.500	17.89	44.51
1.500	17.91	44.51
1.499	17.93	44.51
1.499	17.96	44.51
1.499	17.97	44.51
1.498	17.99	44.51
1.498	17.99	44.51
1.497	17.99	44.51
1.497	17.99	44.51
1.496	17.99	44.51
1.496	17.99	44.51
1.496	17.99	44.51
1.495	18.00	44.51
1.495	18.00	44.51
1.495	17.99	44.51
1.494	17.99	44.51
1.494	17.99	44.51
1.494	17.99	44.51
1.493	17.99	44.51
1.493	17.99	44.51
1.493	17.99	44.51
1.492	17.99	44.51
1.492	17.99	44.51
1.491	17.99	44.51
1.491	17.99	44.51
1.490	17.98	44.51
1.490	17.99	44.51
1.490	18.00	44.51
1.489	18.01	44.51
1.489	18.01	44.51
1.488	18.01	44.51
1.488	18.02	44.51
1.487	18.05	44.51
1.487	18.07	44.51
1.486	18.09	44.51
1.486	18.09	44.51
1.486	18.10	44.51
1.486	18.10	44.51
1.485	18.10	44.51
1.485	18.11	44.51
1.485	18.11	44.51
1.485	18.12	44.51
1.484	18.14	44.51
1.484	18.15	44.51
1.483	18.16	44.51
1.483	18.16	44.51
1.483	18.15	44.51
1.483	18.13	44.51
1.482	18.08	44.51
1.482	18.05	44.51
1.482	18.05	44.51
1.481	18.05	44.51
1.481	18.06	44.51
1.481	17.98	44.51
1.481	17.99	44.51
1.480	18.08	44.51
1.480	18.13	44.51
1.480	18.12	44.51
1.480	18.15	44.51
1.479	18.18	44.51
1.479	18.22	44.51
1.478	18.23	44.51
1.478	18.22	44.51
1.478	18.22	44.51
1.477	18.23	44.51
1.477	18.24	44.51
1.477	18.24	44.51
1.477	18.24	44.50
1.476	18.25	44.51
1.476	18.25	44.51
1.476	18.25	44.51
1.476	18.25	44.50
1.476	18.25	44.50
1.476	18.26	44.51
1.475	18.27	44.50
1.475	18.27	44.50
1.475	18.26	44.50
1.474	18.27	44.50
1.474	18.27	44.50
1.474	18.28	44.50
1.474	18.29	44.50
1.473	18.29	44.50
1.473	18.26	44.50
1.473	18.28	44.50
1.472	18.29	44.50
1.472	18.29	44.50
1.472	18.27	44.50
1.471	18.26	44.50
1.471	18.26	44.50
1.470	18.22	44.50
1.470	18.27	44.50
1.470	18.29	44.50
1.469	18.32	44.50
1.468	18.34	44.50
1.468	18.35	44.50
1.467	18.34	44.50
1.467	18.36	44.50
1.466	18.36	44.50
1.466	18.37	44.50
1.465	18.38	44.50
1.465	18.38	44.50
1.464	18.38	44.50
1.464	18.39	44.50
1.464	18.39	44.50
1.464	18.39	44.50
1.463	18.40	44.50
1.463	18.41	44.50
1.463	18.41	44.50
1.462	18.42	44.50
1.462	18.42	44.50
1.462	18.42	44.50
1.461	18.43	44.50
1.461	18.44	44.50
1.461	18.43	44.50
1.460	18.43	44.50
1.459	18.45	44.50
1.459	18.44	44.50
1.459	18.44	44.50
1.458	18.44	44.50
1.458	18.44	44.50
1.458	18.44	44.50
1.457	18.43	44.50
1.457	18.46	44.50
1.457	18.45	44.50
1.456	18.44	44.50
1.456	18.45	44.50
1.456	18.45	44.50
1.455	18.44	44.50
1.455	18.45	44.50
1.455	18.41	44.50
1.455	18.43	44.50
1.454	18.45	44.50
1.453	18.46	44.50
1.453	18.48	44.50
1.453	18.48	44.50
1.452	18.50	44.50
1.452	18.50	44.50
1.451	18.50	44.50
1.451	18.50	44.50
1.450	18.52	44.50
1.450	18.53	44.50
1.450	18.53	44.50
1.449	18.55	44.50
1.448	18.55	44.50
1.448	18.51	44.50
1.447	18.46	44.50
1.447	18.49	44.50
1.446	18.49	44.50
1.446	18.51	44.50
1.445	18.52	44.50
1.445	18.50	44.50
1.445	18.55	44.50
1.445	18.57	44.50
1.444	18.44	44.50
1.444	18.59	44.50
1.443	18.62	44.50
1.443	18.61	44.50
1.443	18.60	44.49
1.442	18.61	44.50
1.442	18.59	44.49
1.442	18.58	44.49
1.441	18.60	44.49
1.441	18.63	44.49
1.440	18.64	44.49
1.440	18.60	44.49
1.439	18.58	44.49
1.439	18.64	44.49
1.438	18.66	44.49
1.438	18.66	44.49
1.438	18.67	44.49
1.437	18.67	44.49
1.437	18.68	44.49
1.436	18.67	44.49
1.436	18.70	44.49
1.436	18.68	44.49
1.435	18.68	44.49
1.434	18.72	44.49
1.433	18.70	44.49
1.433	18.76	44.49
1.432	18.79	44.49
1.431	18.83	44.49
1.430	18.82	44.49
1.430	18.80	44.49
1.429	18.81	44.49
1.429	18.83	44.49
1.429	18.81	44.49
1.428	18.83	44.49
1.428	18.83	44.49
1.428	18.84	44.49
1.427	18.85	44.49
1.427	18.86	44.49
1.426	18.86	44.49
1.426	18.87	44.49
1.425	18.84	44.49
1.425	18.84	44.49
1.424	18.84	44.49
1.424	18.81	44.49
1.423	18.79	44.49
1.423	18.79	44.49
1.422	18.84	44.49
1.422	18.84	44.49
1.421	18.82	44.49
1.421	18.82	44.49
1.421	18.84	44.49
1.420	18.82	44.49
1.419	18.83	44.49
1.419	18.87	44.49
1.419	18.85	44.49
1.418	18.78	44.49
1.418	18.81	44.49
1.418	18.90	44.49
1.417	18.89	44.49
1.416	18.93	44.49
1.416	18.98	44.49
1.415	19.01	44.49
1.415	18.97	44.49
1.414	18.99	44.49
1.414	18.99	44.49
1.413	18.96	44.49
1.413	18.94	44.49
1.412	18.94	44.49
1.412	18.93	44.49
1.411	18.93	44.49
1.411	18.92	44.49
1.411	18.92	44.49
1.410	18.93	44.49
1.410	18.96	44.49
1.409	18.95	44.49
1.409	18.97	44.49
1.408	18.97	44.49
1.408	18.99	44.49
1.408	19.00	44.49
1.407	18.96	44.49
1.407	18.91	44.49
1.406	18.96	44.49
1.406	19.06	44.49
1.405	19.10	44.49
1.404	19.09	44.49
1.404	18.97	44.49
1.403	19.07	44.49
1.402	19.10	44.49
1.402	19.10	44.49
1.402	19.11	44.49
1.402	19.10	44.49
1.402	19.08	44.49
1.401	18.79	44.49
1.401	19.00	44.49
1.400	19.06	44.49
1.400	19.10	44.49
1.400	18.54	44.49
1.399	19.01	44.49
1.399	19.17	44.49
1.398	19.22	44.49
1.397	19.25	44.49
1.397	19.29	44.49
1.396	19.30	44.49
1.395	19.29	44.49
1.395	19.29	44.49
1.394	19.30	44.49
1.394	19.30	44.49
1.393	19.34	44.49
1.393	19.36	44.49
1.392	19.36	44.49
1.391	19.36	44.49
1.391	19.35	44.49
1.391	19.32	44.49
1.390	19.29	44.49
1.390	19.30	44.49
1.389	19.32	44.49
1.389	19.30	44.49
1.388	19.32	44.49
1.388	19.34	44.49
1.388	19.31	44.49
1.387	19.32	44.49
1.387	19.32	44.49
1.386	19.35	44.49
1.386	19.37	44.49
1.385	19.37	44.49
1.385	19.40	44.49
1.384	19.42	44.49
1.384	19.41	44.49
1.383	19.44	44.49
1.383	19.43	44.49
1.382	19.48	44.49
1.382	19.49	44.49
1.381	19.48	44.49
1.381	19.37	44.49
1.380	19.23	44.49
1.380	19.36	44.49
1.379	19.40	44.49
1.378	19.41	44.49
1.378	19.50	44.49
1.377	19.54	44.49
1.377	19.55	44.49
1.376	19.55	44.49
1.375	19.56	44.49
1.375	19.58	44.49
1.374	19.58	44.49
1.374	19.55	44.49
1.373	19.55	44.49
1.373	19.57	44.49
1.372	19.58	44.49
1.372	19.59	44.49
1.372	19.59	44.49
1.371	19.59	44.49
1.371	19.57	44.49
1.371	19.58	44.49
1.371	19.59	44.49
1.370	19.62	44.49
1.370	19.63	44.49
1.369	19.65	44.49
1.369	19.65	44.49
1.369	19.67	44.49
1.368	19.71	44.49
1.368	19.71	44.49
1.368	19.71	44.49
1.367	19.71	44.49
1.366	19.74	44.49
1.366	19.78	44.49
1.365	19.80	44.49
1.365	19.79	44.49
1.365	19.79	44.49
1.364	19.79	44.49
1.364	19.80	44.49
1.363	19.83	44.49
1.363	19.84	44.49
1.362	19.83	44.49
1.361	19.78	44.49
1.360	19.80	44.48
1.360	19.79	44.48
1.359	19.79	44.48
1.359	19.77	44.48
1.358	19.77	44.49
1.358	19.83	44.48
1.357	19.78	44.48
1.356	19.81	44.48
1.356	19.87	44.48
1.355	19.82	44.48
1.355	19.77	44.48
1.354	19.82	44.48
1.354	19.89	44.48
1.353	19.87	44.48
1.353	19.88	44.48
1.352	19.89	44.48
1.352	19.91	44.48
1.351	19.94	44.48
1.351	19.98	44.48
1.350	19.97	44.48
1.350	19.99	44.48
1.349	19.98	44.48
1.349	19.94	44.48
1.348	19.89	44.48
1.347	19.93	44.48
1.347	19.99	44.48
1.346	19.96	44.48
1.346	19.99	44.48
1.345	20.02	44.48
1.345	20.04	44.48
1.344	20.03	44.48
1.344	19.99	44.48
1.344	19.99	44.48
1.343	19.56	44.48
1.343	19.66	44.48
1.342	19.24	44.48
1.342	19.49	44.48
1.342	19.23	44.48
1.341	20.12	44.48
1.341	20.12	44.48
1.340	20.12	44.48
1.340	20.13	44.48
1.339	20.11	44.48
1.338	20.12	44.48
1.338	20.10	44.48
1.338	20.07	44.48
1.337	20.06	44.48
1.337	20.03	44.48
1.337	20.05	44.48
1.336	20.02	44.48
1.336	20.08	44.48
1.335	20.14	44.48
1.335	20.20	44.48
1.334	20.24	44.48
1.334	20.25	44.48
1.333	20.28	44.48
1.333	20.28	44.48
1.332	20.26	44.48
1.332	20.31	44.48
1.331	20.30	44.48
1.331	20.30	44.48
1.330	20.30	44.48
1.329	20.30	44.48
1.328	20.30	44.48
1.328	20.30	44.48
1.327	20.26	44.48
1.326	20.30	44.48
1.326	20.31	44.48
1.325	20.31	44.48
1.324	20.35	44.48
1.324	20.33	44.48
1.323	20.35	44.48
1.323	20.39	44.48
1.322	20.39	44.48
1.322	20.41	44.48
1.321	20.46	44.48
1.320	20.41	44.48
1.320	20.38	44.48
1.319	20.38	44.47
1.318	20.41	44.48
1.317	20.33	44.47
1.317	20.25	44.47
1.316	20.37	44.47
1.316	20.46	44.47
1.315	20.47	44.47
1.315	20.47	44.47
1.314	20.50	44.47
1.314	20.53	44.47
1.314	20.52	44.47
1.313	20.50	44.47
1.313	20.54	44.47
1.313	20.56	44.47
1.313	20.56	44.47
1.313	20.56	44.47
1.313	20.56	44.47
1.313	20.56	44.47
1.313	20.56	44.47
1.313	20.56	44.47
1.313	20.56	44.47
1.313	20.56	44.47
1.313	20.56	44.47
