3.323	7.79	54.53
3.323	7.82	54.53
3.323	7.83	54.53
3.323	7.82	54.53
3.323	7.81	54.53
3.323	7.83	54.53
3.323	7.77	54.53
3.323	7.80	54.53
3.322	7.78	54.53
3.322	7.80	54.53
3.322	7.81	54.53
3.321	7.78	54.53
3.321	7.79	54.54
3.320	7.80	54.54
3.320	7.82	54.54
3.319	7.79	54.54
3.319	7.79	54.54
3.318	7.77	54.54
3.318	7.79	54.54
3.317	7.79	54.54
3.317	7.81	54.54
3.316	7.79	54.54
3.315	7.83	54.54
3.315	7.84	54.54
3.314	7.86	54.54
3.313	7.91	54.54
3.312	7.85	54.54
3.311	7.88	54.54
3.310	7.89	54.54
3.310	7.83	54.54
3.309	7.87	54.54
3.308	7.88	54.54
3.308	7.88	54.54
3.307	7.86	54.54
3.307	7.84	54.54
3.307	7.88	54.54
3.306	7.88	54.54
3.305	7.91	54.54
3.304	7.88	54.54
3.302	7.92	54.54
3.302	7.83	54.54
3.301	7.82	54.54
3.301	7.81	54.54
3.301	7.73	54.54
3.301	7.81	54.54
3.301	7.81	54.54
3.300	7.84	54.54
3.300	7.84	54.54
3.299	7.83	54.54
3.299	7.79	54.54
3.299	7.82	54.54
3.298	7.81	54.54
3.298	7.81	54.54
3.297	7.78	54.54
3.297	7.76	54.54
3.297	7.79	54.54
3.297	7.77	54.54
3.297	7.76	54.54
3.297	7.79	54.54
3.297	7.78	54.54
3.297	7.73	54.54
3.297	7.72	54.54
3.297	7.77	54.54
3.297	7.77	54.54
3.297	7.76	54.54
3.297	7.79	54.54
3.296	7.79	54.54
3.296	7.78	54.54
3.295	7.76	54.54
3.295	7.76	54.54
3.294	7.78	54.54
3.293	7.78	54.54
3.293	7.76	54.54
3.292	7.79	54.54
3.292	7.78	54.54
3.291	7.79	54.54
3.291	7.82	54.54
3.290	7.79	54.54
3.289	7.83	54.54
3.289	7.83	54.54
3.288	7.87	54.54
3.287	7.82	54.54
3.287	7.84	54.55
3.286	7.84	54.54
3.286	7.85	54.55
3.285	7.85	54.55
3.284	7.83	54.55
3.284	7.81	54.55
3.284	7.86	54.55
3.283	7.87	54.55
3.283	7.86	54.55
3.282	7.84	54.55
3.281	7.86	54.55
3.281	7.88	54.55
3.280	7.86	54.55
3.280	7.82	54.55
3.279	7.94	54.55
3.278	7.88	54.55
3.278	7.89	54.55
3.277	7.93	54.55
3.277	7.97	54.55
3.276	7.98	54.55
3.275	7.90	54.55
3.274	7.89	54.55
3.273	7.90	54.56
3.272	7.93	54.56
3.271	7.90	54.56
3.270	7.88	54.56
3.269	7.87	54.56
3.268	7.89	54.56
3.268	7.90	54.56
3.267	7.86	54.56
3.266	7.86	54.56
3.266	7.87	54.56
3.265	7.91	54.56
3.264	7.91	54.56
3.263	7.87	54.57
3.262	7.87	54.57
3.262	7.91	54.57
3.261	7.89	54.57
3.261	7.88	54.57
3.260	7.88	54.57
3.259	7.88	54.57
3.258	7.84	54.57
3.258	7.90	54.57
3.257	7.88	54.57
3.256	7.87	54.57
3.256	7.91	54.57
3.255	7.91	54.57
3.254	7.92	54.57
3.253	7.91	54.57
3.253	7.90	54.57
3.252	7.89	54.57
3.251	7.93	54.57
3.250	7.89	54.57
3.249	7.93	54.57
3.249	7.91	54.57
3.248	7.92	54.57
3.247	7.94	54.57
3.247	7.92	54.57
3.246	7.93	54.57
3.245	7.87	54.57
3.244	7.92	54.57
3.243	7.98	54.57
3.241	7.95	54.57
3.240	7.95	54.57
3.239	8.00	54.57
3.238	7.92	54.57
3.236	7.89	54.57
3.235	7.95	54.57
3.234	7.96	54.57
3.233	8.00	54.57
3.232	8.03	54.57
3.231	7.95	54.57
3.231	7.95	54.57
3.230	7.98	54.57
3.230	7.98	54.57
3.229	7.92	54.57
3.229	7.94	54.57
3.229	7.96	54.57
3.230	7.95	54.57
3.230	7.93	54.57
3.230	7.96	54.57
3.230	7.95	54.57
3.229	7.97	54.57
3.228	7.99	54.57
3.228	7.98	54.57
3.227	7.97	54.57
3.226	7.99	54.57
3.224	8.01	54.57
3.223	7.98	54.57
3.221	7.96	54.57
3.220	7.98	54.57
3.219	8.01	54.57
3.218	8.02	54.57
3.218	8.02	54.57
3.216	8.08	54.57
3.215	8.08	54.57
3.215	8.07	54.57
3.213	8.11	54.57
3.212	8.16	54.57
3.211	8.23	54.57
3.211	8.18	54.57
3.210	8.21	54.57
3.209	8.22	54.57
3.208	8.26	54.57
3.207	8.18	54.57
3.206	8.19	54.57
3.204	8.20	54.56
3.202	8.24	54.56
3.201	8.15	54.56
3.199	8.18	54.56
3.198	8.18	54.56
3.197	8.18	54.56
3.196	8.24	54.56
3.194	8.17	54.56
3.194	8.19	54.56
3.193	8.16	54.56
3.192	8.17	54.56
3.191	8.17	54.56
3.191	8.17	54.56
3.191	8.17	54.56
3.191	8.15	54.56
3.191	8.14	54.56
3.191	8.16	54.56
3.191	8.15	54.56
3.191	8.18	54.56
3.191	8.22	54.56
3.191	8.20	54.56
3.190	8.18	54.56
3.190	8.22	54.56
3.190	8.19	54.56
3.189	8.22	54.56
3.189	8.18	54.56
3.188	8.20	54.56
3.188	8.23	54.56
3.187	8.18	54.56
3.186	8.25	54.56
3.185	8.19	54.56
3.184	8.19	54.56
3.183	8.22	54.56
3.183	8.19	54.56
3.182	8.22	54.56
3.181	8.20	54.56
3.181	8.21	54.56
3.180	8.15	54.56
3.180	8.19	54.55
3.179	8.20	54.55
3.179	8.18	54.55
3.178	8.19	54.55
3.178	8.20	54.55
3.178	8.17	54.55
3.177	8.22	54.55
3.177	8.25	54.55
3.177	8.24	54.55
3.176	8.25	54.55
3.175	8.27	54.55
3.174	8.22	54.55
3.174	8.23	54.55
3.173	8.28	54.55
3.173	8.16	54.55
3.172	8.23	54.55
3.171	8.21	54.55
3.171	8.24	54.55
3.170	8.14	54.55
3.169	8.22	54.55
3.168	8.24	54.55
3.168	8.25	54.55
3.167	8.19	54.55
3.167	8.20	54.55
3.166	8.28	54.55
3.166	8.23	54.55
3.165	8.25	54.55
3.165	8.17	54.55
3.164	8.19	54.55
3.163	8.34	54.55
3.162	8.35	54.55
3.161	8.34	54.55
3.160	8.38	54.55
3.160	8.35	54.55
3.159	8.35	54.55
3.158	8.33	54.55
3.158	8.30	54.55
3.157	8.34	54.55
3.156	8.29	54.55
3.155	8.29	54.55
3.154	8.30	54.55
3.153	8.29	54.55
3.153	8.30	54.55
3.152	8.30	54.55
3.151	8.32	54.55
3.151	8.33	54.55
3.150	8.38	54.55
3.150	8.36	54.55
3.149	8.37	54.55
3.148	8.36	54.55
3.147	8.35	54.55
3.146	8.37	54.55
3.145	8.32	54.55
3.144	8.32	54.55
3.143	8.34	54.55
3.142	8.29	54.55
3.141	8.31	54.55
3.141	8.26	54.54
3.140	8.34	54.55
3.139	8.32	54.54
3.138	8.35	54.55
3.138	8.35	54.54
3.137	8.31	54.54
3.136	8.31	54.54
3.135	8.32	54.54
3.135	8.38	54.54
3.134	8.35	54.54
3.133	8.32	54.54
3.132	8.32	54.54
3.131	8.36	54.54
3.131	8.28	54.54
3.130	8.33	54.54
3.129	8.29	54.54
3.128	8.30	54.54
3.128	8.28	54.54
3.127	8.27	54.54
3.126	8.30	54.54
3.126	8.29	54.54
3.125	8.31	54.54
3.124	8.29	54.54
3.123	8.28	54.54
3.123	8.29	54.54
3.122	8.30	54.54
3.121	8.30	54.54
3.120	8.27	54.54
3.120	8.32	54.54
3.119	8.32	54.54
3.118	8.33	54.54
3.117	8.40	54.54
3.117	8.38	54.54
3.116	8.32	54.54
3.115	8.31	54.54
3.114	8.30	54.54
3.114	8.41	54.54
3.113	8.30	54.54
3.112	8.32	54.54
3.112	8.32	54.54
3.111	8.28	54.54
3.110	8.28	54.54
3.110	8.38	54.54
3.109	8.34	54.54
3.109	8.34	54.54
3.108	8.30	54.54
3.108	8.28	54.54
3.107	8.33	54.54
3.107	8.33	54.54
3.106	8.32	54.54
3.106	8.34	54.54
3.106	8.39	54.54
3.106	8.33	54.54
3.106	8.32	54.54
3.106	8.32	54.54
3.106	8.33	54.54
3.106	8.36	54.54
3.106	8.32	54.54
3.105	8.36	54.54
3.105	8.37	54.54
3.104	8.31	54.54
3.103	8.39	54.54
3.103	8.36	54.54
3.102	8.36	54.54
3.101	8.40	54.54
3.100	8.38	54.54
3.099	8.37	54.54
3.099	8.36	54.54
3.098	8.38	54.54
3.097	8.41	54.54
3.096	8.32	54.54
3.096	8.37	54.54
3.096	8.38	54.54
3.095	8.35	54.54
3.094	8.35	54.54
3.093	8.33	54.54
3.093	8.36	54.54
3.092	8.38	54.54
3.091	8.42	54.54
3.091	8.32	54.54
3.091	8.39	54.53
3.090	8.38	54.53
3.090	8.36	54.53
3.089	8.38	54.53
3.088	8.39	54.53
3.088	8.40	54.53
3.087	8.38	54.53
3.086	8.41	54.53
3.085	8.42	54.53
3.085	8.37	54.53
3.084	8.40	54.53
3.084	8.38	54.53
3.083	8.43	54.53
3.083	8.31	54.53
3.082	8.42	54.53
3.082	8.40	54.53
3.081	8.40	54.53
3.080	8.43	54.53
3.080	8.44	54.53
3.079	8.41	54.53
3.078	8.42	54.53
3.077	8.42	54.53
3.076	8.42	54.53
3.076	8.46	54.53
3.075	8.43	54.53
3.074	8.43	54.53
3.073	8.43	54.53
3.073	8.42	54.53
3.072	8.40	54.53
3.071	8.42	54.53
3.070	8.46	54.53
3.070	8.39	54.53
3.069	8.42	54.53
3.068	8.44	54.53
3.067	8.44	54.53
3.067	8.45	54.53
3.066	8.45	54.53
3.065	8.51	54.53
3.064	8.50	54.53
3.062	8.50	54.52
3.061	8.49	54.52
3.060	8.50	54.52
3.059	8.47	54.52
3.059	8.49	54.52
3.058	8.48	54.52
3.058	8.47	54.52
3.057	8.52	54.52
3.056	8.53	54.52
3.055	8.52	54.52
3.055	8.50	54.52
3.054	8.49	54.52
3.053	8.50	54.52
3.052	8.50	54.52
3.052	8.52	54.52
3.051	8.47	54.52
3.050	8.62	54.52
3.048	8.56	54.52
3.047	8.58	54.52
3.045	8.62	54.52
3.044	8.57	54.52
3.044	8.57	54.52
3.043	8.60	54.52
3.042	8.60	54.52
3.042	8.63	54.52
3.041	8.55	54.52
3.040	8.59	54.52
3.040	8.57	54.52
3.040	8.58	54.52
3.040	8.54	54.52
3.040	8.54	54.52
3.040	8.59	54.52
3.040	8.56	54.52
3.040	8.57	54.52
3.040	8.63	54.52
3.040	8.61	54.52
3.040	8.64	54.52
3.040	8.63	54.52
3.039	8.60	54.51
3.038	8.60	54.51
3.037	8.58	54.51
3.037	8.62	54.51
3.035	8.60	54.51
3.034	8.58	54.51
3.033	8.60	54.51
3.032	8.59	54.51
3.031	8.59	54.51
3.031	8.60	54.51
3.030	8.61	54.51
3.028	8.64	54.51
3.027	8.65	54.51
3.026	8.65	54.51
3.024	8.64	54.51
3.023	8.65	54.51
3.022	8.67	54.51
3.021	8.70	54.51
3.019	8.67	54.51
3.017	8.66	54.51
3.015	8.63	54.51
3.014	8.67	54.51
3.013	8.65	54.51
3.012	8.68	54.51
3.011	8.70	54.51
3.010	8.71	54.51
3.009	8.71	54.51
3.007	8.70	54.51
3.006	8.70	54.51
3.005	8.69	54.51
3.005	8.69	54.51
3.004	8.72	54.51
3.003	8.70	54.51
3.003	8.70	54.51
3.002	8.71	54.51
3.001	8.70	54.51
3.001	8.72	54.51
3.001	8.74	54.51
3.000	8.73	54.51
3.000	8.72	54.51
2.999	8.71	54.51
2.999	8.70	54.51
2.998	8.71	54.51
2.997	8.70	54.51
2.996	8.69	54.51
2.996	8.71	54.51
2.995	8.72	54.51
2.994	8.72	54.51
2.993	8.71	54.51
2.992	8.72	54.51
2.991	8.71	54.51
2.990	8.71	54.51
2.989	8.71	54.51
2.988	8.71	54.51
2.987	8.69	54.51
2.985	8.71	54.51
2.984	8.71	54.51
2.984	8.70	54.51
2.982	8.69	54.51
2.982	8.69	54.51
2.981	8.70	54.51
2.980	8.71	54.51
2.979	8.70	54.51
2.978	8.71	54.51
2.978	8.71	54.51
2.977	8.70	54.51
2.976	8.70	54.51
2.976	8.69	54.51
2.975	8.70	54.51
2.975	8.69	54.51
2.974	8.70	54.51
2.973	8.71	54.51
2.972	8.69	54.51
2.971	8.70	54.51
2.971	8.70	54.51
2.970	8.70	54.51
2.969	8.67	54.51
2.969	8.72	54.51
2.968	8.71	54.51
2.967	8.68	54.51
2.967	8.71	54.51
2.966	8.71	54.51
2.965	8.68	54.51
2.965	8.70	54.51
2.964	8.71	54.50
2.964	8.70	54.51
2.964	8.69	54.50
2.964	8.68	54.50
2.964	8.69	54.50
2.964	8.70	54.50
2.964	8.70	54.50
2.964	8.71	54.50
2.964	8.71	54.50
2.964	8.69	54.50
2.964	8.72	54.50
2.964	8.70	54.50
2.963	8.72	54.50
2.962	8.71	54.50
2.962	8.70	54.50
2.961	8.70	54.50
2.960	8.70	54.50
2.959	8.70	54.50
2.958	8.73	54.50
2.957	8.72	54.50
2.957	8.73	54.50
2.956	8.72	54.50
2.955	8.72	54.50
2.955	8.73	54.50
2.954	8.71	54.50
2.953	8.73	54.50
2.952	8.76	54.50
2.951	8.74	54.50
2.950	8.73	54.50
2.949	8.75	54.50
2.948	8.75	54.50
2.947	8.78	54.50
2.946	8.81	54.50
2.945	8.81	54.50
2.943	8.81	54.50
2.942	8.82	54.50
2.941	8.81	54.50
2.939	8.80	54.50
2.939	8.81	54.50
2.938	8.80	54.50
2.937	8.81	54.50
2.936	8.80	54.50
2.935	8.81	54.50
2.934	8.81	54.50
2.934	8.81	54.50
2.933	8.82	54.50
2.932	8.83	54.50
2.932	8.85	54.50
2.931	8.83	54.49
2.931	8.83	54.49
2.930	8.82	54.49
2.930	8.84	54.49
2.929	8.84	54.49
2.928	8.85	54.49
2.927	8.87	54.49
2.926	8.88	54.49
2.926	8.88	54.49
2.925	8.87	54.49
2.924	8.85	54.49
2.924	8.87	54.49
2.923	8.86	54.49
2.923	8.87	54.49
2.922	8.87	54.49
2.921	8.88	54.49
2.921	8.88	54.49
2.920	8.89	54.49
2.918	8.90	54.49
2.917	8.90	54.49
2.916	8.92	54.49
2.914	8.93	54.49
2.913	8.95	54.49
2.911	8.93	54.49
2.910	8.94	54.49
2.909	8.95	54.49
2.908	8.95	54.49
2.906	8.97	54.49
2.905	8.97	54.49
2.904	8.98	54.49
2.903	8.99	54.49
2.902	8.99	54.49
2.902	8.98	54.49
2.901	8.98	54.49
2.900	8.99	54.49
2.899	8.99	54.49
2.899	8.99	54.49
2.898	8.99	54.49
2.897	8.99	54.49
2.897	9.04	54.49
2.896	9.11	54.49
2.894	9.09	54.49
2.893	9.08	54.49
2.891	9.09	54.49
2.890	9.08	54.49
2.889	9.08	54.48
2.888	9.10	54.49
2.887	9.08	54.48
2.887	9.10	54.48
2.886	9.11	54.48
2.885	9.11	54.48
2.885	9.11	54.48
2.884	9.10	54.48
2.884	9.10	54.48
2.884	9.10	54.48
2.885	9.11	54.48
2.885	9.10	54.48
2.885	9.12	54.48
2.884	9.12	54.48
2.883	9.12	54.48
2.883	9.10	54.48
2.881	9.16	54.48
2.880	9.12	54.48
2.880	9.13	54.48
2.879	9.15	54.48
2.878	9.18	54.48
2.877	9.14	54.48
2.877	9.10	54.48
2.876	9.11	54.48
2.875	9.15	54.48
2.874	9.14	54.48
2.873	9.12	54.48
2.872	9.13	54.48
2.871	9.14	54.48
2.871	9.13	54.48
2.870	9.12	54.48
2.869	9.14	54.48
2.868	9.13	54.48
2.867	9.14	54.48
2.866	9.16	54.48
2.865	9.17	54.48
2.865	9.17	54.48
2.864	9.18	54.48
2.863	9.18	54.48
2.862	9.17	54.48
2.862	9.19	54.48
2.861	9.19	54.48
2.859	9.18	54.48
2.858	9.18	54.48
2.857	9.18	54.48
2.856	9.19	54.48
2.856	9.18	54.48
2.855	9.18	54.48
2.854	9.19	54.48
2.853	9.19	54.48
2.853	9.21	54.48
2.852	9.20	54.48
2.850	9.20	54.48
2.850	9.20	54.48
2.849	9.21	54.48
2.848	9.19	54.48
2.847	9.18	54.48
2.846	9.18	54.48
2.845	9.17	54.48
2.844	9.17	54.48
2.843	9.17	54.48
2.842	9.16	54.48
2.841	9.16	54.48
2.841	9.16	54.48
2.840	9.16	54.48
2.839	9.15	54.48
2.838	9.15	54.48
2.837	9.15	54.48
2.836	9.16	54.48
2.835	9.15	54.48
2.834	9.16	54.48
2.832	9.16	54.48
2.831	9.16	54.48
2.830	9.19	54.48
2.829	9.20	54.48
2.829	9.22	54.48
2.827	9.22	54.48
2.826	9.23	54.48
2.826	9.23	54.48
2.825	9.23	54.48
2.824	9.22	54.48
2.823	9.22	54.48
2.823	9.20	54.48
2.823	9.20	54.48
2.823	9.21	54.48
2.823	9.21	54.48
2.823	9.21	54.48
2.823	9.21	54.48
2.823	9.21	54.48
2.823	9.23	54.47
2.823	9.24	54.47
2.822	9.25	54.47
2.822	9.26	54.47
2.821	9.25	54.47
2.820	9.24	54.47
2.819	9.26	54.47
2.819	9.25	54.47
2.818	9.24	54.47
2.817	9.25	54.47
2.816	9.24	54.47
2.815	9.26	54.47
2.814	9.24	54.47
2.814	9.25	54.47
2.813	9.25	54.47
2.812	9.25	54.47
2.811	9.24	54.47
2.811	9.24	54.47
2.810	9.24	54.47
2.810	9.24	54.47
2.809	9.23	54.47
2.809	9.24	54.47
2.808	9.25	54.47
2.808	9.25	54.47
2.807	9.25	54.47
2.807	9.25	54.47
2.806	9.26	54.47
2.806	9.27	54.47
2.805	9.28	54.47
2.805	9.27	54.47
2.804	9.29	54.47
2.804	9.29	54.47
2.803	9.29	54.47
2.803	9.28	54.47
2.802	9.32	54.47
2.801	9.35	54.47
2.800	9.37	54.47
2.800	9.38	54.47
2.799	9.39	54.47
2.797	9.39	54.47
2.796	9.39	54.47
2.794	9.39	54.47
2.794	9.40	54.47
2.793	9.40	54.47
2.792	9.40	54.47
2.792	9.40	54.47
2.791	9.40	54.47
2.791	9.40	54.47
2.790	9.40	54.47
2.789	9.40	54.47
2.788	9.41	54.47
2.788	9.41	54.47
2.787	9.41	54.47
2.786	9.41	54.47
2.786	9.41	54.47
2.785	9.41	54.47
2.785	9.41	54.47
2.783	9.42	54.47
2.782	9.42	54.46
2.782	9.42	54.46
2.781	9.42	54.46
2.780	9.42	54.46
2.779	9.42	54.46
2.779	9.42	54.46
2.778	9.43	54.46
2.777	9.43	54.46
2.777	9.43	54.46
2.776	9.43	54.46
2.776	9.44	54.46
2.775	9.45	54.46
2.774	9.45	54.46
2.773	9.44	54.46
2.772	9.44	54.46
2.771	9.45	54.46
2.770	9.45	54.46
2.768	9.45	54.46
2.767	9.45	54.46
2.767	9.45	54.46
2.766	9.45	54.46
2.766	9.45	54.46
2.766	9.45	54.46
2.766	9.45	54.46
2.766	9.45	54.46
2.766	9.45	54.46
2.766	9.45	54.46
2.767	9.45	54.46
2.767	9.45	54.46
2.767	9.45	54.46
2.767	9.45	54.46
2.767	9.45	54.46
2.767	9.46	54.46
2.766	9.46	54.46
2.766	9.45	54.46
2.765	9.46	54.46
2.764	9.47	54.45
2.763	9.47	54.46
2.762	9.48	54.46
2.761	9.49	54.45
2.760	9.50	54.45
2.759	9.50	54.45
2.758	9.49	54.45
2.758	9.49	54.45
2.757	9.49	54.45
2.756	9.49	54.45
2.755	9.50	54.45
2.754	9.50	54.45
2.753	9.51	54.45
2.752	9.52	54.45
2.751	9.54	54.45
2.750	9.56	54.45
2.749	9.56	54.45
2.748	9.57	54.45
2.747	9.58	54.45
2.746	9.58	54.45
2.745	9.59	54.45
2.745	9.59	54.45
2.744	9.58	54.45
2.743	9.58	54.45
2.743	9.58	54.45
2.742	9.58	54.45
2.741	9.58	54.45
2.741	9.58	54.45
2.740	9.58	54.45
2.740	9.59	54.45
2.739	9.59	54.45
2.738	9.59	54.45
2.737	9.59	54.45
2.737	9.60	54.45
2.736	9.60	54.45
2.735	9.60	54.45
2.735	9.61	54.45
2.734	9.61	54.45
2.733	9.61	54.45
2.733	9.62	54.45
2.733	9.62	54.45
2.732	9.62	54.45
2.732	9.62	54.45
2.732	9.62	54.45
2.731	9.62	54.45
2.730	9.62	54.45
2.730	9.62	54.45
2.730	9.62	54.45
2.730	9.62	54.45
2.730	9.62	54.45
2.730	9.62	54.45
2.730	9.62	54.45
2.730	9.62	54.45
2.730	9.62	54.45
2.730	9.63	54.45
2.729	9.63	54.45
2.729	9.64	54.45
2.728	9.64	54.45
2.727	9.64	54.45
2.726	9.64	54.45
2.725	9.65	54.45
2.724	9.65	54.45
2.723	9.65	54.45
2.723	9.65	54.45
2.722	9.65	54.45
2.721	9.65	54.45
2.721	9.65	54.45
2.720	9.65	54.45
2.719	9.65	54.45
2.718	9.66	54.45
2.718	9.66	54.45
2.717	9.66	54.45
2.716	9.66	54.45
2.716	9.66	54.45
2.715	9.67	54.45
2.714	9.67	54.45
2.714	9.67	54.45
2.713	9.67	54.45
2.713	9.67	54.45
2.712	9.67	54.45
2.712	9.67	54.45
2.711	9.67	54.45
2.710	9.67	54.45
2.709	9.67	54.45
2.709	9.67	54.45
2.708	9.68	54.45
2.708	9.68	54.45
2.707	9.69	54.45
2.706	9.69	54.45
2.706	9.69	54.45
2.705	9.70	54.45
2.705	9.70	54.45
2.704	9.70	54.45
2.704	9.70	54.45
2.703	9.70	54.45
2.703	9.70	54.45
2.702	9.70	54.45
2.702	9.70	54.45
2.701	9.71	54.45
2.701	9.71	54.45
2.700	9.71	54.45
2.699	9.71	54.45
2.699	9.71	54.45
2.698	9.71	54.45
2.697	9.72	54.45
2.696	9.72	54.45
2.696	9.72	54.45
2.696	9.73	54.45
2.695	9.73	54.45
2.695	9.73	54.45
2.694	9.73	54.45
2.693	9.74	54.45
2.693	9.74	54.45
2.692	9.75	54.45
2.692	9.76	54.45
2.691	9.77	54.45
2.690	9.77	54.45
2.690	9.77	54.45
2.689	9.77	54.45
2.689	9.77	54.45
2.688	9.77	54.45
2.687	9.77	54.45
2.686	9.78	54.45
2.685	9.78	54.44
2.684	9.78	54.44
2.684	9.79	54.44
2.683	9.79	54.44
2.682	9.80	54.44
2.681	9.80	54.44
2.681	9.80	54.44
2.680	9.80	54.44
2.679	9.80	54.44
2.679	9.81	54.44
2.678	9.81	54.44
2.677	9.81	54.44
2.677	9.81	54.44
2.676	9.81	54.44
2.675	9.82	54.44
2.675	9.82	54.44
2.674	9.82	54.44
2.674	9.82	54.44
2.673	9.82	54.44
2.673	9.83	54.44
2.672	9.83	54.44
2.671	9.83	54.44
2.671	9.83	54.44
2.671	9.83	54.44
2.671	9.83	54.44
2.671	9.83	54.44
2.671	9.83	54.44
2.671	9.83	54.44
2.671	9.84	54.44
2.670	9.85	54.44
2.669	9.84	54.44
2.668	9.85	54.44
2.667	9.86	54.44
2.667	9.87	54.44
2.665	9.88	54.44
2.664	9.89	54.44
2.662	9.89	54.44
2.661	9.90	54.44
2.660	9.91	54.44
2.659	9.91	54.44
2.658	9.92	54.44
2.657	9.92	54.44
2.656	9.93	54.44
2.656	9.93	54.44
2.655	9.94	54.44
2.654	9.95	54.44
2.653	9.95	54.44
2.652	9.96	54.44
2.651	9.96	54.43
2.650	9.96	54.43
2.649	9.97	54.43
2.649	9.98	54.43
2.648	9.99	54.43
2.646	9.99	54.43
2.646	9.99	54.43
2.645	10.00	54.43
2.644	10.00	54.43
2.643	10.00	54.43
2.642	10.01	54.43
2.642	10.01	54.43
2.641	10.01	54.43
2.641	10.02	54.43
2.640	10.03	54.43
2.639	10.03	54.43
2.639	10.04	54.43
2.638	10.04	54.43
2.637	10.05	54.43
2.636	10.05	54.43
2.635	10.05	54.43
2.635	10.06	54.43
2.634	10.06	54.43
2.633	10.07	54.43
2.632	10.07	54.43
2.631	10.07	54.43
2.631	10.08	54.43
2.630	10.09	54.43
2.629	10.09	54.43
2.628	10.09	54.43
2.627	10.10	54.43
2.625	10.10	54.43
2.625	10.10	54.43
2.623	10.11	54.43
2.622	10.11	54.43
2.621	10.12	54.43
2.620	10.12	54.43
2.619	10.12	54.43
2.618	10.12	54.43
2.617	10.12	54.42
2.616	10.12	54.43
2.614	10.13	54.42
2.613	10.13	54.42
2.612	10.13	54.42
2.611	10.14	54.42
2.610	10.14	54.42
2.609	10.13	54.42
2.609	10.14	54.42
2.609	10.14	54.42
2.609	10.13	54.42
2.609	10.13	54.42
2.609	10.13	54.42
2.609	10.14	54.42
2.609	10.13	54.42
2.609	10.14	54.42
2.609	10.15	54.42
2.608	10.15	54.42
2.608	10.15	54.42
2.607	10.16	54.42
2.606	10.15	54.42
2.605	10.15	54.42
2.605	10.16	54.42
2.604	10.16	54.42
2.604	10.16	54.42
2.603	10.16	54.42
2.602	10.16	54.42
2.602	10.16	54.42
2.601	10.16	54.42
2.600	10.16	54.42
2.600	10.16	54.42
2.599	10.16	54.42
2.599	10.16	54.42
2.598	10.17	54.42
2.598	10.17	54.42
2.597	10.17	54.42
2.596	10.18	54.42
2.595	10.18	54.42
2.595	10.18	54.42
2.594	10.18	54.42
2.593	10.18	54.42
2.593	10.18	54.42
2.592	10.18	54.42
2.592	10.18	54.42
2.591	10.19	54.42
2.591	10.19	54.42
2.590	10.19	54.42
2.590	10.19	54.42
2.589	10.21	54.42
2.588	10.21	54.42
2.588	10.21	54.42
2.587	10.21	54.42
2.586	10.21	54.42
2.586	10.21	54.42
2.585	10.21	54.42
2.584	10.21	54.42
2.583	10.22	54.42
2.583	10.22	54.42
2.582	10.22	54.42
2.581	10.22	54.42
2.581	10.22	54.42
2.580	10.23	54.42
2.579	10.23	54.42
2.578	10.23	54.41
2.578	10.23	54.41
2.577	10.24	54.41
2.576	10.24	54.41
2.575	10.25	54.41
2.574	10.26	54.41
2.573	10.27	54.41
2.572	10.27	54.41
2.570	10.27	54.41
2.569	10.27	54.41
2.568	10.28	54.41
2.567	10.28	54.41
2.566	10.28	54.41
2.565	10.29	54.41
2.564	10.30	54.41
2.562	10.30	54.41
2.561	10.31	54.41
2.560	10.32	54.41
2.559	10.32	54.41
2.558	10.33	54.41
2.557	10.34	54.41
2.556	10.34	54.41
2.555	10.35	54.41
2.554	10.35	54.41
2.554	10.35	54.41
2.554	10.35	54.41
2.554	10.35	54.41
2.554	10.35	54.41
2.554	10.35	54.41
2.554	10.35	54.41
2.554	10.35	54.41
2.554	10.35	54.41
2.554	10.35	54.40
2.554	10.35	54.40
2.554	10.35	54.40
2.554	10.36	54.40
2.553	10.36	54.40
2.552	10.37	54.40
2.552	10.37	54.40
2.551	10.38	54.40
2.550	10.39	54.40
2.549	10.39	54.40
2.548	10.40	54.40
2.548	10.40	54.40
2.547	10.40	54.40
2.546	10.40	54.40
2.546	10.40	54.40
2.545	10.41	54.40
2.545	10.41	54.40
2.544	10.42	54.40
2.543	10.43	54.40
2.543	10.43	54.40
2.543	10.43	54.40
2.542	10.45	54.40
2.542	10.45	54.40
2.541	10.45	54.40
2.540	10.45	54.40
2.540	10.46	54.40
2.539	10.46	54.40
2.538	10.47	54.40
2.537	10.47	54.40
2.537	10.47	54.40
2.536	10.47	54.40
2.536	10.47	54.40
2.535	10.47	54.40
2.535	10.48	54.39
2.534	10.49	54.40
2.534	10.49	54.39
2.533	10.50	54.39
2.533	10.49	54.39
2.532	10.50	54.39
2.532	10.50	54.39
2.532	10.50	54.39
2.532	10.50	54.39
2.532	10.50	54.39
2.531	10.51	54.39
2.530	10.51	54.39
2.530	10.51	54.39
2.530	10.51	54.39
2.529	10.52	54.39
2.529	10.52	54.39
2.528	10.52	54.39
2.527	10.52	54.39
2.526	10.53	54.39
2.526	10.54	54.39
2.525	10.53	54.39
2.524	10.53	54.39
2.524	10.54	54.39
2.523	10.55	54.39
2.522	10.55	54.39
2.521	10.56	54.39
2.520	10.56	54.39
2.519	10.57	54.39
2.518	10.57	54.39
2.517	10.57	54.39
2.517	10.58	54.39
2.516	10.58	54.39
2.515	10.58	54.39
2.514	10.58	54.39
2.514	10.59	54.39
2.513	10.59	54.39
2.512	10.60	54.39
2.511	10.60	54.39
2.510	10.60	54.39
2.509	10.60	54.39
2.508	10.61	54.39
2.508	10.60	54.39
2.507	10.61	54.39
2.507	10.61	54.39
2.506	10.61	54.39
2.505	10.61	54.39
2.505	10.61	54.39
2.505	10.61	54.39
2.505	10.61	54.39
2.505	10.61	54.39
2.505	10.61	54.39
2.505	10.61	54.39
2.505	10.62	54.39
2.505	10.62	54.39
2.505	10.62	54.39
2.504	10.63	54.39
2.503	10.63	54.39
2.503	10.63	54.39
2.502	10.63	54.39
2.501	10.63	54.39
2.500	10.63	54.39
2.500	10.63	54.39
2.499	10.63	54.39
2.499	10.64	54.39
2.498	10.63	54.39
2.498	10.64	54.39
2.497	10.64	54.39
2.497	10.64	54.39
2.496	10.64	54.39
2.496	10.64	54.39
2.495	10.64	54.39
2.495	10.65	54.39
2.494	10.65	54.38
2.494	10.65	54.39
2.493	10.65	54.39
2.492	10.65	54.38
2.492	10.65	54.38
2.491	10.65	54.38
2.491	10.65	54.38
2.490	10.66	54.38
2.490	10.66	54.38
2.489	10.66	54.38
2.489	10.66	54.38
2.488	10.67	54.38
2.488	10.67	54.38
2.487	10.67	54.38
2.486	10.68	54.38
2.486	10.68	54.38
2.485	10.68	54.38
2.485	10.68	54.38
2.484	10.68	54.38
2.484	10.68	54.38
2.483	10.68	54.38
2.483	10.68	54.38
2.482	10.68	54.38
2.482	10.69	54.38
2.482	10.69	54.38
2.481	10.69	54.38
2.480	10.70	54.38
2.479	10.70	54.38
2.478	10.71	54.38
2.477	10.72	54.38
2.476	10.72	54.38
2.475	10.73	54.38
2.473	10.73	54.38
2.472	10.74	54.38
2.471	10.74	54.38
2.470	10.75	54.38
2.469	10.75	54.38
2.468	10.75	54.38
2.467	10.75	54.38
2.467	10.75	54.38
2.466	10.75	54.38
2.466	10.75	54.38
2.466	10.75	54.38
2.465	10.76	54.38
2.465	10.76	54.38
2.464	10.76	54.38
2.464	10.76	54.38
2.464	10.77	54.38
2.463	10.77	54.38
2.462	10.77	54.38
2.461	10.78	54.38
2.460	10.79	54.38
2.459	10.79	54.38
2.459	10.79	54.38
2.458	10.80	54.38
2.458	10.81	54.38
2.456	10.82	54.38
2.455	10.83	54.38
2.453	10.84	54.37
2.452	10.85	54.37
2.451	10.85	54.37
2.450	10.85	54.37
2.450	10.85	54.37
2.449	10.85	54.37
2.449	10.85	54.37
2.449	10.85	54.37
2.449	10.86	54.37
2.449	10.86	54.37
2.449	10.87	54.37
2.448	10.87	54.37
2.448	10.88	54.37
2.447	10.87	54.37
2.447	10.87	54.37
2.446	10.88	54.37
2.446	10.88	54.37
2.446	10.88	54.37
2.446	10.88	54.37
2.446	10.88	54.37
2.445	10.88	54.37
2.445	10.90	54.37
2.445	10.90	54.37
2.445	10.90	54.37
2.445	10.90	54.37
2.444	10.90	54.37
2.444	10.90	54.37
2.444	10.90	54.37
2.444	10.91	54.37
2.444	10.91	54.37
2.443	10.91	54.37
2.443	10.92	54.37
2.442	10.92	54.37
2.442	10.92	54.37
2.442	10.92	54.37
2.441	10.93	54.37
2.441	10.95	54.37
2.440	10.95	54.37
2.440	10.94	54.37
2.439	10.95	54.37
2.438	10.95	54.37
2.437	10.96	54.37
2.436	10.98	54.37
2.433	11.01	54.37
2.431	11.01	54.37
2.430	11.01	54.37
2.429	11.01	54.37
2.428	11.01	54.37
2.428	11.02	54.37
2.427	11.02	54.37
2.426	11.03	54.36
2.426	11.03	54.36
2.425	11.03	54.36
2.424	11.05	54.36
2.423	11.04	54.36
2.422	11.05	54.36
2.422	11.05	54.36
2.421	11.05	54.36
2.421	11.05	54.36
2.421	11.05	54.36
2.420	11.06	54.36
2.420	11.06	54.36
2.419	11.06	54.36
2.419	11.06	54.36
2.418	11.06	54.36
2.418	11.06	54.36
2.417	11.07	54.36
2.417	11.06	54.36
2.416	11.06	54.36
2.415	11.07	54.36
2.415	11.07	54.36
2.415	11.07	54.36
2.414	11.07	54.36
2.414	11.07	54.36
2.413	11.08	54.36
2.412	11.08	54.36
2.412	11.09	54.36
2.411	11.09	54.36
2.410	11.09	54.36
2.410	11.10	54.36
2.409	11.10	54.36
2.409	11.11	54.36
2.408	11.10	54.36
2.407	11.11	54.36
2.406	11.10	54.36
2.406	11.10	54.36
2.405	11.11	54.36
2.405	11.11	54.36
2.404	11.11	54.36
2.403	11.11	54.36
2.402	11.12	54.36
2.401	11.12	54.36
2.400	11.12	54.36
2.400	11.12	54.36
2.400	11.12	54.36
2.400	11.12	54.36
2.400	11.12	54.36
2.400	11.12	54.36
2.400	11.12	54.36
2.400	11.12	54.36
2.400	11.12	54.36
2.400	11.12	54.36
2.400	11.12	54.36
2.399	11.12	54.36
2.399	11.12	54.36
2.399	11.12	54.36
2.398	11.12	54.36
2.398	11.12	54.36
2.397	11.13	54.36
2.397	11.13	54.36
2.396	11.13	54.36
2.396	11.13	54.36
2.396	11.13	54.36
2.395	11.14	54.36
2.395	11.13	54.36
2.395	11.14	54.36
2.394	11.14	54.36
2.393	11.14	54.36
2.393	11.14	54.36
2.392	11.14	54.36
2.392	11.14	54.36
2.392	11.14	54.36
2.391	11.14	54.36
2.391	11.14	54.36
2.391	11.15	54.36
2.390	11.15	54.36
2.390	11.15	54.36
2.390	11.15	54.36
2.390	11.15	54.36
2.389	11.15	54.36
2.389	11.16	54.36
2.389	11.16	54.36
2.389	11.16	54.36
2.388	11.16	54.36
2.388	11.16	54.36
2.387	11.16	54.36
2.387	11.16	54.36
2.387	11.16	54.36
2.387	11.16	54.36
2.387	11.16	54.36
2.386	11.17	54.36
2.386	11.17	54.36
2.386	11.17	54.36
2.386	11.17	54.36
2.385	11.17	54.36
2.385	11.17	54.36
2.385	11.17	54.35
2.384	11.18	54.36
2.384	11.18	54.35
2.383	11.18	54.35
2.383	11.18	54.36
2.383	11.18	54.35
2.382	11.19	54.35
2.382	11.19	54.35
2.381	11.19	54.35
2.381	11.19	54.35
2.380	11.19	54.35
2.380	11.20	54.35
2.379	11.21	54.35
2.378	11.21	54.35
2.377	11.21	54.35
2.377	11.21	54.35
2.377	11.21	54.35
2.377	11.21	54.35
2.377	11.21	54.35
2.377	11.21	54.35
2.377	11.21	54.35
2.377	11.22	54.35
2.377	11.22	54.35
2.377	11.22	54.35
2.376	11.22	54.35
2.376	11.22	54.35
2.376	11.22	54.35
2.376	11.22	54.35
2.376	11.23	54.35
2.375	11.23	54.35
2.374	11.24	54.35
2.374	11.24	54.35
2.373	11.25	54.35
2.373	11.25	54.35
2.372	11.24	54.35
2.371	11.25	54.35
2.371	11.25	54.35
2.370	11.25	54.35
2.370	11.26	54.35
2.369	11.25	54.35
2.369	11.26	54.35
2.368	11.26	54.35
2.367	11.26	54.35
2.366	11.27	54.35
2.366	11.27	54.35
2.366	11.27	54.35
2.365	11.27	54.35
2.364	11.28	54.35
2.363	11.29	54.35
2.362	11.30	54.35
2.361	11.30	54.34
2.361	11.30	54.35
2.360	11.31	54.35
2.360	11.32	54.34
2.359	11.31	54.35
2.358	11.32	54.34
2.357	11.33	54.34
2.357	11.34	54.35
2.355	11.36	54.34
2.354	11.36	54.34
2.353	11.37	54.34
2.352	11.37	54.34
2.351	11.38	54.34
2.350	11.40	54.34
2.349	11.41	54.34
2.347	11.43	54.34
2.345	11.43	54.34
2.343	11.44	54.34
2.342	11.46	54.34
2.341	11.47	54.34
2.340	11.48	54.34
2.339	11.48	54.34
2.338	11.48	54.34
2.337	11.50	54.34
2.336	11.51	54.34
2.336	11.51	54.34
2.335	11.52	54.34
2.334	11.52	54.34
2.333	11.52	54.34
2.333	11.52	54.34
2.332	11.52	54.34
2.331	11.53	54.34
2.331	11.53	54.34
2.330	11.53	54.34
2.330	11.53	54.34
2.329	11.54	54.34
2.329	11.54	54.34
2.328	11.54	54.34
2.328	11.54	54.34
2.327	11.54	54.34
2.326	11.54	54.34
2.326	11.55	54.34
2.325	11.55	54.34
2.325	11.55	54.34
2.324	11.55	54.34
2.324	11.55	54.33
2.324	11.55	54.33
2.323	11.55	54.33
2.323	11.55	54.33
2.323	11.55	54.33
2.323	11.55	54.33
2.323	11.56	54.33
2.323	11.56	54.33
2.323	11.55	54.33
2.322	11.56	54.33
2.322	11.56	54.33
2.322	11.56	54.33
2.322	11.56	54.33
2.322	11.56	54.33
2.322	11.56	54.33
2.321	11.56	54.33
2.321	11.56	54.33
2.321	11.56	54.33
2.321	11.56	54.33
2.320	11.56	54.33
2.320	11.56	54.33
2.319	11.56	54.33
2.319	11.57	54.33
2.319	11.57	54.33
2.318	11.57	54.33
2.317	11.57	54.33
2.317	11.57	54.33
2.316	11.58	54.33
2.316	11.58	54.33
2.315	11.58	54.33
2.315	11.58	54.33
2.314	11.58	54.33
2.313	11.58	54.33
2.313	11.58	54.33
2.312	11.59	54.33
2.311	11.59	54.33
2.310	11.59	54.33
2.310	11.59	54.33
2.309	11.59	54.33
2.309	11.59	54.33
2.308	11.60	54.33
2.308	11.60	54.33
2.307	11.60	54.33
2.307	11.60	54.33
2.306	11.60	54.33
2.306	11.61	54.33
2.306	11.62	54.33
2.305	11.63	54.33
2.305	11.62	54.33
2.304	11.63	54.33
2.303	11.63	54.33
2.302	11.64	54.33
2.302	11.64	54.33
2.301	11.63	54.33
2.301	11.63	54.33
2.300	11.64	54.33
2.299	11.64	54.33
2.299	11.64	54.33
2.299	11.65	54.33
2.298	11.65	54.33
2.297	11.65	54.33
2.296	11.66	54.32
2.296	11.67	54.32
2.294	11.67	54.33
2.293	11.68	54.32
2.292	11.68	54.32
2.291	11.68	54.32
2.290	11.68	54.32
2.290	11.68	54.32
2.289	11.69	54.32
2.288	11.70	54.32
2.287	11.70	54.32
2.287	11.71	54.32
2.286	11.72	54.32
2.285	11.72	54.32
2.284	11.73	54.32
2.283	11.72	54.32
2.282	11.73	54.32
2.281	11.74	54.32
2.280	11.75	54.32
2.278	11.76	54.32
2.277	11.76	54.32
2.276	11.77	54.32
2.275	11.78	54.32
2.274	11.79	54.32
2.273	11.79	54.32
2.272	11.80	54.32
2.271	11.82	54.32
2.270	11.83	54.32
2.269	11.84	54.32
2.268	11.84	54.32
2.268	11.84	54.32
2.267	11.85	54.32
2.266	11.86	54.32
2.265	11.88	54.32
2.264	11.88	54.32
2.263	11.89	54.32
2.262	11.90	54.32
2.261	11.91	54.32
2.259	11.92	54.32
2.258	11.93	54.32
2.257	11.94	54.32
2.255	11.95	54.32
2.254	11.96	54.32
2.253	11.96	54.32
2.251	11.98	54.32
2.250	11.98	54.32
2.248	11.99	54.32
2.247	11.99	54.32
2.246	12.00	54.32
2.244	12.00	54.32
2.243	12.01	54.32
2.241	12.02	54.32
2.240	12.02	54.32
2.238	12.03	54.32
2.237	12.04	54.32
2.235	12.04	54.32
2.234	12.04	54.32
2.232	12.06	54.32
2.231	12.06	54.32
2.229	12.07	54.32
2.228	12.07	54.32
2.228	12.07	54.32
2.227	12.07	54.32
2.226	12.08	54.32
2.225	12.08	54.32
2.225	12.08	54.32
2.224	12.08	54.32
2.223	12.08	54.32
2.222	12.09	54.32
2.222	12.09	54.32
2.221	12.09	54.32
2.220	12.10	54.32
2.219	12.10	54.31
2.218	12.11	54.32
2.217	12.10	54.31
2.216	12.11	54.31
2.215	12.13	54.31
2.214	12.13	54.31
2.213	12.13	54.31
2.212	12.14	54.31
2.211	12.14	54.31
2.210	12.16	54.31
2.208	12.18	54.31
2.207	12.18	54.31
2.206	12.18	54.31
2.205	12.20	54.31
2.204	12.19	54.31
2.202	12.20	54.31
2.201	12.21	54.31
2.200	12.22	54.31
2.199	12.21	54.31
2.198	12.22	54.31
2.197	12.23	54.31
2.196	12.24	54.31
2.195	12.25	54.31
2.194	12.25	54.31
2.193	12.25	54.31
2.192	12.26	54.31
2.191	12.27	54.31
2.191	12.27	54.31
2.190	12.28	54.31
2.189	12.28	54.31
2.189	12.29	54.31
2.188	12.29	54.31
2.187	12.31	54.31
2.186	12.33	54.31
2.185	12.33	54.31
2.184	12.33	54.31
2.184	12.35	54.31
2.183	12.36	54.31
2.181	12.37	54.31
2.180	12.38	54.31
2.179	12.39	54.31
2.178	12.39	54.31
2.177	12.40	54.31
2.176	12.40	54.31
2.175	12.42	54.31
2.174	12.42	54.31
2.173	12.44	54.31
2.171	12.44	54.31
2.170	12.45	54.31
2.168	12.46	54.31
2.167	12.46	54.31
2.166	12.47	54.30
2.165	12.48	54.30
2.164	12.49	54.31
2.164	12.49	54.30
2.162	12.50	54.31
2.161	12.50	54.31
2.161	12.50	54.30
2.160	12.51	54.30
2.158	12.52	54.30
2.157	12.52	54.30
2.155	12.52	54.30
2.154	12.52	54.30
2.153	12.52	54.30
2.152	12.52	54.30
2.152	12.53	54.30
2.151	12.53	54.30
2.150	12.53	54.30
2.149	12.54	54.30
2.149	12.54	54.30
2.148	12.54	54.30
2.147	12.55	54.30
2.146	12.55	54.30
2.146	12.56	54.30
2.145	12.55	54.30
2.145	12.57	54.30
2.144	12.56	54.30
2.143	12.57	54.30
2.143	12.57	54.30
2.142	12.57	54.30
2.141	12.58	54.30
2.141	12.59	54.30
2.140	12.59	54.30
2.139	12.61	54.30
2.138	12.61	54.30
2.136	12.61	54.30
2.135	12.62	54.30
2.134	12.62	54.30
2.133	12.63	54.30
2.132	12.63	54.30
2.131	12.64	54.30
2.130	12.66	54.30
2.129	12.66	54.30
2.128	12.67	54.30
2.127	12.67	54.30
2.126	12.68	54.30
2.126	12.68	54.30
2.125	12.68	54.30
2.124	12.68	54.30
2.123	12.69	54.30
2.123	12.69	54.30
2.123	12.70	54.30
2.122	12.71	54.30
2.121	12.71	54.30
2.121	12.71	54.30
2.120	12.71	54.30
2.120	12.73	54.30
2.119	12.73	54.30
2.118	12.73	54.30
2.117	12.74	54.30
2.117	12.74	54.30
2.116	12.76	54.30
2.115	12.76	54.30
2.114	12.77	54.30
2.114	12.77	54.30
2.113	12.77	54.30
2.112	12.79	54.30
2.111	12.81	54.30
2.110	12.82	54.30
2.109	12.83	54.30
2.108	12.84	54.30
2.107	12.85	54.30
2.105	12.87	54.30
2.104	12.88	54.30
2.102	12.89	54.30
2.101	12.89	54.30
2.099	12.91	54.30
2.098	12.92	54.30
2.097	12.92	54.30
2.097	12.92	54.30
2.096	12.91	54.30
2.096	12.92	54.30
2.096	12.92	54.30
2.095	12.93	54.30
2.094	12.93	54.30
2.094	12.93	54.30
2.093	12.94	54.30
2.093	12.95	54.30
2.092	12.95	54.30
2.092	12.95	54.30
2.091	12.96	54.30
2.091	12.95	54.30
2.091	12.95	54.30
2.091	12.95	54.30
2.091	12.95	54.30
2.091	12.96	54.30
2.090	12.96	54.30
2.090	12.97	54.30
2.090	12.96	54.30
2.089	12.96	54.30
2.089	12.96	54.30
2.089	12.97	54.30
2.089	12.96	54.30
2.089	12.96	54.30
2.089	12.97	54.30
2.089	12.97	54.30
2.088	12.97	54.30
2.088	12.98	54.30
2.088	12.97	54.30
2.088	12.97	54.30
2.087	12.98	54.30
2.087	12.97	54.30
2.086	12.98	54.30
2.086	12.98	54.30
2.086	12.99	54.30
2.085	12.99	54.30
2.085	12.99	54.30
2.084	13.00	54.30
2.084	13.00	54.30
2.084	13.00	54.30
2.083	13.00	54.30
2.083	13.00	54.30
2.083	13.00	54.30
2.082	13.00	54.30
2.082	13.01	54.30
2.082	13.01	54.30
2.082	13.01	54.30
2.081	13.02	54.30
2.080	13.03	54.30
2.080	13.03	54.30
2.079	13.03	54.30
2.079	13.04	54.30
2.078	13.03	54.30
2.078	13.03	54.30
2.077	13.03	54.30
2.077	13.02	54.30
2.076	13.03	54.30
2.075	13.04	54.30
2.075	13.03	54.30
2.075	13.04	54.30
2.074	13.04	54.30
2.073	13.04	54.30
2.073	13.04	54.30
2.072	13.05	54.30
2.071	13.06	54.30
2.070	13.05	54.30
2.070	13.05	54.30
2.070	13.06	54.30
2.069	13.07	54.30
2.069	13.07	54.30
2.068	13.07	54.30
2.067	13.07	54.30
2.067	13.07	54.29
2.066	13.07	54.30
2.066	13.07	54.30
2.065	13.08	54.29
2.065	13.09	54.29
2.064	13.09	54.29
2.064	13.09	54.29
2.063	13.09	54.29
2.062	13.10	54.29
2.062	13.10	54.29
2.061	13.12	54.29
2.060	13.13	54.29
2.059	13.12	54.29
2.059	13.12	54.29
2.058	13.12	54.29
2.057	13.13	54.29
2.057	13.13	54.29
2.057	13.13	54.29
2.057	13.13	54.29
2.057	13.13	54.29
2.057	13.13	54.29
2.057	13.13	54.29
2.057	13.13	54.29
2.057	13.13	54.29
2.057	13.13	54.29
2.056	13.15	54.29
2.056	13.15	54.29
2.056	13.15	54.29
2.056	13.15	54.29
2.056	13.16	54.29
2.055	13.16	54.29
2.055	13.16	54.29
2.054	13.17	54.29
2.053	13.17	54.29
2.053	13.18	54.29
2.052	13.20	54.29
2.051	13.20	54.29
2.050	13.20	54.29
2.050	13.21	54.29
2.049	13.21	54.29
2.048	13.21	54.29
2.048	13.22	54.29
2.047	13.23	54.29
2.047	13.22	54.29
2.047	13.23	54.29
2.046	13.22	54.29
2.045	13.23	54.29
2.045	13.24	54.29
2.044	13.25	54.29
2.044	13.24	54.29
2.044	13.25	54.29
2.043	13.27	54.29
2.042	13.27	54.29
2.041	13.28	54.29
2.041	13.27	54.29
2.041	13.27	54.29
2.041	13.28	54.29
2.040	13.30	54.29
2.039	13.30	54.29
2.038	13.32	54.29
2.036	13.33	54.29
2.035	13.35	54.29
2.034	13.36	54.29
2.033	13.37	54.29
2.032	13.37	54.29
2.032	13.37	54.29
2.031	13.37	54.29
2.030	13.38	54.29
2.030	13.38	54.29
2.029	13.38	54.29
2.029	13.38	54.29
2.029	13.39	54.28
2.029	13.38	54.28
2.029	13.39	54.28
2.028	13.39	54.28
2.028	13.39	54.28
2.027	13.40	54.28
2.027	13.41	54.28
2.026	13.41	54.28
2.026	13.42	54.28
2.025	13.42	54.28
2.025	13.43	54.28
2.024	13.42	54.28
2.024	13.43	54.28
2.023	13.43	54.28
2.023	13.44	54.28
2.022	13.44	54.28
2.021	13.45	54.28
2.021	13.45	54.28
2.020	13.46	54.28
2.019	13.45	54.28
2.019	13.46	54.28
2.018	13.45	54.28
2.017	13.45	54.28
2.017	13.45	54.28
2.017	13.46	54.28
2.017	13.46	54.28
2.017	13.46	54.28
2.017	13.45	54.28
2.017	13.45	54.28
2.017	13.46	54.28
2.016	13.46	54.28
2.016	13.46	54.28
2.016	13.46	54.28
2.016	13.47	54.28
2.015	13.46	54.28
2.015	13.46	54.28
2.015	13.47	54.28
2.014	13.47	54.28
2.014	13.47	54.28
2.014	13.47	54.28
2.013	13.50	54.28
2.013	13.50	54.28
2.012	13.53	54.28
2.012	13.84	54.28
2.011	13.58	54.28
2.010	13.49	54.28
2.010	13.50	54.28
2.009	13.49	54.28
2.009	13.50	54.28
2.008	13.50	54.28
2.008	13.50	54.28
2.007	13.50	54.28
2.007	13.51	54.28
2.007	13.50	54.28
2.007	13.50	54.28
2.006	13.50	54.28
2.006	13.51	54.28
2.006	13.51	54.28
2.005	13.53	54.28
2.005	13.51	54.28
2.004	13.52	54.28
2.004	13.53	54.28
2.004	13.53	54.28
2.003	13.53	54.28
2.003	13.53	54.28
2.002	13.53	54.28
2.002	13.54	54.27
2.001	13.55	54.28
2.000	13.56	54.27
2.000	13.56	54.27
1.999	13.56	54.27
1.998	13.56	54.28
1.998	13.57	54.28
1.997	13.57	54.27
1.996	13.58	54.27
1.996	13.59	54.27
1.995	13.59	54.27
1.995	13.59	54.27
1.995	13.58	54.27
1.995	13.58	54.27
1.995	13.58	54.27
1.995	13.58	54.27
1.995	13.59	54.27
1.994	13.59	54.27
1.994	13.60	54.27
1.994	13.60	54.27
1.993	13.60	54.27
1.993	13.61	54.27
1.992	13.62	54.27
1.992	13.62	54.27
1.991	13.62	54.27
1.991	13.63	54.27
1.990	13.63	54.27
1.989	13.63	54.27
1.989	13.63	54.27
1.988	13.63	54.27
1.988	13.64	54.27
1.988	13.64	54.27
1.987	13.64	54.27
1.987	13.64	54.27
1.986	13.64	54.27
1.986	13.65	54.27
1.985	13.66	54.27
1.985	13.66	54.27
1.984	13.67	54.27
1.984	13.67	54.27
1.983	13.67	54.27
1.982	13.68	54.27
1.982	13.71	54.27
1.981	13.70	54.27
1.981	13.70	54.27
1.980	13.71	54.27
1.980	13.71	54.27
1.979	13.72	54.27
1.979	13.72	54.27
1.978	13.72	54.27
1.978	13.73	54.27
1.978	13.72	54.27
1.977	13.73	54.27
1.976	13.74	54.27
1.976	13.75	54.27
1.975	13.77	54.27
1.975	13.77	54.27
1.974	13.77	54.27
1.973	13.79	54.27
1.973	13.79	54.27
1.972	13.79	54.27
1.972	13.80	54.27
1.971	13.80	54.27
1.970	13.80	54.27
1.970	13.80	54.27
1.969	13.80	54.27
1.969	13.81	54.27
1.969	13.82	54.27
1.968	13.83	54.27
1.968	13.82	54.27
1.967	13.83	54.27
1.967	13.84	54.27
1.967	13.84	54.27
1.966	13.85	54.27
1.966	13.84	54.27
1.966	13.95	54.27
1.965	14.04	54.27
1.965	13.89	54.27
1.964	13.92	54.27
1.964	13.87	54.27
1.963	13.89	54.27
1.963	13.89	54.27
1.962	13.89	54.27
1.961	13.89	54.27
1.961	13.89	54.27
1.960	13.90	54.27
1.960	13.90	54.27
1.960	13.90	54.27
1.959	13.91	54.27
1.959	13.90	54.27
1.958	13.91	54.27
1.958	13.91	54.27
1.957	13.91	54.27
1.957	13.91	54.27
1.957	13.91	54.27
1.957	13.91	54.27
1.957	13.92	54.27
1.957	13.91	54.27
1.957	13.92	54.27
1.957	13.91	54.27
1.957	13.91	54.27
1.957	13.91	54.27
1.957	13.91	54.27
1.957	13.92	54.27
1.957	13.93	54.27
1.956	13.92	54.27
1.956	13.93	54.27
1.956	13.94	54.27
1.955	13.93	54.27
1.955	13.93	54.27
1.955	13.93	54.27
1.954	13.93	54.27
1.954	13.94	54.27
1.953	13.93	54.27
1.953	13.94	54.27
1.952	13.94	54.27
1.952	13.94	54.27
1.951	13.94	54.27
1.951	13.94	54.27
1.950	13.94	54.27
1.950	13.94	54.27
1.949	13.94	54.27
1.949	13.95	54.27
1.948	13.95	54.27
1.948	13.95	54.26
1.947	13.96	54.26
1.947	13.97	54.27
1.946	13.97	54.26
1.946	13.97	54.26
1.946	13.97	54.26
1.945	13.97	54.26
1.945	13.98	54.26
1.945	13.98	54.26
1.944	13.98	54.26
1.944	13.98	54.26
1.943	13.98	54.26
1.942	13.99	54.26
1.942	13.99	54.26
1.941	13.99	54.26
1.941	13.99	54.26
1.940	14.00	54.26
1.939	14.02	54.26
1.938	14.04	54.26
1.937	14.06	54.26
1.935	14.06	54.26
1.934	14.06	54.26
1.933	14.07	54.26
1.933	14.07	54.26
1.932	14.07	54.26
1.932	14.07	54.26
1.931	14.08	54.26
1.931	14.08	54.26
1.931	14.07	54.26
1.930	14.09	54.26
1.930	14.09	54.26
1.930	14.09	54.26
1.929	14.09	54.26
1.929	14.09	54.26
1.929	14.10	54.26
1.929	14.10	54.26
1.928	14.10	54.26
1.928	14.10	54.26
1.927	14.10	54.26
1.927	14.11	54.26
1.927	14.10	54.26
1.926	14.10	54.26
1.926	14.12	54.26
1.925	14.12	54.26
1.925	14.13	54.25
1.924	14.14	54.25
1.923	14.14	54.25
1.923	14.14	54.25
1.922	14.15	54.25
1.922	14.16	54.25
1.921	14.16	54.25
1.921	14.16	54.25
1.920	14.18	54.25
1.920	14.18	54.25
1.919	14.19	54.25
1.918	14.24	54.25
1.917	14.21	54.25
1.917	14.21	54.25
1.916	14.11	54.25
1.915	14.22	54.25
1.914	14.24	54.25
1.913	14.25	54.25
1.912	14.26	54.25
1.911	14.27	54.25
1.910	14.28	54.25
1.909	14.28	54.25
1.908	14.29	54.25
1.908	14.30	54.25
1.907	14.30	54.25
1.906	14.32	54.25
1.905	14.32	54.25
1.904	14.33	54.25
1.903	14.34	54.25
1.902	14.35	54.25
1.901	14.36	54.25
1.900	14.37	54.25
1.899	14.37	54.25
1.898	14.38	54.25
1.898	14.38	54.25
1.897	14.38	54.25
1.896	14.39	54.25
1.896	14.39	54.25
1.895	14.39	54.25
1.895	14.39	54.25
1.894	14.40	54.25
1.894	14.40	54.25
1.894	14.40	54.25
1.893	14.41	54.25
1.892	14.41	54.25
1.892	14.41	54.25
1.891	14.41	54.25
1.891	14.42	54.24
1.890	14.41	54.24
1.889	14.41	54.24
1.889	14.41	54.24
1.888	14.42	54.24
1.888	14.43	54.24
1.887	14.43	54.24
1.886	14.43	54.24
1.886	14.44	54.24
1.885	14.45	54.24
1.885	14.45	54.24
1.884	14.45	54.24
1.883	14.45	54.24
1.882	14.47	54.24
1.882	14.47	54.24
1.881	14.48	54.24
1.881	14.48	54.24
1.880	14.48	54.24
1.879	14.49	54.24
1.879	14.50	54.24
1.878	14.51	54.24
1.877	14.51	54.24
1.877	14.51	54.24
1.876	14.52	54.24
1.876	14.52	54.24
1.875	14.53	54.24
1.874	14.53	54.24
1.874	14.53	54.24
1.873	14.54	54.24
1.872	14.55	54.24
1.872	14.56	54.24
1.871	14.55	54.24
1.871	14.56	54.24
1.870	14.56	54.24
1.870	14.56	54.24
1.869	14.57	54.24
1.869	14.58	54.24
1.868	14.59	54.24
1.868	14.59	54.24
1.867	14.60	54.24
1.867	14.59	54.24
1.866	14.60	54.24
1.866	14.60	54.24
1.865	14.60	54.24
1.865	14.60	54.24
1.864	14.62	54.24
1.864	14.62	54.24
1.863	14.63	54.24
1.862	14.64	54.24
1.862	14.65	54.24
1.861	14.66	54.24
1.861	14.66	54.24
1.860	14.62	54.24
1.860	14.67	54.24
1.859	14.68	54.24
1.858	14.69	54.24
1.858	14.70	54.24
1.857	14.70	54.24
1.856	14.71	54.24
1.855	14.72	54.24
1.855	14.73	54.24
1.854	14.74	54.24
1.853	14.74	54.24
1.852	14.75	54.24
1.852	14.75	54.24
1.851	14.76	54.24
1.851	14.77	54.24
1.851	14.77	54.24
1.850	14.77	54.24
1.849	14.78	54.24
1.849	14.78	54.24
1.849	14.79	54.24
1.848	14.79	54.24
1.847	14.80	54.24
1.847	14.80	54.24
1.846	14.82	54.24
1.846	14.82	54.24
1.845	14.83	54.23
1.844	14.83	54.23
1.844	14.83	54.23
1.843	14.84	54.23
1.843	14.84	54.23
1.842	14.84	54.23
1.842	14.85	54.23
1.841	14.85	54.23
1.840	14.85	54.23
1.840	14.86	54.23
1.839	14.86	54.23
1.839	14.86	54.23
1.838	14.86	54.23
1.837	14.86	54.23
1.837	14.87	54.23
1.836	14.87	54.23
1.836	14.87	54.23
1.835	14.88	54.23
1.834	14.88	54.23
1.833	14.89	54.23
1.833	14.89	54.23
1.832	14.89	54.23
1.832	14.90	54.23
1.831	14.90	54.23
1.831	14.90	54.23
1.830	14.91	54.23
1.830	14.91	54.23
1.829	14.92	54.23
1.829	14.93	54.23
1.828	14.93	54.23
1.828	14.93	54.23
1.827	14.94	54.23
1.826	14.94	54.23
1.826	14.95	54.23
1.825	14.96	54.23
1.824	14.97	54.22
1.823	14.97	54.22
1.822	14.99	54.22
1.821	14.99	54.22
1.820	15.00	54.22
1.820	15.01	54.22
1.819	15.01	54.22
1.818	15.02	54.22
1.817	15.04	54.22
1.816	15.04	54.22
1.815	15.04	54.22
1.814	15.06	54.22
1.814	15.06	54.22
1.813	15.07	54.22
1.812	15.07	54.22
1.811	15.07	54.22
1.810	15.08	54.22
1.810	15.09	54.22
1.809	15.10	54.22
1.808	15.11	54.22
1.808	15.12	54.22
1.807	15.13	54.22
1.806	15.14	54.22
1.805	15.14	54.22
1.804	15.18	54.22
1.803	15.19	54.22
1.802	15.21	54.22
1.800	15.22	54.22
1.799	15.22	54.22
1.799	15.22	54.22
1.798	15.23	54.22
1.798	15.23	54.22
1.797	15.23	54.22
1.797	15.24	54.22
1.797	15.24	54.22
1.796	15.24	54.22
1.796	15.25	54.22
1.796	15.25	54.22
1.795	15.25	54.22
1.795	15.26	54.22
1.795	15.26	54.22
1.794	15.27	54.21
1.793	15.29	54.22
1.793	15.29	54.21
1.792	15.30	54.21
1.791	15.31	54.21
1.790	15.31	54.21
1.790	15.31	54.21
1.790	15.32	54.21
1.789	15.32	54.21
1.789	15.32	54.21
1.788	15.32	54.21
1.788	15.32	54.21
1.788	15.32	54.21
1.787	15.33	54.21
1.787	15.34	54.21
1.786	15.34	54.21
1.786	15.34	54.21
1.785	15.34	54.21
1.785	15.35	54.21
1.784	15.34	54.21
1.784	15.35	54.21
1.784	15.35	54.21
1.783	15.36	54.21
1.782	15.36	54.21
1.782	15.37	54.21
1.781	15.37	54.21
1.781	15.37	54.21
1.780	15.38	54.21
1.779	15.38	54.21
1.778	15.39	54.21
1.778	15.39	54.21
1.777	15.40	54.21
1.776	15.41	54.21
1.775	15.41	54.21
1.775	15.42	54.21
1.774	15.42	54.21
1.773	15.43	54.21
1.773	15.44	54.21
1.772	15.45	54.21
1.771	15.45	54.21
1.770	15.47	54.21
1.769	15.47	54.21
1.768	15.48	54.21
1.768	15.49	54.21
1.767	15.50	54.21
1.766	15.49	54.21
1.765	15.50	54.21
1.765	15.51	54.21
1.764	15.52	54.21
1.763	15.52	54.21
1.762	15.53	54.21
1.761	15.54	54.21
1.760	15.55	54.21
1.760	15.57	54.21
1.759	15.57	54.21
1.758	15.58	54.21
1.757	15.58	54.21
1.756	15.61	54.21
1.755	15.62	54.21
1.754	15.62	54.21
1.753	15.64	54.21
1.752	15.64	54.21
1.752	15.65	54.21
1.751	15.67	54.21
1.750	15.68	54.21
1.749	15.69	54.21
1.749	15.69	54.21
1.748	15.70	54.21
1.747	15.71	54.21
1.746	15.72	54.20
1.746	15.73	54.20
1.745	15.74	54.20
1.744	15.75	54.20
1.743	15.76	54.20
1.742	15.77	54.20
1.741	15.77	54.20
1.741	15.78	54.20
1.740	15.78	54.20
1.739	15.79	54.20
1.739	15.80	54.20
1.738	15.80	54.20
1.737	15.80	54.20
1.737	15.80	54.20
1.736	15.81	54.20
1.735	15.81	54.20
1.735	15.81	54.20
1.734	15.82	54.20
1.734	15.82	54.20
1.733	15.83	54.20
1.732	15.84	54.20
1.732	15.84	54.20
1.731	15.84	54.20
1.730	15.85	54.20
1.730	15.85	54.20
1.729	15.86	54.20
1.728	15.87	54.20
1.727	15.88	54.20
1.727	15.87	54.20
1.726	15.77	54.20
1.725	15.84	54.20
1.725	15.88	54.20
1.724	15.90	54.20
1.724	15.92	54.20
1.722	15.93	54.20
1.722	15.94	54.20
1.721	15.95	54.20
1.719	15.96	54.20
1.719	15.96	54.20
1.718	15.98	54.20
1.717	15.98	54.19
1.716	15.99	54.19
1.716	15.99	54.19
1.715	16.00	54.19
1.714	16.00	54.19
1.713	16.01	54.19
1.713	16.02	54.19
1.712	16.02	54.19
1.711	16.03	54.19
1.710	16.04	54.19
1.710	16.06	54.19
1.709	16.07	54.19
1.708	16.08	54.19
1.707	16.10	54.19
1.706	16.11	54.19
1.705	16.12	54.19
1.704	16.13	54.19
1.704	16.14	54.19
1.703	16.15	54.19
1.702	16.16	54.19
1.701	16.17	54.19
1.700	16.18	54.19
1.700	16.19	54.19
1.699	16.19	54.19
1.698	16.20	54.19
1.698	16.21	54.19
1.697	16.21	54.19
1.696	16.22	54.19
1.696	16.23	54.19
1.695	16.25	54.19
1.694	16.26	54.19
1.694	16.26	54.19
1.693	16.26	54.19
1.693	16.26	54.19
1.692	16.27	54.19
1.691	16.28	54.19
1.691	16.28	54.19
1.690	16.29	54.19
1.689	16.29	54.19
1.689	16.29	54.19
1.688	16.30	54.19
1.687	16.31	54.19
1.687	16.31	54.19
1.686	16.32	54.19
1.685	16.32	54.18
1.685	16.32	54.18
1.684	16.32	54.18
1.684	16.33	54.18
1.683	16.33	54.18
1.682	16.34	54.18
1.681	16.34	54.18
1.681	16.35	54.18
1.680	16.36	54.18
1.679	16.37	54.18
1.679	16.38	54.18
1.678	16.38	54.18
1.677	16.38	54.18
1.677	16.39	54.18
1.676	16.41	54.18
1.675	16.41	54.18
1.675	16.42	54.18
1.674	16.43	54.18
1.673	16.43	54.18
1.673	16.44	54.18
1.672	16.44	54.18
1.672	16.44	54.18
1.671	16.45	54.18
1.670	16.45	54.18
1.670	16.46	54.18
1.670	16.47	54.18
1.669	16.48	54.18
1.669	16.48	54.18
1.668	16.48	54.18
1.668	16.49	54.18
1.667	16.49	54.18
1.667	16.49	54.18
1.667	16.50	54.18
1.666	16.50	54.18
1.666	16.52	54.18
1.665	16.53	54.18
1.664	16.54	54.18
1.663	16.55	54.18
1.663	16.55	54.18
1.662	16.57	54.18
1.660	16.59	54.18
1.660	16.60	54.18
1.659	16.63	54.18
1.657	16.64	54.18
1.657	16.64	54.18
1.656	16.64	54.18
1.655	16.66	54.18
1.654	16.67	54.18
1.653	16.68	54.18
1.652	16.69	54.18
1.652	16.70	54.18
1.651	16.70	54.18
1.651	16.71	54.18
1.650	16.71	54.18
1.649	16.71	54.18
1.649	16.72	54.18
1.648	16.72	54.18
1.648	16.72	54.18
1.647	16.73	54.17
1.647	16.74	54.17
1.646	16.75	54.17
1.645	16.76	54.17
1.644	16.76	54.17
1.644	16.76	54.17
1.643	16.75	54.17
1.642	16.75	54.17
1.642	16.77	54.17
1.641	16.77	54.17
1.640	16.78	54.17
1.640	16.79	54.17
1.639	16.80	54.17
1.639	16.81	54.17
1.638	16.81	54.17
1.637	16.82	54.17
1.636	16.83	54.17
1.636	16.85	54.17
1.635	16.86	54.17
1.634	16.87	54.17
1.633	16.88	54.17
1.632	16.88	54.17
1.631	16.90	54.17
1.630	16.92	54.17
1.629	16.93	54.17
1.628	16.93	54.17
1.627	16.94	54.17
1.627	16.95	54.17
1.626	16.96	54.17
1.625	16.97	54.17
1.624	16.98	54.17
1.623	16.98	54.17
1.622	16.99	54.17
1.622	16.99	54.17
1.621	17.00	54.17
1.620	17.02	54.17
1.619	17.03	54.17
1.619	17.04	54.17
1.618	17.06	54.17
1.617	17.06	54.17
1.616	17.07	54.17
1.616	17.07	54.17
1.615	17.09	54.17
1.615	17.10	54.17
1.614	17.12	54.17
1.613	17.12	54.17
1.612	17.13	54.17
1.612	17.13	54.17
1.611	17.15	54.17
1.610	17.15	54.17
1.609	17.16	54.17
1.609	17.18	54.17
1.608	17.19	54.17
1.607	17.18	54.17
1.607	17.18	54.17
1.606	17.20	54.17
1.605	17.21	54.17
1.605	17.21	54.17
1.604	17.22	54.17
1.603	17.23	54.17
1.603	17.24	54.17
1.602	17.24	54.17
1.601	17.24	54.17
1.601	17.24	54.17
1.600	17.25	54.17
1.600	17.25	54.17
1.599	17.25	54.17
1.599	17.26	54.17
1.598	17.27	54.17
1.598	17.28	54.17
1.597	17.23	54.17
1.596	17.26	54.17
1.596	17.28	54.17
1.595	17.29	54.17
1.595	17.29	54.17
1.594	17.29	54.17
1.594	17.29	54.17
1.594	17.29	54.17
1.593	17.30	54.17
1.593	17.30	54.17
1.593	17.29	54.17
1.593	17.30	54.17
1.593	17.30	54.17
1.593	17.30	54.17
1.593	17.30	54.17
1.593	17.30	54.17
1.593	17.30	54.17
1.593	17.31	54.17
1.593	17.32	54.17
1.593	17.32	54.17
1.593	17.32	54.17
1.592	17.33	54.17
1.592	17.33	54.17
1.592	17.33	54.17
1.592	17.34	54.17
1.591	17.36	54.16
1.590	17.38	54.17
1.590	17.39	54.17
1.589	17.39	54.16
1.588	17.40	54.17
1.588	17.40	54.16
1.587	17.41	54.16
1.587	17.41	54.16
1.586	17.41	54.16
1.586	17.42	54.16
1.585	17.43	54.16
1.584	17.43	54.16
1.584	17.44	54.16
1.583	17.45	54.16
1.583	17.47	54.16
1.582	17.47	54.16
1.581	17.48	54.16
1.581	17.48	54.16
1.580	17.49	54.16
1.580	17.49	54.16
1.579	17.50	54.16
1.579	17.51	54.16
1.578	17.52	54.16
1.578	17.52	54.16
1.578	17.53	54.16
1.577	17.54	54.16
1.577	17.54	54.16
1.576	17.55	54.16
1.576	17.54	54.16
1.575	17.56	54.16
1.575	17.57	54.16
1.574	17.57	54.16
1.574	17.58	54.16
1.574	17.59	54.16
1.573	17.59	54.16
1.573	17.60	54.16
1.572	17.60	54.16
1.572	17.61	54.16
1.571	17.61	54.16
1.571	17.61	54.16
1.571	17.61	54.16
1.571	17.61	54.16
1.571	17.61	54.16
1.571	17.61	54.16
1.571	17.62	54.16
1.571	17.62	54.16
1.570	17.63	54.16
1.570	17.64	54.16
1.569	17.65	54.16
1.569	17.65	54.16
1.569	17.66	54.16
1.568	17.66	54.16
1.568	17.66	54.16
1.568	17.66	54.16
1.568	17.66	54.16
1.568	17.66	54.16
1.568	17.66	54.15
1.567	17.67	54.16
1.567	17.67	54.16
1.567	17.68	54.15
1.567	17.68	54.15
1.566	17.69	54.15
1.566	17.69	54.15
1.566	17.69	54.15
1.565	17.69	54.15
1.565	17.70	54.15
1.564	17.70	54.15
1.564	17.71	54.15
1.563	17.71	54.15
1.563	17.71	54.15
1.563	17.72	54.15
1.562	17.72	54.15
1.562	17.72	54.15
1.561	17.73	54.15
1.561	17.73	54.15
1.560	17.73	54.15
1.560	17.73	54.15
1.560	17.74	54.15
1.559	17.73	54.15
1.559	17.72	54.15
1.559	17.74	54.15
1.558	17.76	54.15
1.558	17.75	54.15
1.558	17.75	54.15
1.558	17.76	54.15
1.558	17.76	54.15
1.558	17.73	54.15
1.558	17.72	54.15
1.558	17.76	54.15
1.558	17.66	54.15
1.557	17.70	54.15
1.557	17.65	54.15
1.557	17.66	54.15
1.557	17.62	54.15
1.556	17.71	54.15
1.556	17.61	54.15
1.556	17.62	54.15
1.555	17.76	54.15
1.554	17.80	54.15
1.554	17.81	54.15
1.553	17.82	54.15
1.553	17.83	54.15
1.552	17.84	54.15
1.551	17.84	54.15
1.551	17.85	54.15
1.550	17.86	54.15
1.550	17.88	54.15
1.549	17.91	54.15
1.548	17.93	54.15
1.548	17.94	54.15
1.547	17.96	54.15
1.547	17.97	54.15
1.546	17.97	54.15
1.545	17.98	54.15
1.545	17.98	54.15
1.545	17.98	54.15
1.545	17.99	54.15
1.544	17.99	54.15
1.544	18.00	54.15
1.544	18.00	54.15
1.543	18.00	54.15
1.543	18.00	54.15
1.543	18.00	54.15
1.542	18.00	54.15
1.542	17.99	54.15
1.542	17.99	54.15
1.542	17.97	54.15
1.541	17.99	54.15
1.541	17.99	54.15
1.541	18.00	54.15
1.540	17.99	54.15
1.540	17.99	54.15
1.539	17.99	54.15
1.539	17.99	54.15
1.539	18.00	54.15
1.538	18.00	54.15
1.538	18.00	54.15
1.538	18.00	54.15
1.538	18.01	54.15
1.538	18.00	54.15
1.538	18.00	54.15
1.537	18.00	54.15
1.537	18.00	54.15
1.537	18.01	54.14
1.536	18.01	54.14
1.535	18.07	54.14
1.535	18.08	54.14
1.534	18.12	54.14
1.533	18.13	54.14
1.532	18.15	54.14
1.532	18.16	54.14
1.532	18.17	54.14
1.531	18.17	54.14
1.531	18.17	54.14
1.531	18.18	54.14
1.530	18.19	54.14
1.530	18.21	54.14
1.530	18.21	54.14
1.530	18.18	54.14
1.529	18.08	54.14
1.529	17.97	54.14
1.529	18.06	54.14
1.528	18.07	54.14
1.528	18.13	54.14
1.527	18.16	54.14
1.527	18.17	54.14
1.527	18.18	54.14
1.527	18.19	54.14
1.526	18.20	54.14
1.526	18.21	54.14
1.526	18.20	54.14
1.525	18.21	54.14
1.525	18.22	54.14
1.525	18.23	54.14
1.524	18.24	54.14
1.524	18.24	54.14
1.524	18.25	54.14
1.523	18.26	54.14
1.523	18.23	54.14
1.523	18.25	54.14
1.522	18.24	54.14
1.522	18.26	54.14
1.522	18.25	54.14
1.522	18.27	54.14
1.522	18.26	54.14
1.522	18.27	54.14
1.522	18.26	54.14
1.522	18.27	54.14
1.521	18.25	54.14
1.521	18.24	54.14
1.521	18.25	54.14
1.520	18.22	54.13
1.520	18.24	54.13
1.519	18.20	54.14
1.519	18.22	54.13
1.518	18.23	54.13
1.518	18.25	54.13
1.518	18.28	54.13
1.517	18.29	54.13
1.517	18.30	54.13
1.516	18.31	54.13
1.516	18.32	54.13
1.516	18.33	54.13
1.515	18.34	54.13
1.515	18.34	54.13
1.515	18.35	54.13
1.514	18.36	54.13
1.514	18.36	54.13
1.514	18.37	54.13
1.513	18.37	54.13
1.513	18.37	54.13
1.512	18.36	54.13
1.512	18.35	54.13
1.512	18.38	54.13
1.511	18.38	54.13
1.511	18.39	54.13
1.510	18.41	54.13
1.510	18.41	54.13
1.509	18.42	54.13
1.508	18.42	54.13
1.508	18.42	54.13
1.507	18.43	54.13
1.507	18.43	54.13
1.506	18.43	54.13
1.506	18.43	54.13
1.505	18.44	54.13
1.505	18.45	54.13
1.504	18.45	54.12
1.504	18.45	54.13
1.503	18.46	54.13
1.503	18.45	54.12
1.502	18.45	54.12
1.502	18.43	54.12
1.501	18.45	54.12
1.501	18.47	54.12
1.500	18.49	54.12
1.499	18.50	54.12
1.499	18.52	54.12
1.499	18.50	54.12
1.499	18.50	54.12
1.499	18.50	54.12
1.498	18.49	54.12
1.498	18.50	54.12
1.498	18.52	54.12
1.498	18.51	54.12
1.497	18.53	54.12
1.497	18.52	54.12
1.496	18.54	54.12
1.496	18.54	54.12
1.495	18.56	54.12
1.495	18.58	54.12
1.494	18.55	54.12
1.494	18.52	54.12
1.493	18.53	54.12
1.493	18.56	54.12
1.493	18.57	54.12
1.492	18.57	54.12
1.492	18.58	54.12
1.492	18.59	54.12
1.491	18.59	54.12
1.491	18.59	54.12
1.491	18.61	54.12
1.490	18.60	54.12
1.490	18.57	54.12
1.490	18.53	54.12
1.489	18.58	54.12
1.489	18.57	54.12
1.489	18.60	54.12
1.488	18.61	54.12
1.488	18.63	54.12
1.488	18.62	54.12
1.487	18.59	54.12
1.487	18.63	54.12
1.487	18.61	54.12
1.487	18.66	54.12
1.487	18.55	54.12
1.487	18.55	54.12
1.487	18.56	54.12
1.487	18.54	54.12
1.487	18.54	54.12
1.487	18.56	54.12
1.487	18.60	54.12
1.486	18.62	54.12
1.486	18.64	54.12
1.485	18.66	54.12
1.485	18.66	54.12
1.484	18.65	54.12
1.484	18.65	54.12
1.484	18.65	54.12
1.483	18.65	54.12
1.483	18.66	54.12
1.483	18.66	54.12
1.482	18.67	54.12
1.482	18.67	54.11
1.481	18.71	54.11
1.481	18.73	54.11
1.480	18.72	54.11
1.480	18.73	54.11
1.480	18.74	54.11
1.479	18.75	54.11
1.479	18.77	54.11
1.478	18.77	54.11
1.478	18.77	54.11
1.477	18.79	54.11
1.477	18.80	54.11
1.477	18.81	54.11
1.476	18.82	54.11
1.475	18.83	54.11
1.475	18.84	54.11
1.474	18.85	54.11
1.474	18.86	54.11
1.473	18.85	54.11
1.473	18.87	54.11
1.472	18.86	54.11
1.472	18.86	54.11
1.471	18.86	54.11
1.470	18.81	54.11
1.470	18.71	54.11
1.469	18.82	54.11
1.469	18.84	54.11
1.468	18.87	54.11
1.468	18.87	54.11
1.467	18.83	54.11
1.467	18.84	54.11
1.466	18.88	54.11
1.466	18.88	54.11
1.466	18.89	54.11
1.466	18.89	54.11
1.466	18.92	54.11
1.466	18.86	54.11
1.465	18.85	54.11
1.465	18.86	54.11
1.465	18.89	54.11
1.464	18.90	54.11
1.463	18.97	54.11
1.462	18.97	54.11
1.461	18.99	54.10
1.460	18.98	54.10
1.460	18.99	54.10
1.459	19.02	54.10
1.459	19.02	54.10
1.458	18.99	54.10
1.458	19.00	54.10
1.457	19.03	54.10
1.457	19.03	54.10
1.457	19.04	54.10
1.456	19.02	54.10
1.456	18.98	54.10
1.456	18.96	54.10
1.456	18.99	54.10
1.455	18.98	54.10
1.455	18.94	54.10
1.454	18.91	54.10
1.454	18.92	54.10
1.454	18.96	54.10
1.453	19.06	54.10
1.453	19.08	54.10
1.453	19.09	54.10
1.453	19.09	54.10
1.453	19.08	54.10
1.453	19.09	54.10
1.453	19.10	54.10
1.453	19.02	54.10
1.453	18.63	54.10
1.453	18.68	54.10
1.452	19.02	54.10
1.452	19.05	54.10
1.451	18.71	54.10
1.451	18.97	54.10
1.451	19.02	54.10
1.450	19.01	54.10
1.449	19.05	54.10
1.449	19.06	54.10
1.448	18.41	54.10
1.448	19.02	54.10
1.448	18.97	54.10
1.447	18.94	54.10
1.447	18.94	54.09
1.446	18.82	54.09
1.446	18.99	54.09
1.445	19.16	54.09
1.445	19.21	54.09
1.444	19.23	54.09
1.444	19.25	54.09
1.443	19.29	54.09
1.443	19.31	54.09
1.442	19.31	54.09
1.442	19.32	54.09
1.441	19.30	54.09
1.441	19.30	54.09
1.440	19.31	54.09
1.440	19.30	54.09
1.439	19.32	54.09
1.439	19.31	54.09
1.439	19.30	54.09
1.438	19.30	54.09
1.438	19.30	54.09
1.438	19.33	54.09
1.437	19.35	54.09
1.437	19.35	54.09
1.437	19.32	54.09
1.436	19.28	54.09
1.435	19.30	54.09
1.435	19.32	54.09
1.434	19.34	54.09
1.434	19.36	54.09
1.434	19.36	54.09
1.433	19.38	54.09
1.433	19.41	54.09
1.432	19.44	54.09
1.432	19.42	54.09
1.432	19.43	54.09
1.432	19.38	54.09
1.432	19.39	54.09
1.432	19.38	54.09
1.431	19.40	54.09
1.431	19.42	54.09
1.431	19.43	54.09
1.430	19.43	54.09
1.430	19.42	54.09
1.429	19.44	54.09
1.428	19.49	54.09
1.428	19.50	54.09
1.427	19.51	54.09
1.427	19.51	54.09
1.426	19.51	54.09
1.426	19.50	54.09
1.426	19.48	54.09
1.425	19.48	54.09
1.425	19.51	54.09
1.425	19.50	54.09
1.424	19.49	54.09
1.424	19.51	54.09
1.423	19.52	54.09
1.423	19.53	54.09
1.423	19.51	54.09
1.422	19.53	54.09
1.422	19.55	54.09
1.421	19.53	54.09
1.421	19.57	54.09
1.420	19.58	54.09
1.420	19.58	54.09
1.420	19.58	54.09
1.419	19.58	54.09
1.419	19.60	54.09
1.419	19.60	54.09
1.419	19.60	54.09
1.419	19.61	54.09
1.419	19.62	54.09
1.419	19.62	54.09
1.419	19.58	54.09
1.419	19.46	54.09
1.419	19.57	54.09
1.419	19.59	54.09
1.419	19.57	54.09
1.418	19.55	54.09
1.418	19.49	54.09
1.417	19.56	54.09
1.417	19.56	54.08
1.417	19.56	54.08
1.417	19.60	54.08
1.416	19.61	54.08
1.416	19.61	54.08
1.415	19.66	54.08
1.415	19.66	54.08
1.414	19.67	54.08
1.414	19.66	54.08
1.414	19.65	54.08
1.413	19.64	54.08
1.413	19.59	54.08
1.413	19.68	54.08
1.413	19.68	54.08
1.413	19.68	54.08
1.413	19.66	54.08
1.412	19.74	54.08
1.412	19.79	54.08
1.411	19.80	54.08
1.411	19.80	54.08
1.410	19.79	54.08
1.410	19.81	54.08
1.409	19.80	54.08
1.409	19.83	54.08
1.408	19.84	54.08
1.408	19.84	54.08
1.407	19.84	54.08
1.407	19.84	54.08
1.406	19.83	54.08
1.406	19.82	54.08
1.405	19.50	54.08
1.405	19.70	54.08
1.404	19.74	54.08
1.404	19.81	54.08
1.403	19.81	54.08
1.403	19.81	54.08
1.402	19.81	54.08
1.402	19.78	54.08
1.402	19.81	54.08
1.401	19.87	54.08
1.401	19.87	54.08
1.401	19.89	54.08
1.400	19.89	54.08
1.400	19.89	54.08
1.400	19.86	54.08
1.400	19.81	54.07
1.399	19.81	54.08
1.399	19.84	54.07
1.398	19.89	54.07
1.398	19.88	54.07
1.398	19.88	54.07
1.397	19.87	54.07
1.397	19.87	54.07
1.396	19.94	54.07
1.396	19.97	54.07
1.396	19.98	54.07
1.395	19.99	54.07
1.395	20.00	54.07
1.394	19.96	54.07
1.393	19.89	54.07
1.393	19.89	54.07
1.392	19.93	54.07
1.392	19.97	54.07
1.391	20.01	54.07
1.391	20.03	54.07
1.390	20.01	54.07
1.390	20.00	54.07
1.389	19.98	54.07
1.389	19.95	54.07
1.389	19.54	54.07
1.388	19.61	54.07
1.388	19.76	54.07
1.387	19.82	54.07
1.387	19.68	54.07
1.387	19.78	54.07
1.387	18.60	54.07
1.386	18.92	54.07
1.386	18.20	54.07
1.386	19.06	54.07
1.386	19.50	54.07
1.386	19.70	54.07
1.386	19.94	54.06
1.386	20.05	54.06
1.386	20.11	54.06
1.386	20.11	54.06
1.386	20.12	54.06
1.386	20.12	54.06
1.386	20.10	54.06
1.386	20.09	54.06
1.385	20.08	54.06
1.385	20.07	54.06
1.384	20.09	54.06
1.384	20.11	54.06
1.384	20.11	54.06
1.383	20.10	54.06
1.383	20.07	54.06
1.382	20.04	54.06
1.381	20.08	54.06
1.381	20.10	54.06
1.380	20.10	54.06
1.380	20.13	54.06
1.380	20.15	54.06
1.379	20.20	54.06
1.379	20.24	54.06
1.378	20.28	54.06
1.378	20.29	54.06
1.377	20.27	54.06
1.377	20.27	54.06
1.376	20.27	54.06
1.376	20.30	54.06
1.375	20.30	54.06
1.375	20.32	54.06
1.374	20.33	54.06
1.374	20.32	54.06
1.373	20.27	54.06
1.373	20.27	54.06
1.372	20.30	54.06
1.372	20.30	54.06
1.371	20.30	54.06
1.371	20.25	54.06
1.370	20.28	54.06
1.370	20.31	54.06
1.369	20.28	54.06
1.369	20.33	54.06
1.368	20.33	54.06
1.368	20.38	54.06
1.367	20.43	54.06
1.366	20.44	54.06
1.365	20.45	54.06
1.365	20.47	54.06
1.364	20.49	54.06
1.364	20.46	54.06
1.364	20.47	54.06
1.363	20.48	54.06
1.363	20.49	54.06
1.363	20.46	54.06
1.362	20.47	54.06
1.362	20.44	54.06
1.362	20.40	54.06
1.361	20.43	54.06
1.361	20.46	54.06
1.361	20.47	54.06
1.361	20.48	54.06
1.361	20.48	54.06
1.360	20.37	54.06
1.360	20.37	54.06
1.360	20.45	54.06
1.359	20.48	54.06
1.359	20.49	54.06
1.359	20.49	54.06
1.359	20.50	54.06
1.358	20.50	54.06
1.358	20.50	54.06
1.358	20.50	54.06
1.358	20.51	54.06
1.358	20.51	54.06
1.358	20.52	54.06
1.358	20.55	54.06
1.357	20.57	54.06
1.357	20.58	54.06
1.357	20.56	54.06
1.357	20.56	54.06
1.357	20.57	54.05
1.356	20.56	54.05
1.356	20.53	54.05
1.356	20.56	54.05
1.356	20.57	54.05
1.356	20.58	54.05
1.356	20.59	54.05
1.356	20.59	54.05
1.356	20.59	54.05
1.356	20.59	54.05
1.356	20.59	54.05
1.356	20.59	54.05
1.356	20.59	54.05
1.356	20.59	54.05
