3.043	6.77	-0.23
3.043	6.79	-0.23
3.043	6.78	-0.23
3.043	6.77	-0.23
3.043	6.79	-0.23
3.043	6.81	-0.23
3.043	6.77	-0.23
3.043	6.78	-0.23
3.043	6.79	-0.23
3.043	6.77	-0.23
3.043	6.77	-0.23
3.043	6.79	-0.23
3.043	6.78	-0.23
3.043	6.79	-0.23
3.043	6.79	-0.23
3.043	6.79	-0.23
3.043	6.79	-0.23
3.043	6.79	-0.23
3.043	6.79	-0.23
3.043	6.80	-0.23
3.043	6.79	-0.23
3.043	6.79	-0.23
3.043	6.78	-0.23
3.042	6.78	-0.23
3.042	6.78	-0.23
3.042	6.73	-0.23
3.042	6.74	-0.23
3.042	6.72	-0.23
3.042	6.74	-0.23
3.040	6.74	-0.23
3.038	6.76	-0.23
3.037	6.83	-0.23
3.035	6.84	-0.23
3.033	6.89	-0.23
3.032	6.84	-0.23
3.031	6.82	-0.23
3.031	6.83	-0.23
3.031	6.85	-0.23
3.031	6.81	-0.23
3.031	6.83	-0.23
3.032	6.84	-0.23
3.034	6.83	-0.23
3.035	6.81	-0.23
3.035	6.81	-0.23
3.035	6.82	-0.23
3.035	6.81	-0.23
3.035	6.82	-0.23
3.035	6.81	-0.23
3.035	6.81	-0.23
3.035	6.81	-0.23
3.035	6.80	-0.23
3.035	6.81	-0.23
3.035	6.80	-0.23
3.035	6.81	-0.23
3.035	6.80	-0.23
3.035	6.80	-0.23
3.035	6.80	-0.23
3.035	6.81	-0.23
3.034	6.79	-0.23
3.033	6.80	-0.23
3.032	6.78	-0.23
3.030	6.81	-0.23
3.029	6.82	-0.23
3.028	6.82	-0.23
3.026	6.83	-0.23
3.025	6.83	-0.23
3.024	6.83	-0.23
3.023	6.82	-0.23
3.022	6.81	-0.23
3.020	6.82	-0.23
3.019	6.80	-0.23
3.016	6.79	-0.23
3.013	6.80	-0.23
3.010	6.83	-0.23
3.006	6.82	-0.23
3.004	6.81	-0.23
3.003	6.82	-0.23
3.002	6.81	-0.23
3.000	6.79	-0.23
2.999	6.82	-0.23
2.995	6.86	-0.23
2.992	6.85	-0.23
2.990	6.86	-0.23
2.989	6.86	-0.23
2.987	6.85	-0.23
2.984	6.85	-0.23
2.982	6.85	-0.23
2.980	6.85	-0.23
2.978	6.87	-0.23
2.977	6.85	-0.23
2.975	6.87	-0.23
2.974	6.84	-0.23
2.973	6.87	-0.23
2.972	6.86	-0.23
2.971	6.88	-0.23
2.970	6.89	-0.23
2.970	6.89	-0.23
2.969	6.90	-0.23
2.967	6.90	-0.23
2.966	6.90	-0.23
2.965	6.91	-0.23
2.964	6.94	-0.23
2.963	6.91	-0.23
2.962	6.91	-0.23
2.961	6.91	-0.23
2.961	6.92	-0.23
2.960	6.90	-0.23
2.959	6.92	-0.23
2.958	6.94	-0.23
2.957	6.95	-0.23
2.955	6.93	-0.23
2.952	6.94	-0.23
2.950	6.93	-0.23
2.948	6.93	-0.23
2.947	6.92	-0.23
2.946	6.93	-0.23
2.945	6.95	-0.23
2.944	6.96	-0.23
2.942	6.98	-0.23
2.941	6.97	-0.23
2.940	6.96	-0.23
2.938	7.00	-0.23
2.936	6.98	-0.23
2.935	6.98	-0.23
2.934	7.00	-0.23
2.933	7.01	-0.23
2.932	7.00	-0.23
2.931	7.01	-0.23
2.930	6.99	-0.23
2.930	7.02	-0.23
2.929	6.99	-0.23
2.928	7.04	-0.23
2.927	7.04	-0.23
2.926	7.05	-0.23
2.925	7.10	-0.23
2.924	7.08	-0.23
2.923	7.09	-0.23
2.922	7.13	-0.23
2.921	7.12	-0.23
2.920	7.14	-0.23
2.919	7.14	-0.23
2.918	7.18	-0.23
2.916	7.19	-0.23
2.914	7.22	-0.23
2.912	7.17	-0.23
2.910	7.18	-0.23
2.909	7.17	-0.23
2.908	7.21	-0.23
2.907	7.20	-0.23
2.906	7.18	-0.23
2.906	7.18	-0.23
2.905	7.16	-0.23
2.904	7.13	-0.23
2.903	7.15	-0.23
2.901	7.18	-0.23
2.899	7.17	-0.23
2.898	7.17	-0.23
2.897	7.22	-0.23
2.895	7.24	-0.23
2.893	7.23	-0.23
2.890	7.24	-0.23
2.889	7.24	-0.23
2.888	7.27	-0.23
2.885	7.32	-0.23
2.883	7.25	-0.23
2.881	7.26	-0.22
2.880	7.23	-0.23
2.878	7.25	-0.23
2.877	7.23	-0.23
2.876	7.26	-0.23
2.874	7.30	-0.22
2.871	7.30	-0.22
2.868	7.30	-0.22
2.865	7.28	-0.22
2.864	7.27	-0.22
2.863	7.28	-0.22
2.861	7.26	-0.22
2.859	7.25	-0.22
2.857	7.26	-0.22
2.856	7.27	-0.22
2.854	7.26	-0.22
2.853	7.26	-0.22
2.851	7.27	-0.22
2.850	7.31	-0.22
2.848	7.30	-0.22
2.847	7.30	-0.22
2.846	7.29	-0.22
2.844	7.31	-0.22
2.842	7.32	-0.22
2.841	7.31	-0.22
2.841	7.30	-0.22
2.840	7.31	-0.22
2.839	7.27	-0.22
2.838	7.30	-0.22
2.837	7.26	-0.22
2.836	7.25	-0.22
2.835	7.25	-0.22
2.834	7.26	-0.22
2.833	7.26	-0.22
2.832	7.24	-0.22
2.831	7.25	-0.22
2.830	7.24	-0.22
2.829	7.26	-0.22
2.829	7.26	-0.22
2.828	7.25	-0.22
2.828	7.26	-0.22
2.827	7.27	-0.22
2.825	7.28	-0.22
2.824	7.27	-0.22
2.823	7.29	-0.22
2.823	7.30	-0.22
2.822	7.31	-0.22
2.821	7.30	-0.22
2.819	7.36	-0.22
2.817	7.33	-0.22
2.814	7.36	-0.22
2.810	7.34	-0.22
2.808	7.35	-0.22
2.807	7.34	-0.22
2.807	7.31	-0.22
2.807	7.32	-0.22
2.807	7.33	-0.22
2.805	7.35	-0.22
2.803	7.39	-0.22
2.800	7.39	-0.22
2.798	7.39	-0.22
2.796	7.39	-0.22
2.794	7.39	-0.22
2.793	7.37	-0.22
2.792	7.38	-0.22
2.791	7.39	-0.22
2.789	7.40	-0.22
2.787	7.43	-0.22
2.786	7.42	-0.22
2.784	7.40	-0.22
2.782	7.40	-0.22
2.782	7.40	-0.22
2.781	7.40	-0.22
2.779	7.41	-0.22
2.778	7.39	-0.22
2.776	7.41	-0.22
2.775	7.42	-0.22
2.774	7.42	-0.22
2.772	7.43	-0.22
2.770	7.42	-0.22
2.768	7.43	-0.22
2.768	7.42	-0.22
2.767	7.44	-0.22
2.766	7.45	-0.22
2.764	7.44	-0.22
2.764	7.46	-0.22
2.763	7.46	-0.22
2.762	7.47	-0.22
2.761	7.51	-0.22
2.760	7.52	-0.22
2.759	7.48	-0.22
2.757	7.50	-0.22
2.756	7.51	-0.22
2.755	7.50	-0.22
2.754	7.53	-0.22
2.753	7.53	-0.22
2.752	7.53	-0.22
2.752	7.56	-0.22
2.751	7.56	-0.22
2.750	7.58	-0.22
2.750	7.58	-0.22
2.749	7.60	-0.23
2.748	7.60	-0.22
2.747	7.64	-0.22
2.747	7.64	-0.23
2.745	7.64	-0.23
2.745	7.65	-0.22
2.744	7.64	-0.23
2.743	7.63	-0.22
2.742	7.63	-0.22
2.741	7.64	-0.22
2.740	7.63	-0.22
2.739	7.64	-0.22
2.739	7.63	-0.22
2.738	7.64	-0.23
2.738	7.65	-0.23
2.737	7.65	-0.23
2.737	7.63	-0.22
2.737	7.63	-0.23
2.737	7.64	-0.23
2.737	7.64	-0.23
2.736	7.65	-0.23
2.735	7.68	-0.22
2.734	7.67	-0.23
2.731	7.72	-0.23
2.728	7.73	-0.23
2.724	7.73	-0.23
2.721	7.72	-0.23
2.719	7.79	-0.23
2.716	7.76	-0.23
2.714	7.73	-0.22
2.713	7.74	-0.23
2.711	7.74	-0.23
2.710	7.73	-0.23
2.708	7.71	-0.23
2.706	7.74	-0.23
2.705	7.77	-0.23
2.703	7.81	-0.23
2.703	7.82	-0.23
2.702	7.82	-0.23
2.702	7.79	-0.23
2.701	7.76	-0.23
2.700	7.72	-0.23
2.700	7.75	-0.23
2.699	7.74	-0.23
2.698	7.72	-0.23
2.698	7.73	-0.23
2.697	7.73	-0.23
2.697	7.75	-0.22
2.696	7.75	-0.23
2.695	7.79	-0.23
2.694	7.81	-0.23
2.693	7.77	-0.23
2.692	7.78	-0.23
2.692	7.78	-0.22
2.691	7.80	-0.23
2.690	7.80	-0.23
2.689	7.81	-0.23
2.688	7.80	-0.23
2.686	7.81	-0.23
2.685	7.85	-0.23
2.684	7.84	-0.23
2.683	7.82	-0.23
2.681	7.81	-0.23
2.680	7.86	-0.23
2.679	7.84	-0.23
2.679	7.86	-0.23
2.678	7.79	-0.23
2.677	7.80	-0.23
2.675	7.79	-0.23
2.674	7.80	-0.23
2.673	7.80	-0.23
2.672	7.81	-0.23
2.671	7.79	-0.23
2.670	7.79	-0.23
2.669	7.77	-0.23
2.670	7.77	-0.23
2.670	7.77	-0.23
2.670	7.78	-0.23
2.669	7.78	-0.23
2.668	7.84	-0.23
2.666	7.86	-0.23
2.664	7.85	-0.23
2.662	7.87	-0.23
2.660	7.88	-0.23
2.658	7.89	-0.23
2.657	7.87	-0.23
2.656	7.90	-0.23
2.656	7.90	-0.23
2.655	7.89	-0.23
2.653	7.90	-0.23
2.651	7.89	-0.23
2.650	7.88	-0.23
2.648	7.88	-0.23
2.646	7.88	-0.23
2.645	7.88	-0.23
2.644	7.87	-0.23
2.644	7.88	-0.23
2.642	7.87	-0.23
2.641	7.90	-0.23
2.640	7.91	-0.22
2.638	7.92	-0.22
2.636	7.92	-0.23
2.635	7.92	-0.23
2.633	7.92	-0.23
2.632	7.92	-0.22
2.631	7.93	-0.22
2.630	7.92	-0.22
2.628	7.92	-0.22
2.627	7.92	-0.22
2.624	7.95	-0.22
2.623	7.95	-0.22
2.621	7.95	-0.22
2.621	7.96	-0.22
2.620	7.96	-0.22
2.619	7.95	-0.22
2.619	7.95	-0.22
2.618	7.95	-0.22
2.618	7.96	-0.22
2.617	7.95	-0.22
2.617	7.95	-0.22
2.616	7.97	-0.22
2.615	7.96	-0.22
2.615	7.99	-0.22
2.613	7.98	-0.22
2.612	7.98	-0.22
2.611	7.99	-0.22
2.611	8.00	-0.22
2.610	8.01	-0.22
2.610	8.04	-0.22
2.609	8.06	-0.22
2.608	8.08	-0.22
2.607	8.08	-0.22
2.605	8.11	-0.22
2.604	8.17	-0.22
2.603	8.18	-0.22
2.602	8.24	-0.22
2.601	8.21	-0.22
2.600	8.17	-0.22
2.599	8.16	-0.22
2.597	8.18	-0.22
2.596	8.21	-0.22
2.594	8.20	-0.22
2.593	8.18	-0.22
2.592	8.16	-0.22
2.591	8.17	-0.22
2.591	8.16	-0.22
2.590	8.17	-0.22
2.590	8.14	-0.22
2.589	8.15	-0.22
2.588	8.18	-0.22
2.587	8.23	-0.22
2.586	8.24	-0.22
2.585	8.23	-0.22
2.585	8.26	-0.22
2.584	8.22	-0.22
2.584	8.23	-0.22
2.583	8.20	-0.22
2.582	8.23	-0.22
2.580	8.25	-0.22
2.579	8.20	-0.22
2.578	8.18	-0.22
2.577	8.18	-0.22
2.576	8.21	-0.22
2.575	8.24	-0.22
2.574	8.21	-0.22
2.573	8.20	-0.22
2.572	8.21	-0.22
2.571	8.20	-0.22
2.570	8.19	-0.22
2.569	8.22	-0.22
2.568	8.26	-0.22
2.567	8.24	-0.22
2.566	8.25	-0.22
2.565	8.29	-0.22
2.564	8.26	-0.22
2.563	8.30	-0.22
2.563	8.28	-0.22
2.563	8.27	-0.22
2.562	8.27	-0.22
2.562	8.28	-0.22
2.561	8.29	-0.22
2.560	8.31	-0.22
2.559	8.29	-0.22
2.558	8.28	-0.22
2.558	8.29	-0.22
2.558	8.32	-0.22
2.558	8.32	-0.22
2.557	8.32	-0.22
2.557	8.31	-0.22
2.557	8.30	-0.22
2.556	8.34	-0.22
2.556	8.32	-0.22
2.556	8.31	-0.22
2.555	8.32	-0.22
2.554	8.31	-0.22
2.553	8.29	-0.22
2.552	8.32	-0.22
2.549	8.30	-0.22
2.548	8.29	-0.22
2.547	8.29	-0.22
2.547	8.29	-0.22
2.547	8.29	-0.22
2.547	8.29	-0.22
2.546	8.29	-0.22
2.545	8.27	-0.22
2.545	8.28	-0.22
2.544	8.27	-0.22
2.544	8.31	-0.22
2.543	8.30	-0.22
2.542	8.30	-0.22
2.541	8.30	-0.22
2.539	8.30	-0.22
2.538	8.29	-0.22
2.537	8.29	-0.22
2.536	8.32	-0.22
2.534	8.29	-0.22
2.532	8.33	-0.22
2.530	8.32	-0.22
2.530	8.30	-0.22
2.528	8.33	-0.22
2.528	8.34	-0.22
2.527	8.35	-0.22
2.527	8.31	-0.22
2.526	8.30	-0.22
2.526	8.34	-0.22
2.526	8.33	-0.22
2.525	8.32	-0.22
2.525	8.32	-0.22
2.525	8.30	-0.22
2.525	8.31	-0.22
2.524	8.33	-0.22
2.522	8.35	-0.22
2.520	8.34	-0.22
2.519	8.36	-0.22
2.517	8.36	-0.22
2.515	8.35	-0.22
2.514	8.37	-0.22
2.513	8.37	-0.22
2.513	8.35	-0.22
2.513	8.36	-0.22
2.512	8.38	-0.22
2.512	8.36	-0.22
2.511	8.37	-0.22
2.510	8.37	-0.22
2.508	8.39	-0.22
2.506	8.40	-0.22
2.505	8.38	-0.22
2.503	8.40	-0.22
2.502	8.40	-0.22
2.502	8.42	-0.22
2.501	8.39	-0.22
2.499	8.41	-0.22
2.498	8.40	-0.22
2.498	8.40	-0.22
2.497	8.42	-0.22
2.497	8.41	-0.22
2.495	8.41	-0.22
2.493	8.42	-0.22
2.492	8.44	-0.22
2.490	8.43	-0.22
2.489	8.45	-0.22
2.488	8.47	-0.22
2.487	8.47	-0.22
2.485	8.46	-0.22
2.484	8.48	-0.22
2.483	8.55	-0.22
2.482	8.45	-0.22
2.481	8.47	-0.22
2.480	8.49	-0.22
2.479	8.49	-0.22
2.477	8.49	-0.22
2.476	8.51	-0.22
2.475	8.50	-0.22
2.474	8.56	-0.22
2.474	8.54	-0.22
2.473	8.56	-0.22
2.472	8.58	-0.22
2.471	8.57	-0.22
2.470	8.56	-0.22
2.469	8.59	-0.22
2.468	8.61	-0.22
2.468	8.60	-0.22
2.467	8.64	-0.22
2.466	8.65	-0.22
2.466	8.65	-0.22
2.466	8.61	-0.22
2.466	8.61	-0.22
2.466	8.60	-0.22
2.465	8.62	-0.22
2.465	8.61	-0.22
2.464	8.60	-0.22
2.463	8.61	-0.22
2.462	8.61	-0.22
2.462	8.61	-0.22
2.461	8.63	-0.22
2.459	8.61	-0.23
2.457	8.64	-0.22
2.456	8.62	-0.23
2.455	8.64	-0.23
2.453	8.66	-0.23
2.452	8.65	-0.23
2.450	8.65	-0.23
2.449	8.67	-0.23
2.448	8.64	-0.23
2.447	8.66	-0.23
2.446	8.64	-0.23
2.446	8.66	-0.23
2.445	8.67	-0.23
2.445	8.66	-0.23
2.444	8.65	-0.23
2.443	8.68	-0.23
2.442	8.68	-0.23
2.441	8.66	-0.23
2.439	8.65	-0.23
2.438	8.68	-0.23
2.437	8.68	-0.23
2.436	8.69	-0.23
2.435	8.69	-0.23
2.434	8.69	-0.23
2.434	8.69	-0.23
2.433	8.69	-0.23
2.432	8.70	-0.23
2.432	8.68	-0.23
2.431	8.68	-0.23
2.430	8.70	-0.23
2.430	8.73	-0.23
2.429	8.73	-0.23
2.428	8.72	-0.23
2.427	8.76	-0.23
2.427	8.73	-0.23
2.426	8.70	-0.23
2.425	8.70	-0.23
2.424	8.70	-0.23
2.424	8.69	-0.23
2.423	8.69	-0.23
2.422	8.69	-0.23
2.421	8.67	-0.23
2.419	8.69	-0.23
2.418	8.69	-0.23
2.417	8.69	-0.23
2.416	8.69	-0.23
2.415	8.70	-0.23
2.414	8.70	-0.23
2.412	8.71	-0.23
2.411	8.70	-0.23
2.410	8.71	-0.23
2.410	8.70	-0.23
2.409	8.70	-0.23
2.409	8.69	-0.23
2.408	8.69	-0.23
2.407	8.69	-0.23
2.407	8.70	-0.23
2.406	8.68	-0.23
2.406	8.68	-0.23
2.405	8.71	-0.23
2.405	8.70	-0.23
2.404	8.70	-0.23
2.404	8.70	-0.23
2.404	8.70	-0.23
2.404	8.69	-0.23
2.404	8.70	-0.23
2.403	8.71	-0.23
2.403	8.71	-0.23
2.403	8.71	-0.23
2.402	8.70	-0.23
2.402	8.71	-0.23
2.401	8.71	-0.23
2.400	8.72	-0.23
2.400	8.71	-0.23
2.399	8.73	-0.23
2.398	8.71	-0.23
2.397	8.73	-0.23
2.396	8.73	-0.23
2.395	8.73	-0.23
2.395	8.73	-0.23
2.394	8.72	-0.23
2.393	8.77	-0.23
2.392	8.75	-0.23
2.391	8.77	-0.23
2.391	8.79	-0.23
2.390	8.80	-0.23
2.390	8.82	-0.23
2.389	8.82	-0.23
2.388	8.78	-0.23
2.387	8.80	-0.23
2.386	8.79	-0.23
2.386	8.80	-0.23
2.385	8.81	-0.23
2.384	8.81	-0.23
2.383	8.82	-0.23
2.382	8.79	-0.23
2.382	8.80	-0.23
2.381	8.82	-0.23
2.380	8.83	-0.23
2.379	8.86	-0.23
2.378	8.85	-0.23
2.377	8.86	-0.23
2.377	8.86	-0.23
2.375	8.88	-0.23
2.374	8.87	-0.23
2.374	8.88	-0.23
2.373	8.88	-0.23
2.372	8.87	-0.23
2.372	8.88	-0.23
2.371	8.89	-0.23
2.370	8.90	-0.23
2.369	8.89	-0.23
2.368	8.90	-0.23
2.368	8.89	-0.23
2.367	8.91	-0.23
2.367	8.90	-0.23
2.366	8.92	-0.23
2.366	8.91	-0.23
2.365	8.92	-0.23
2.365	8.93	-0.23
2.364	8.94	-0.23
2.364	8.93	-0.23
2.363	8.92	-0.23
2.363	8.92	-0.23
2.362	8.94	-0.23
2.361	8.94	-0.23
2.360	8.95	-0.23
2.360	8.96	-0.23
2.359	8.95	-0.23
2.358	8.96	-0.23
2.358	8.97	-0.23
2.357	8.97	-0.23
2.357	8.98	-0.23
2.356	9.01	-0.23
2.355	8.99	-0.23
2.355	8.98	-0.23
2.354	8.98	-0.23
2.353	8.98	-0.23
2.352	8.98	-0.23
2.351	9.00	-0.23
2.349	9.09	-0.23
2.348	9.08	-0.23
2.346	9.08	-0.23
2.345	9.10	-0.23
2.344	9.11	-0.23
2.342	9.11	-0.23
2.341	9.12	-0.23
2.340	9.14	-0.23
2.339	9.14	-0.23
2.338	9.11	-0.23
2.337	9.11	-0.23
2.336	9.12	-0.23
2.335	9.13	-0.23
2.335	9.11	-0.23
2.334	9.10	-0.23
2.333	9.11	-0.23
2.333	9.10	-0.23
2.332	9.10	-0.23
2.331	9.09	-0.23
2.331	9.11	-0.23
2.330	9.12	-0.23
2.329	9.09	-0.23
2.329	9.10	-0.23
2.328	9.10	-0.23
2.327	9.11	-0.23
2.326	9.12	-0.23
2.325	9.13	-0.23
2.324	9.12	-0.23
2.323	9.13	-0.23
2.323	9.14	-0.23
2.322	9.15	-0.23
2.322	9.16	-0.23
2.320	9.17	-0.23
2.319	9.18	-0.23
2.318	9.17	-0.23
2.316	9.16	-0.23
2.316	9.16	-0.23
2.315	9.18	-0.23
2.315	9.19	-0.23
2.314	9.19	-0.23
2.314	9.21	-0.23
2.313	9.19	-0.23
2.312	9.20	-0.23
2.311	9.20	-0.23
2.310	9.20	-0.23
2.309	9.18	-0.23
2.309	9.19	-0.23
2.308	9.19	-0.23
2.307	9.18	-0.23
2.307	9.17	-0.23
2.307	9.17	-0.23
2.306	9.18	-0.23
2.306	9.17	-0.23
2.305	9.15	-0.23
2.304	9.14	-0.23
2.304	9.15	-0.23
2.304	9.15	-0.23
2.304	9.15	-0.23
2.303	9.15	-0.23
2.303	9.15	-0.23
2.303	9.15	-0.23
2.303	9.14	-0.23
2.303	9.15	-0.23
2.303	9.15	-0.23
2.303	9.15	-0.23
2.302	9.14	-0.23
2.302	9.16	-0.23
2.302	9.14	-0.23
2.301	9.15	-0.23
2.300	9.16	-0.23
2.299	9.19	-0.23
2.297	9.23	-0.23
2.295	9.24	-0.23
2.294	9.25	-0.23
2.294	9.25	-0.23
2.293	9.24	-0.23
2.292	9.23	-0.23
2.291	9.25	-0.23
2.290	9.26	-0.23
2.288	9.25	-0.23
2.288	9.25	-0.23
2.287	9.25	-0.23
2.286	9.25	-0.23
2.285	9.24	-0.23
2.284	9.24	-0.23
2.284	9.25	-0.23
2.283	9.24	-0.23
2.282	9.25	-0.23
2.282	9.24	-0.23
2.281	9.23	-0.23
2.280	9.24	-0.23
2.279	9.26	-0.23
2.278	9.27	-0.23
2.277	9.29	-0.23
2.276	9.30	-0.23
2.275	9.34	-0.23
2.274	9.37	-0.23
2.273	9.40	-0.23
2.272	9.40	-0.23
2.271	9.40	-0.23
2.270	9.39	-0.23
2.269	9.39	-0.23
2.267	9.40	-0.23
2.266	9.40	-0.23
2.265	9.40	-0.23
2.265	9.40	-0.23
2.264	9.40	-0.23
2.263	9.40	-0.23
2.262	9.41	-0.23
2.261	9.41	-0.23
2.260	9.42	-0.23
2.259	9.42	-0.23
2.258	9.42	-0.23
2.257	9.42	-0.23
2.255	9.42	-0.23
2.254	9.43	-0.23
2.254	9.43	-0.23
2.253	9.44	-0.23
2.253	9.44	-0.23
2.252	9.44	-0.23
2.251	9.44	-0.23
2.250	9.45	-0.23
2.249	9.45	-0.23
2.248	9.45	-0.23
2.247	9.45	-0.23
2.245	9.45	-0.23
2.245	9.46	-0.23
2.244	9.45	-0.23
2.244	9.45	-0.23
2.243	9.45	-0.23
2.243	9.45	-0.23
2.242	9.45	-0.23
2.242	9.46	-0.23
2.242	9.45	-0.23
2.242	9.45	-0.23
2.242	9.46	-0.23
2.241	9.47	-0.23
2.240	9.51	-0.23
2.238	9.50	-0.23
2.237	9.49	-0.23
2.236	9.50	-0.23
2.235	9.50	-0.23
2.235	9.51	-0.23
2.234	9.52	-0.23
2.233	9.54	-0.23
2.232	9.54	-0.23
2.231	9.54	-0.23
2.231	9.53	-0.23
2.230	9.53	-0.23
2.230	9.53	-0.23
2.229	9.54	-0.23
2.229	9.55	-0.23
2.228	9.55	-0.23
2.227	9.57	-0.23
2.226	9.57	-0.23
2.225	9.57	-0.23
2.224	9.57	-0.23
2.224	9.57	-0.23
2.224	9.57	-0.23
2.223	9.57	-0.23
2.223	9.58	-0.23
2.222	9.58	-0.23
2.221	9.58	-0.23
2.220	9.58	-0.23
2.220	9.58	-0.23
2.219	9.58	-0.23
2.219	9.59	-0.23
2.218	9.59	-0.23
2.217	9.59	-0.23
2.217	9.59	-0.23
2.216	9.60	-0.23
2.215	9.60	-0.23
2.214	9.61	-0.23
2.214	9.62	-0.23
2.213	9.62	-0.23
2.213	9.62	-0.23
2.212	9.62	-0.23
2.211	9.62	-0.23
2.211	9.63	-0.23
2.210	9.63	-0.23
2.209	9.64	-0.23
2.208	9.64	-0.23
2.207	9.64	-0.23
2.205	9.65	-0.23
2.205	9.65	-0.23
2.204	9.65	-0.23
2.204	9.64	-0.23
2.204	9.64	-0.23
2.204	9.65	-0.23
2.203	9.65	-0.23
2.203	9.65	-0.23
2.202	9.66	-0.23
2.201	9.66	-0.23
2.201	9.66	-0.23
2.201	9.66	-0.23
2.201	9.66	-0.23
2.201	9.66	-0.23
2.201	9.66	-0.23
2.202	9.66	-0.23
2.202	9.66	-0.23
2.202	9.66	-0.23
2.202	9.65	-0.23
2.202	9.66	-0.23
2.202	9.66	-0.23
2.202	9.65	-0.23
2.202	9.66	-0.23
2.203	9.65	-0.23
2.203	9.66	-0.23
2.203	9.66	-0.23
2.203	9.66	-0.23
2.202	9.66	-0.23
2.202	9.67	-0.23
2.201	9.67	-0.23
2.201	9.67	-0.23
2.201	9.67	-0.23
2.201	9.67	-0.23
2.201	9.67	-0.23
2.201	9.67	-0.23
2.200	9.67	-0.23
2.200	9.67	-0.23
2.199	9.68	-0.23
2.198	9.69	-0.23
2.198	9.69	-0.23
2.197	9.69	-0.23
2.197	9.69	-0.23
2.197	9.70	-0.23
2.196	9.70	-0.23
2.195	9.70	-0.23
2.195	9.70	-0.23
2.194	9.71	-0.23
2.193	9.71	-0.23
2.193	9.71	-0.23
2.192	9.71	-0.23
2.191	9.71	-0.23
2.191	9.71	-0.23
2.190	9.72	-0.23
2.189	9.72	-0.23
2.188	9.73	-0.23
2.188	9.73	-0.23
2.187	9.74	-0.23
2.186	9.74	-0.23
2.185	9.76	-0.23
2.185	9.77	-0.23
2.184	9.77	-0.23
2.183	9.77	-0.23
2.182	9.77	-0.23
2.181	9.78	-0.23
2.180	9.78	-0.23
2.180	9.78	-0.23
2.179	9.79	-0.23
2.178	9.79	-0.23
2.177	9.79	-0.23
2.177	9.79	-0.23
2.176	9.80	-0.23
2.175	9.80	-0.23
2.175	9.80	-0.23
2.174	9.81	-0.23
2.173	9.81	-0.23
2.172	9.82	-0.23
2.171	9.82	-0.23
2.170	9.82	-0.23
2.170	9.82	-0.23
2.168	9.83	-0.23
2.167	9.84	-0.23
2.167	9.84	-0.23
2.166	9.85	-0.23
2.165	9.85	-0.23
2.165	9.86	-0.23
2.164	9.86	-0.23
2.164	9.87	-0.23
2.163	9.88	-0.23
2.163	9.88	-0.23
2.162	9.89	-0.23
2.161	9.89	-0.23
2.161	9.89	-0.23
2.161	9.90	-0.23
2.160	9.90	-0.23
2.159	9.91	-0.23
2.158	9.92	-0.23
2.157	9.92	-0.23
2.157	9.93	-0.23
2.156	9.94	-0.23
2.155	9.95	-0.23
2.154	9.95	-0.23
2.152	9.96	-0.23
2.151	9.97	-0.23
2.149	9.99	-0.23
2.147	10.00	-0.23
2.145	10.00	-0.23
2.143	10.02	-0.23
2.142	10.02	-0.23
2.141	10.03	-0.23
2.141	10.03	-0.23
2.141	10.03	-0.23
2.140	10.04	-0.23
2.140	10.04	-0.23
2.139	10.05	-0.23
2.139	10.05	-0.23
2.138	10.06	-0.23
2.138	10.06	-0.23
2.137	10.07	-0.23
2.136	10.07	-0.23
2.135	10.07	-0.23
2.134	10.07	-0.23
2.133	10.08	-0.23
2.132	10.09	-0.23
2.131	10.09	-0.23
2.130	10.10	-0.23
2.129	10.10	-0.23
2.129	10.10	-0.23
2.128	10.10	-0.23
2.127	10.10	-0.23
2.126	10.11	-0.23
2.126	10.11	-0.23
2.126	10.11	-0.23
2.126	10.11	-0.23
2.125	10.11	-0.23
2.125	10.12	-0.23
2.124	10.12	-0.23
2.123	10.12	-0.23
2.122	10.12	-0.23
2.121	10.12	-0.23
2.120	10.12	-0.23
2.119	10.12	-0.23
2.118	10.12	-0.23
2.118	10.12	-0.23
2.117	10.12	-0.23
2.116	10.13	-0.23
2.115	10.13	-0.23
2.115	10.13	-0.23
2.115	10.13	-0.23
2.114	10.14	-0.23
2.114	10.13	-0.23
2.113	10.14	-0.23
2.113	10.14	-0.23
2.112	10.14	-0.23
2.112	10.14	-0.23
2.112	10.14	-0.23
2.112	10.14	-0.23
2.111	10.16	-0.23
2.110	10.16	-0.23
2.110	10.16	-0.23
2.109	10.16	-0.23
2.109	10.16	-0.23
2.108	10.16	-0.23
2.107	10.16	-0.23
2.106	10.18	-0.23
2.104	10.18	-0.23
2.103	10.19	-0.23
2.102	10.19	-0.23
2.102	10.19	-0.23
2.101	10.19	-0.23
2.100	10.21	-0.23
2.099	10.21	-0.23
2.098	10.22	-0.23
2.097	10.21	-0.23
2.097	10.21	-0.23
2.096	10.22	-0.23
2.096	10.22	-0.23
2.095	10.22	-0.23
2.095	10.22	-0.23
2.095	10.22	-0.23
2.094	10.23	-0.23
2.094	10.23	-0.23
2.094	10.23	-0.23
2.094	10.23	-0.23
2.094	10.23	-0.23
2.094	10.23	-0.23
2.094	10.23	-0.23
2.094	10.23	-0.23
2.094	10.23	-0.23
2.094	10.23	-0.23
2.094	10.23	-0.23
2.094	10.23	-0.23
2.094	10.23	-0.24
2.094	10.23	-0.24
2.094	10.23	-0.23
2.094	10.23	-0.23
2.094	10.23	-0.24
2.094	10.23	-0.23
2.094	10.23	-0.23
2.093	10.23	-0.24
2.093	10.24	-0.24
2.093	10.24	-0.24
2.093	10.25	-0.24
2.092	10.25	-0.24
2.091	10.26	-0.24
2.090	10.26	-0.24
2.090	10.26	-0.24
2.089	10.27	-0.24
2.088	10.27	-0.24
2.087	10.27	-0.24
2.087	10.27	-0.24
2.086	10.28	-0.24
2.085	10.28	-0.24
2.085	10.28	-0.24
2.084	10.28	-0.24
2.084	10.28	-0.24
2.083	10.28	-0.24
2.082	10.29	-0.24
2.081	10.30	-0.24
2.081	10.30	-0.24
2.080	10.31	-0.24
2.079	10.31	-0.24
2.079	10.32	-0.24
2.078	10.32	-0.24
2.078	10.32	-0.24
2.077	10.33	-0.24
2.077	10.33	-0.24
2.076	10.33	-0.24
2.076	10.34	-0.24
2.075	10.35	-0.24
2.075	10.35	-0.24
2.074	10.35	-0.24
2.074	10.36	-0.24
2.073	10.36	-0.24
2.073	10.36	-0.24
2.073	10.36	-0.24
2.072	10.37	-0.24
2.071	10.39	-0.24
2.070	10.40	-0.24
2.070	10.40	-0.24
2.069	10.40	-0.24
2.068	10.41	-0.24
2.068	10.41	-0.24
2.068	10.41	-0.24
2.067	10.41	-0.24
2.066	10.42	-0.24
2.065	10.44	-0.24
2.063	10.46	-0.24
2.060	10.47	-0.24
2.057	10.50	-0.24
2.055	10.51	-0.24
2.054	10.51	-0.24
2.054	10.51	-0.24
2.054	10.51	-0.24
2.054	10.51	-0.24
2.054	10.51	-0.24
2.054	10.52	-0.24
2.054	10.52	-0.24
2.054	10.52	-0.24
2.053	10.52	-0.24
2.053	10.53	-0.24
2.053	10.53	-0.24
2.052	10.52	-0.24
2.052	10.53	-0.24
2.052	10.53	-0.24
2.051	10.54	-0.24
2.050	10.54	-0.24
2.050	10.54	-0.24
2.049	10.55	-0.24
2.049	10.55	-0.24
2.049	10.55	-0.24
2.048	10.55	-0.24
2.048	10.56	-0.24
2.047	10.55	-0.24
2.047	10.56	-0.24
2.047	10.56	-0.24
2.046	10.56	-0.24
2.046	10.56	-0.24
2.045	10.56	-0.24
2.045	10.56	-0.24
2.044	10.56	-0.24
2.044	10.57	-0.24
2.044	10.57	-0.24
2.043	10.57	-0.24
2.043	10.57	-0.24
2.042	10.58	-0.24
2.042	10.58	-0.24
2.041	10.58	-0.24
2.041	10.58	-0.24
2.040	10.58	-0.24
2.040	10.58	-0.24
2.040	10.58	-0.24
2.040	10.58	-0.24
2.039	10.58	-0.24
2.039	10.58	-0.24
2.039	10.58	-0.24
2.039	10.58	-0.24
2.039	10.58	-0.24
2.039	10.58	-0.24
2.039	10.58	-0.24
2.040	10.58	-0.24
2.040	10.58	-0.24
2.040	10.58	-0.24
2.040	10.58	-0.24
2.040	10.59	-0.24
2.040	10.59	-0.24
2.039	10.60	-0.24
2.037	10.60	-0.24
2.036	10.61	-0.24
2.035	10.61	-0.24
2.034	10.61	-0.24
2.033	10.62	-0.24
2.032	10.62	-0.24
2.031	10.62	-0.24
2.031	10.62	-0.24
2.030	10.63	-0.24
2.030	10.62	-0.24
2.030	10.62	-0.24
2.029	10.62	-0.24
2.029	10.63	-0.24
2.028	10.63	-0.24
2.028	10.63	-0.24
2.027	10.63	-0.24
2.027	10.64	-0.24
2.026	10.64	-0.24
2.025	10.64	-0.24
2.025	10.64	-0.24
2.024	10.64	-0.24
2.024	10.65	-0.24
2.023	10.65	-0.24
2.022	10.65	-0.24
2.022	10.65	-0.24
2.022	10.65	-0.24
2.021	10.65	-0.24
2.021	10.65	-0.24
2.021	10.65	-0.24
2.021	10.65	-0.24
2.020	10.65	-0.24
2.020	10.66	-0.24
2.020	10.66	-0.24
2.019	10.67	-0.24
2.018	10.68	-0.24
2.018	10.68	-0.24
2.018	10.68	-0.24
2.017	10.68	-0.24
2.016	10.68	-0.24
2.016	10.68	-0.24
2.016	10.68	-0.24
2.016	10.69	-0.24
2.016	10.69	-0.24
2.016	10.69	-0.24
2.016	10.69	-0.24
2.016	10.69	-0.24
2.016	10.68	-0.24
2.016	10.68	-0.24
2.016	10.69	-0.24
2.016	10.69	-0.24
2.015	10.70	-0.24
2.013	10.70	-0.24
2.013	10.70	-0.24
2.012	10.70	-0.24
2.012	10.70	-0.24
2.011	10.71	-0.24
2.010	10.72	-0.24
2.010	10.72	-0.24
2.009	10.73	-0.24
2.009	10.73	-0.24
2.009	10.73	-0.24
2.008	10.74	-0.23
2.008	10.74	-0.24
2.007	10.73	-0.24
2.007	10.74	-0.24
2.006	10.74	-0.23
2.006	10.74	-0.24
2.005	10.75	-0.23
2.004	10.75	-0.24
2.004	10.75	-0.23
2.003	10.76	-0.23
2.002	10.76	-0.23
2.002	10.76	-0.24
2.002	10.76	-0.23
2.002	10.76	-0.23
2.002	10.76	-0.23
2.002	10.77	-0.23
2.001	10.77	-0.23
2.001	10.77	-0.23
2.000	10.77	-0.23
1.999	10.78	-0.23
1.998	10.78	-0.23
1.997	10.78	-0.23
1.997	10.79	-0.23
1.996	10.79	-0.23
1.996	10.80	-0.23
1.995	10.80	-0.23
1.995	10.81	-0.23
1.994	10.81	-0.23
1.993	10.82	-0.23
1.992	10.83	-0.23
1.991	10.83	-0.23
1.991	10.83	-0.23
1.991	10.84	-0.23
1.990	10.85	-0.23
1.989	10.86	-0.23
1.988	10.86	-0.23
1.988	10.87	-0.23
1.988	10.88	-0.23
1.987	10.88	-0.23
1.986	10.89	-0.23
1.985	10.90	-0.23
1.985	10.90	-0.23
1.984	10.91	-0.23
1.983	10.92	-0.23
1.981	10.94	-0.23
1.981	10.95	-0.23
1.980	10.95	-0.23
1.979	10.96	-0.23
1.979	10.95	-0.23
1.979	10.95	-0.23
1.978	10.95	-0.23
1.978	10.95	-0.23
1.978	10.96	-0.23
1.978	10.96	-0.23
1.977	10.96	-0.23
1.977	10.96	-0.23
1.977	10.96	-0.23
1.977	10.96	-0.23
1.976	10.97	-0.23
1.975	10.97	-0.23
1.975	10.98	-0.23
1.974	10.99	-0.23
1.973	10.99	-0.23
1.972	11.01	-0.23
1.972	11.02	-0.23
1.971	11.01	-0.23
1.970	11.02	-0.23
1.970	11.03	-0.23
1.969	11.03	-0.23
1.968	11.04	-0.23
1.968	11.04	-0.23
1.967	11.04	-0.23
1.967	11.04	-0.23
1.967	11.04	-0.23
1.966	11.04	-0.23
1.966	11.04	-0.23
1.966	11.05	-0.23
1.965	11.05	-0.23
1.965	11.05	-0.23
1.965	11.05	-0.23
1.964	11.05	-0.23
1.964	11.05	-0.23
1.963	11.05	-0.23
1.963	11.05	-0.23
1.963	11.05	-0.23
1.962	11.05	-0.23
1.962	11.05	-0.23
1.962	11.06	-0.23
1.961	11.06	-0.23
1.961	11.06	-0.23
1.960	11.06	-0.23
1.960	11.06	-0.23
1.960	11.06	-0.23
1.959	11.06	-0.23
1.959	11.07	-0.23
1.959	11.07	-0.23
1.958	11.07	-0.23
1.958	11.07	-0.23
1.957	11.07	-0.23
1.957	11.08	-0.23
1.956	11.08	-0.23
1.956	11.08	-0.23
1.956	11.09	-0.23
1.955	11.09	-0.23
1.955	11.09	-0.23
1.955	11.09	-0.23
1.954	11.10	-0.23
1.954	11.09	-0.23
1.954	11.09	-0.23
1.954	11.09	-0.23
1.953	11.10	-0.23
1.953	11.10	-0.23
1.953	11.10	-0.23
1.953	11.09	-0.23
1.953	11.10	-0.23
1.953	11.10	-0.23
1.953	11.10	-0.23
1.952	11.10	-0.23
1.952	11.10	-0.23
1.952	11.10	-0.23
1.952	11.11	-0.23
1.951	11.10	-0.23
1.951	11.11	-0.23
1.951	11.10	-0.23
1.951	11.11	-0.23
1.951	11.11	-0.23
1.950	11.11	-0.23
1.950	11.11	-0.23
1.950	11.11	-0.23
1.950	11.11	-0.23
1.950	11.10	-0.23
1.950	11.11	-0.23
1.949	11.10	-0.23
1.950	11.11	-0.23
1.950	11.11	-0.23
1.950	11.11	-0.23
1.950	11.11	-0.23
1.950	11.11	-0.23
1.950	11.11	-0.23
1.950	11.11	-0.23
1.950	11.11	-0.23
1.950	11.11	-0.23
1.950	11.11	-0.23
1.950	11.11	-0.23
1.950	11.12	-0.23
1.949	11.13	-0.23
1.947	11.13	-0.23
1.946	11.13	-0.23
1.945	11.13	-0.23
1.945	11.13	-0.23
1.944	11.13	-0.23
1.944	11.13	-0.23
1.944	11.13	-0.23
1.944	11.14	-0.23
1.943	11.14	-0.23
1.943	11.14	-0.23
1.942	11.14	-0.23
1.942	11.14	-0.23
1.941	11.16	-0.23
1.941	11.16	-0.23
1.941	11.16	-0.23
1.940	11.16	-0.23
1.940	11.16	-0.23
1.939	11.17	-0.23
1.939	11.16	-0.23
1.939	11.17	-0.23
1.938	11.17	-0.23
1.938	11.17	-0.23
1.937	11.17	-0.23
1.937	11.18	-0.23
1.936	11.18	-0.23
1.936	11.18	-0.23
1.935	11.19	-0.23
1.934	11.18	-0.22
1.934	11.19	-0.23
1.933	11.20	-0.23
1.933	11.20	-0.23
1.932	11.21	-0.23
1.932	11.21	-0.22
1.931	11.21	-0.22
1.931	11.22	-0.23
1.930	11.22	-0.22
1.929	11.23	-0.22
1.929	11.23	-0.22
1.928	11.23	-0.22
1.927	11.23	-0.22
1.926	11.24	-0.22
1.925	11.25	-0.22
1.925	11.25	-0.22
1.924	11.25	-0.22
1.924	11.25	-0.22
1.923	11.26	-0.22
1.923	11.25	-0.22
1.923	11.26	-0.22
1.922	11.26	-0.22
1.922	11.26	-0.22
1.922	11.27	-0.22
1.921	11.27	-0.22
1.920	11.27	-0.22
1.919	11.27	-0.22
1.919	11.28	-0.22
1.919	11.28	-0.22
1.918	11.29	-0.22
1.918	11.29	-0.22
1.918	11.29	-0.22
1.917	11.29	-0.22
1.917	11.30	-0.22
1.917	11.30	-0.22
1.917	11.31	-0.22
1.916	11.31	-0.22
1.916	11.32	-0.22
1.916	11.31	-0.22
1.916	11.32	-0.22
1.915	11.33	-0.22
1.915	11.33	-0.22
1.914	11.33	-0.22
1.914	11.34	-0.22
1.914	11.34	-0.22
1.913	11.34	-0.22
1.913	11.34	-0.22
1.913	11.35	-0.22
1.912	11.35	-0.22
1.912	11.36	-0.22
1.912	11.36	-0.22
1.911	11.37	-0.22
1.911	11.37	-0.22
1.910	11.37	-0.22
1.910	11.38	-0.22
1.910	11.38	-0.22
1.909	11.38	-0.22
1.909	11.38	-0.22
1.908	11.39	-0.22
1.907	11.40	-0.22
1.906	11.42	-0.22
1.904	11.43	-0.22
1.902	11.44	-0.22
1.902	11.44	-0.22
1.901	11.44	-0.22
1.901	11.44	-0.22
1.901	11.46	-0.22
1.901	11.46	-0.22
1.900	11.47	-0.22
1.900	11.47	-0.22
1.899	11.48	-0.22
1.899	11.48	-0.22
1.899	11.48	-0.22
1.898	11.49	-0.22
1.898	11.49	-0.22
1.897	11.50	-0.22
1.897	11.50	-0.22
1.896	11.50	-0.22
1.896	11.50	-0.22
1.896	11.51	-0.22
1.896	11.51	-0.22
1.895	11.51	-0.22
1.895	11.51	-0.22
1.894	11.51	-0.22
1.893	11.51	-0.22
1.893	11.52	-0.22
1.893	11.52	-0.22
1.892	11.52	-0.22
1.892	11.52	-0.22
1.891	11.52	-0.22
1.890	11.53	-0.22
1.890	11.53	-0.22
1.889	11.54	-0.22
1.889	11.54	-0.22
1.888	11.54	-0.22
1.887	11.54	-0.22
1.887	11.54	-0.22
1.887	11.54	-0.22
1.886	11.54	-0.22
1.886	11.54	-0.22
1.885	11.54	-0.22
1.885	11.55	-0.22
1.884	11.55	-0.22
1.884	11.55	-0.22
1.884	11.55	-0.22
1.883	11.55	-0.22
1.883	11.55	-0.22
1.883	11.55	-0.22
1.883	11.55	-0.22
1.883	11.55	-0.22
1.882	11.55	-0.22
1.882	11.55	-0.22
1.882	11.56	-0.22
1.882	11.56	-0.22
1.882	11.56	-0.22
1.881	11.56	-0.22
1.881	11.56	-0.22
1.880	11.57	-0.22
1.880	11.57	-0.22
1.879	11.57	-0.22
1.879	11.57	-0.22
1.879	11.57	-0.22
1.879	11.58	-0.22
1.878	11.58	-0.22
1.878	11.57	-0.22
1.878	11.58	-0.22
1.878	11.58	-0.22
1.877	11.58	-0.22
1.877	11.58	-0.22
1.877	11.58	-0.22
1.876	11.58	-0.22
1.876	11.58	-0.22
1.876	11.59	-0.22
1.876	11.59	-0.22
1.876	11.58	-0.22
1.876	11.59	-0.22
1.875	11.59	-0.22
1.875	11.59	-0.22
1.875	11.59	-0.22
1.875	11.59	-0.22
1.875	11.59	-0.22
1.875	11.60	-0.22
1.874	11.59	-0.22
1.874	11.60	-0.22
1.874	11.60	-0.22
1.873	11.60	-0.22
1.873	11.60	-0.22
1.873	11.61	-0.22
1.873	11.62	-0.22
1.872	11.62	-0.22
1.872	11.62	-0.22
1.872	11.62	-0.22
1.872	11.63	-0.22
1.871	11.63	-0.22
1.871	11.62	-0.22
1.871	11.63	-0.22
1.871	11.63	-0.22
1.871	11.63	-0.22
1.871	11.63	-0.22
1.871	11.63	-0.22
1.871	11.62	-0.22
1.871	11.63	-0.22
1.871	11.62	-0.22
1.871	11.63	-0.22
1.871	11.63	-0.22
1.871	11.63	-0.22
1.871	11.63	-0.22
1.871	11.63	-0.22
1.871	11.63	-0.22
1.871	11.63	-0.22
1.871	11.63	-0.22
1.871	11.63	-0.22
1.871	11.63	-0.22
1.871	11.63	-0.22
1.871	11.63	-0.22
1.871	11.62	-0.22
1.872	11.63	-0.22
1.871	11.63	-0.22
1.871	11.63	-0.22
1.871	11.64	-0.22
1.871	11.63	-0.22
1.871	11.63	-0.22
1.871	11.63	-0.22
1.871	11.64	-0.22
1.870	11.64	-0.22
1.870	11.64	-0.22
1.870	11.64	-0.22
1.869	11.65	-0.22
1.869	11.65	-0.22
1.868	11.65	-0.22
1.868	11.65	-0.22
1.867	11.65	-0.22
1.867	11.65	-0.22
1.867	11.65	-0.22
1.867	11.65	-0.22
1.866	11.66	-0.22
1.866	11.66	-0.22
1.865	11.66	-0.22
1.865	11.66	-0.22
1.865	11.66	-0.22
1.865	11.66	-0.22
1.864	11.67	-0.22
1.864	11.67	-0.22
1.863	11.68	-0.22
1.862	11.68	-0.22
1.862	11.68	-0.22
1.861	11.69	-0.22
1.860	11.69	-0.22
1.859	11.69	-0.22
1.859	11.70	-0.22
1.859	11.69	-0.22
1.858	11.70	-0.22
1.858	11.70	-0.22
1.858	11.70	-0.22
1.857	11.71	-0.22
1.857	11.71	-0.22
1.856	11.72	-0.22
1.856	11.72	-0.22
1.855	11.72	-0.22
1.855	11.72	-0.22
1.855	11.72	-0.22
1.854	11.73	-0.22
1.854	11.73	-0.22
1.853	11.74	-0.22
1.853	11.75	-0.22
1.852	11.74	-0.22
1.852	11.75	-0.22
1.852	11.75	-0.22
1.851	11.75	-0.22
1.851	11.74	-0.22
1.850	11.75	-0.22
1.850	11.75	-0.22
1.850	11.75	-0.22
1.849	11.76	-0.22
1.849	11.76	-0.22
1.849	11.76	-0.22
1.848	11.76	-0.22
1.848	11.77	-0.22
1.848	11.78	-0.22
1.847	11.78	-0.22
1.847	11.78	-0.22
1.846	11.79	-0.22
1.846	11.79	-0.22
1.846	11.79	-0.22
1.845	11.79	-0.22
1.844	11.81	-0.22
1.844	11.81	-0.22
1.843	11.82	-0.22
1.843	11.82	-0.22
1.843	11.83	-0.22
1.842	11.84	-0.22
1.841	11.87	-0.22
1.841	11.85	-0.22
1.841	11.84	-0.22
1.840	11.84	-0.22
1.840	11.84	-0.22
1.839	11.85	-0.22
1.839	11.85	-0.22
1.838	11.86	-0.22
1.838	11.86	-0.22
1.838	11.87	-0.22
1.837	11.86	-0.22
1.837	11.86	-0.22
1.837	11.86	-0.22
1.837	11.87	-0.22
1.837	11.87	-0.22
1.837	11.86	-0.22
1.837	11.87	-0.22
1.837	11.87	-0.22
1.837	11.87	-0.22
1.837	11.86	-0.22
1.837	11.87	-0.22
1.837	11.87	-0.22
1.837	11.87	-0.22
1.837	11.87	-0.22
1.837	11.87	-0.22
1.837	11.88	-0.22
1.836	11.88	-0.22
1.836	11.88	-0.22
1.836	11.88	-0.22
1.835	11.88	-0.22
1.835	11.89	-0.22
1.835	11.89	-0.22
1.834	11.90	-0.22
1.834	11.91	-0.22
1.833	11.93	-0.22
1.832	11.94	-0.22
1.830	11.94	-0.22
1.830	11.95	-0.22
1.829	11.95	-0.22
1.829	11.95	-0.22
1.829	11.95	-0.22
1.829	11.95	-0.22
1.829	11.95	-0.22
1.829	11.95	-0.22
1.829	11.96	-0.22
1.829	11.96	-0.22
1.828	11.96	-0.22
1.828	11.96	-0.22
1.828	11.97	-0.22
1.828	11.97	-0.22
1.828	11.97	-0.22
1.828	11.97	-0.22
1.828	11.97	-0.22
1.827	11.97	-0.22
1.827	11.97	-0.22
1.827	11.98	-0.22
1.826	11.97	-0.22
1.826	11.97	-0.22
1.826	11.98	-0.22
1.826	11.98	-0.22
1.826	11.98	-0.22
1.825	11.98	-0.22
1.825	11.99	-0.22
1.825	11.99	-0.22
1.825	11.99	-0.22
1.825	11.99	-0.22
1.824	11.99	-0.22
1.824	11.99	-0.22
1.824	11.99	-0.22
1.823	12.00	-0.22
1.823	11.99	-0.22
1.823	12.00	-0.22
1.822	11.99	-0.22
1.822	12.00	-0.22
1.822	12.00	-0.22
1.822	12.00	-0.22
1.822	12.00	-0.22
1.821	12.00	-0.22
1.821	12.00	-0.22
1.820	12.00	-0.22
1.820	12.00	-0.22
1.820	12.01	-0.22
1.819	12.01	-0.22
1.819	12.01	-0.23
1.819	12.00	-0.22
1.819	12.01	-0.23
1.819	12.01	-0.23
1.819	12.01	-0.23
1.818	12.01	-0.23
1.818	12.01	-0.23
1.818	12.01	-0.23
1.818	12.01	-0.23
1.817	12.02	-0.23
1.817	12.01	-0.23
1.817	12.02	-0.23
1.817	12.02	-0.23
1.816	12.02	-0.23
1.816	12.03	-0.23
1.816	12.03	-0.23
1.816	12.02	-0.23
1.816	12.03	-0.23
1.815	12.03	-0.23
1.815	12.03	-0.23
1.815	12.04	-0.23
1.814	12.04	-0.23
1.814	12.04	-0.23
1.813	12.04	-0.23
1.813	12.04	-0.23
1.813	12.04	-0.23
1.812	12.05	-0.23
1.812	12.04	-0.23
1.812	12.05	-0.23
1.812	12.05	-0.23
1.812	12.07	-0.23
1.811	12.06	-0.23
1.811	12.07	-0.23
1.811	12.07	-0.23
1.810	12.07	-0.23
1.810	12.07	-0.23
1.810	12.07	-0.23
1.810	12.07	-0.23
1.810	12.07	-0.23
1.810	12.08	-0.23
1.809	12.07	-0.23
1.809	12.08	-0.23
1.809	12.08	-0.23
1.808	12.08	-0.23
1.808	12.08	-0.23
1.807	12.08	-0.23
1.807	12.08	-0.23
1.807	12.09	-0.23
1.806	12.08	-0.23
1.806	12.09	-0.23
1.805	12.09	-0.23
1.805	12.10	-0.23
1.804	12.10	-0.23
1.804	12.10	-0.23
1.804	12.10	-0.23
1.804	12.10	-0.23
1.804	12.10	-0.23
1.803	12.10	-0.23
1.803	12.10	-0.23
1.803	12.10	-0.23
1.803	12.10	-0.23
1.803	12.10	-0.23
1.803	12.11	-0.23
1.803	12.10	-0.23
1.803	12.10	-0.23
1.803	12.11	-0.23
1.803	12.10	-0.23
1.803	12.12	-0.23
1.802	12.12	-0.23
1.801	12.12	-0.23
1.799	12.13	-0.23
1.798	12.13	-0.23
1.797	12.14	-0.23
1.796	12.15	-0.23
1.796	12.15	-0.23
1.795	12.15	-0.23
1.795	12.16	-0.23
1.795	12.16	-0.23
1.795	12.16	-0.23
1.795	12.16	-0.23
1.795	12.17	-0.23
1.795	12.17	-0.23
1.795	12.17	-0.23
1.795	12.17	-0.23
1.795	12.17	-0.23
1.795	12.17	-0.23
1.794	12.17	-0.23
1.794	12.18	-0.23
1.793	12.18	-0.23
1.793	12.18	-0.23
1.793	12.19	-0.23
1.792	12.19	-0.23
1.792	12.19	-0.23
1.791	12.19	-0.23
1.791	12.19	-0.23
1.790	12.20	-0.23
1.790	12.20	-0.23
1.790	12.20	-0.23
1.789	12.20	-0.23
1.789	12.21	-0.23
1.788	12.21	-0.23
1.788	12.20	-0.23
1.788	12.21	-0.23
1.788	12.22	-0.23
1.787	12.22	-0.23
1.787	12.22	-0.23
1.786	12.22	-0.23
1.786	12.22	-0.23
1.786	12.22	-0.23
1.785	12.22	-0.23
1.785	12.23	-0.23
1.785	12.23	-0.23
1.785	12.23	-0.23
1.784	12.23	-0.23
1.784	12.24	-0.23
1.784	12.24	-0.23
1.783	12.24	-0.23
1.783	12.25	-0.23
1.783	12.25	-0.23
1.782	12.25	-0.23
1.782	12.25	-0.23
1.781	12.26	-0.23
1.781	12.26	-0.23
1.780	12.27	-0.23
1.780	12.27	-0.23
1.780	12.27	-0.23
1.779	12.27	-0.23
1.779	12.28	-0.23
1.779	12.28	-0.23
1.778	12.28	-0.23
1.778	12.28	-0.23
1.777	12.29	-0.23
1.777	12.29	-0.23
1.777	12.29	-0.23
1.777	12.30	-0.23
1.776	12.31	-0.23
1.776	12.31	-0.23
1.776	12.32	-0.23
1.775	12.32	-0.23
1.774	12.33	-0.23
1.774	12.33	-0.23
1.773	12.34	-0.23
1.773	12.35	-0.23
1.773	12.34	-0.23
1.773	12.34	-0.23
1.772	12.35	-0.23
1.772	12.34	-0.23
1.772	12.35	-0.23
1.771	12.36	-0.23
1.771	12.36	-0.23
1.771	12.37	-0.23
1.770	12.37	-0.23
1.770	12.38	-0.23
1.770	12.37	-0.23
1.770	12.38	-0.23
1.769	12.38	-0.23
1.769	12.38	-0.23
1.769	12.39	-0.23
1.769	12.38	-0.23
1.769	12.38	-0.23
1.769	12.37	-0.23
1.769	12.38	-0.23
1.769	12.38	-0.24
1.769	12.38	-0.23
1.769	12.38	-0.24
1.769	12.39	-0.23
1.769	12.39	-0.24
1.768	12.40	-0.24
1.767	12.41	-0.24
1.766	12.42	-0.24
1.766	12.42	-0.24
1.766	12.42	-0.24
1.766	12.42	-0.23
1.766	12.43	-0.24
1.765	12.42	-0.24
1.765	12.42	-0.24
1.764	12.43	-0.24
1.764	12.44	-0.24
1.764	12.44	-0.24
1.763	12.44	-0.24
1.763	12.45	-0.24
1.763	12.45	-0.24
1.762	12.45	-0.24
1.762	12.45	-0.24
1.761	12.45	-0.24
1.761	12.45	-0.24
1.761	12.46	-0.24
1.760	12.46	-0.24
1.760	12.46	-0.24
1.759	12.47	-0.24
1.759	12.47	-0.24
1.758	12.47	-0.24
1.758	12.47	-0.24
1.757	12.47	-0.24
1.757	12.49	-0.24
1.756	12.49	-0.24
1.756	12.49	-0.24
1.755	12.49	-0.24
1.755	12.50	-0.24
1.755	12.49	-0.24
1.755	12.50	-0.24
1.754	12.50	-0.24
1.754	12.50	-0.24
1.754	12.50	-0.24
1.753	12.50	-0.24
1.753	12.50	-0.24
1.752	12.51	-0.24
1.752	12.51	-0.24
1.752	12.50	-0.24
1.751	12.51	-0.24
1.751	12.51	-0.24
1.750	12.52	-0.24
1.749	12.52	-0.24
1.749	12.52	-0.24
1.749	12.52	-0.24
1.748	12.52	-0.24
1.748	12.52	-0.24
1.748	12.53	-0.24
1.747	12.52	-0.24
1.747	12.52	-0.24
1.747	12.53	-0.24
1.746	12.53	-0.24
1.746	12.53	-0.24
1.746	12.53	-0.24
1.746	12.53	-0.24
1.746	12.53	-0.24
1.746	12.54	-0.24
1.746	12.54	-0.24
1.746	12.54	-0.24
1.746	12.54	-0.24
1.745	12.54	-0.24
1.745	12.53	-0.24
1.745	12.55	-0.24
1.744	12.55	-0.24
1.744	12.55	-0.24
1.744	12.55	-0.24
1.744	12.55	-0.24
1.743	12.55	-0.24
1.743	12.56	-0.24
1.743	12.56	-0.24
1.743	12.56	-0.24
1.742	12.56	-0.24
1.742	12.57	-0.24
1.742	12.58	-0.24
1.742	12.58	-0.24
1.741	12.58	-0.24
1.741	12.59	-0.24
1.740	12.59	-0.24
1.740	12.59	-0.24
1.739	12.60	-0.24
1.739	12.60	-0.24
1.738	12.60	-0.24
1.738	12.60	-0.24
1.737	12.60	-0.24
1.737	12.60	-0.24
1.737	12.60	-0.24
1.736	12.61	-0.24
1.736	12.61	-0.24
1.735	12.62	-0.24
1.734	12.62	-0.24
1.734	12.62	-0.24
1.733	12.62	-0.24
1.733	12.62	-0.24
1.733	12.62	-0.24
1.733	12.62	-0.24
1.733	12.62	-0.24
1.733	12.62	-0.24
1.733	12.62	-0.24
1.733	12.63	-0.24
1.732	12.63	-0.24
1.732	12.63	-0.24
1.731	12.64	-0.24
1.731	12.65	-0.24
1.730	12.66	-0.24
1.730	12.67	-0.24
1.730	12.67	-0.24
1.729	12.67	-0.24
1.729	12.67	-0.24
1.729	12.67	-0.24
1.729	12.67	-0.24
1.728	12.68	-0.24
1.728	12.68	-0.24
1.727	12.68	-0.24
1.727	12.68	-0.24
1.726	12.68	-0.24
1.726	12.69	-0.24
1.725	12.70	-0.24
1.725	12.70	-0.24
1.725	12.70	-0.24
1.724	12.70	-0.24
1.724	12.71	-0.24
1.723	12.71	-0.24
1.723	12.72	-0.24
1.722	12.72	-0.24
1.722	12.72	-0.24
1.721	12.72	-0.24
1.721	12.73	-0.24
1.721	12.74	-0.24
1.720	12.74	-0.24
1.719	12.74	-0.24
1.719	12.75	-0.24
1.718	12.76	-0.24
1.718	12.75	-0.24
1.718	12.76	-0.24
1.718	12.76	-0.24
1.717	12.76	-0.24
1.717	12.77	-0.24
1.716	12.77	-0.24
1.716	12.78	-0.24
1.715	12.78	-0.24
1.715	12.79	-0.24
1.714	12.80	-0.24
1.714	12.79	-0.24
1.713	12.80	-0.24
1.713	12.82	-0.24
1.712	12.83	-0.24
1.712	12.83	-0.24
1.711	12.83	-0.24
1.710	12.83	-0.24
1.710	12.84	-0.24
1.710	12.83	-0.24
1.710	12.83	-0.24
1.710	12.84	-0.24
1.710	12.84	-0.24
1.710	12.84	-0.24
1.710	12.84	-0.24
1.710	12.84	-0.24
1.710	12.85	-0.24
1.710	12.85	-0.24
1.709	12.85	-0.24
1.709	12.87	-0.24
1.707	12.88	-0.24
1.706	12.89	-0.24
1.705	12.90	-0.24
1.704	12.90	-0.24
1.703	12.91	-0.24
1.703	12.92	-0.24
1.703	12.91	-0.24
1.703	12.92	-0.24
1.702	12.92	-0.24
1.702	12.92	-0.24
1.702	12.92	-0.24
1.702	12.92	-0.24
1.702	12.92	-0.24
1.702	12.93	-0.24
1.702	12.92	-0.24
1.701	12.93	-0.24
1.701	12.93	-0.24
1.701	12.93	-0.24
1.700	12.94	-0.24
1.700	12.95	-0.24
1.700	12.95	-0.24
1.699	12.95	-0.24
1.699	12.95	-0.24
1.699	12.95	-0.24
1.698	12.95	-0.24
1.698	12.96	-0.24
1.697	12.96	-0.24
1.697	12.96	-0.24
1.696	12.96	-0.24
1.696	12.96	-0.24
1.696	12.96	-0.24
1.695	12.96	-0.24
1.695	12.96	-0.24
1.694	12.97	-0.24
1.694	12.97	-0.24
1.694	12.97	-0.24
1.693	12.97	-0.24
1.693	12.98	-0.24
1.692	12.97	-0.24
1.692	12.98	-0.24
1.691	12.98	-0.24
1.691	12.99	-0.24
1.690	12.99	-0.24
1.690	12.99	-0.24
1.690	13.00	-0.24
1.689	13.00	-0.24
1.689	13.00	-0.24
1.688	13.00	-0.24
1.688	13.00	-0.24
1.687	13.01	-0.24
1.687	13.02	-0.24
1.687	13.02	-0.24
1.686	13.02	-0.24
1.685	13.02	-0.24
1.685	13.03	-0.24
1.685	13.03	-0.24
1.684	13.09	-0.24
1.684	13.05	-0.24
1.683	13.04	-0.24
1.683	13.04	-0.24
1.682	13.04	-0.24
1.682	13.04	-0.24
1.681	13.04	-0.24
1.681	13.04	-0.23
1.681	13.04	-0.24
1.681	13.05	-0.23
1.680	13.05	-0.23
1.680	13.05	-0.23
1.680	13.06	-0.23
1.679	13.07	-0.23
1.679	13.07	-0.23
1.678	13.07	-0.23
1.678	13.08	-0.23
1.677	13.08	-0.23
1.676	13.09	-0.23
1.675	13.09	-0.23
1.675	13.10	-0.23
1.674	13.10	-0.23
1.673	13.11	-0.23
1.672	13.12	-0.23
1.672	13.12	-0.23
1.672	13.12	-0.23
1.671	13.12	-0.23
1.670	13.12	-0.23
1.670	13.13	-0.23
1.669	13.14	-0.23
1.669	13.14	-0.23
1.669	13.14	-0.23
1.668	13.14	-0.23
1.668	13.14	-0.23
1.668	13.15	-0.23
1.667	13.15	-0.23
1.667	13.15	-0.23
1.666	13.16	-0.23
1.666	13.16	-0.24
1.666	13.17	-0.23
1.665	13.17	-0.23
1.665	13.18	-0.23
1.664	13.19	-0.23
1.664	13.20	-0.23
1.664	13.20	-0.24
1.664	13.20	-0.23
1.663	13.21	-0.23
1.662	13.21	-0.24
1.661	13.21	-0.23
1.661	13.22	-0.23
1.660	13.22	-0.23
1.660	13.22	-0.24
1.660	13.23	-0.24
1.659	13.24	-0.24
1.659	13.24	-0.23
1.659	13.24	-0.24
1.659	13.24	-0.24
1.658	13.25	-0.23
1.658	13.26	-0.24
1.657	13.26	-0.23
1.657	13.27	-0.24
1.657	13.28	-0.24
1.656	13.28	-0.24
1.656	13.28	-0.24
1.656	13.28	-0.24
1.656	13.28	-0.24
1.656	13.28	-0.24
1.656	13.28	-0.24
1.655	13.29	-0.24
1.655	13.29	-0.24
1.654	13.29	-0.24
1.654	13.30	-0.24
1.653	13.31	-0.24
1.653	13.34	-0.24
1.652	13.32	-0.24
1.651	13.33	-0.24
1.651	13.33	-0.24
1.650	13.33	-0.24
1.650	13.34	-0.24
1.650	13.34	-0.24
1.650	13.36	-0.24
1.649	13.36	-0.24
1.649	13.37	-0.24
1.648	13.37	-0.24
1.648	13.37	-0.24
1.648	13.38	-0.24
1.648	13.38	-0.24
1.647	13.39	-0.24
1.646	13.39	-0.24
1.646	13.40	-0.24
1.645	13.40	-0.24
1.645	13.40	-0.24
1.644	13.41	-0.24
1.644	13.41	-0.24
1.644	13.42	-0.24
1.643	13.42	-0.24
1.643	13.42	-0.24
1.642	13.42	-0.24
1.642	13.42	-0.24
1.642	13.42	-0.24
1.641	13.43	-0.24
1.641	13.43	-0.24
1.641	13.43	-0.24
1.640	13.43	-0.24
1.640	13.44	-0.24
1.640	13.44	-0.24
1.639	13.43	-0.24
1.639	13.43	-0.24
1.639	13.44	-0.24
1.639	13.44	-0.24
1.639	13.44	-0.24
1.638	13.44	-0.24
1.638	13.44	-0.24
1.637	13.45	-0.24
1.637	13.45	-0.24
1.636	13.45	-0.24
1.636	13.45	-0.24
1.635	13.45	-0.24
1.635	13.45	-0.24
1.634	13.45	-0.24
1.634	13.46	-0.24
1.633	13.46	-0.24
1.633	13.46	-0.24
1.632	13.48	-0.24
1.631	13.48	-0.24
1.630	13.49	-0.24
1.629	13.50	-0.24
1.628	13.50	-0.24
1.627	13.51	-0.24
1.627	13.52	-0.24
1.626	13.52	-0.24
1.625	13.53	-0.24
1.624	13.53	-0.24
1.624	13.54	-0.24
1.623	13.54	-0.23
1.622	13.55	-0.24
1.622	13.55	-0.24
1.621	13.56	-0.24
1.620	13.57	-0.23
1.619	13.57	-0.24
1.619	13.57	-0.23
1.619	13.58	-0.24
1.618	13.58	-0.23
1.618	13.59	-0.24
1.618	13.60	-0.23
1.617	13.60	-0.23
1.617	13.59	-0.24
1.617	13.59	-0.23
1.617	13.60	-0.23
1.617	13.60	-0.24
1.617	13.60	-0.23
1.616	13.61	-0.23
1.616	13.61	-0.24
1.616	13.61	-0.23
1.616	13.62	-0.23
1.615	13.62	-0.23
1.615	13.62	-0.23
1.615	13.62	-0.23
1.614	13.62	-0.23
1.614	13.63	-0.23
1.614	13.63	-0.23
1.614	13.63	-0.23
1.614	13.63	-0.23
1.614	13.63	-0.23
1.613	13.63	-0.23
1.613	13.63	-0.23
1.613	13.63	-0.23
1.613	13.63	-0.23
1.613	13.63	-0.23
1.613	13.63	-0.23
1.612	13.64	-0.23
1.612	13.65	-0.23
1.611	13.65	-0.23
1.611	13.66	-0.23
1.610	13.66	-0.23
1.610	13.67	-0.23
1.609	13.68	-0.23
1.608	13.70	-0.23
1.607	13.70	-0.23
1.607	13.71	-0.23
1.606	13.70	-0.23
1.606	13.71	-0.23
1.606	13.71	-0.23
1.605	13.72	-0.23
1.605	13.72	-0.23
1.605	13.73	-0.23
1.604	13.73	-0.23
1.604	13.74	-0.23
1.604	13.74	-0.23
1.603	13.75	-0.23
1.602	13.76	-0.23
1.602	13.76	-0.23
1.602	13.77	-0.23
1.602	13.76	-0.23
1.601	13.77	-0.23
1.601	13.77	-0.23
1.601	13.78	-0.23
1.600	13.78	-0.23
1.600	13.79	-0.23
1.599	13.80	-0.23
1.599	13.80	-0.23
1.598	13.83	-0.23
1.598	13.80	-0.23
1.598	13.80	-0.23
1.598	13.81	-0.23
1.597	13.81	-0.23
1.597	13.81	-0.23
1.597	13.82	-0.23
1.596	13.82	-0.23
1.596	13.83	-0.23
1.596	13.83	-0.23
1.596	13.84	-0.23
1.595	13.84	-0.23
1.595	14.20	-0.23
1.594	14.35	-0.23
1.594	13.86	-0.23
1.593	13.86	-0.23
1.593	13.87	-0.23
1.593	13.87	-0.23
1.593	13.87	-0.23
1.592	13.87	-0.23
1.592	13.88	-0.23
1.592	13.88	-0.23
1.592	13.88	-0.23
1.592	13.88	-0.23
1.592	13.88	-0.23
1.591	13.88	-0.23
1.591	13.88	-0.23
1.591	13.88	-0.23
1.590	13.89	-0.23
1.590	13.89	-0.23
1.590	13.89	-0.23
1.590	13.89	-0.23
1.590	13.89	-0.23
1.589	13.90	-0.23
1.589	13.89	-0.23
1.589	13.90	-0.23
1.589	13.89	-0.23
1.588	13.89	-0.23
1.588	13.90	-0.23
1.588	13.90	-0.23
1.587	13.90	-0.23
1.587	13.90	-0.23
1.587	13.90	-0.23
1.587	13.90	-0.23
1.586	13.90	-0.23
1.586	13.91	-0.23
1.585	13.92	-0.23
1.585	13.92	-0.23
1.584	13.93	-0.23
1.584	13.93	-0.23
1.584	13.93	-0.23
1.584	13.93	-0.23
1.583	13.93	-0.23
1.583	13.93	-0.23
1.583	13.93	-0.23
1.583	13.93	-0.23
1.582	13.93	-0.23
1.582	13.93	-0.23
1.582	13.94	-0.23
1.582	13.94	-0.23
1.581	13.94	-0.23
1.581	13.94	-0.23
1.581	13.94	-0.23
1.580	13.94	-0.23
1.580	13.95	-0.23
1.579	13.96	-0.23
1.579	13.96	-0.23
1.578	13.96	-0.23
1.578	13.97	-0.23
1.577	13.96	-0.23
1.577	13.98	-0.23
1.575	13.99	-0.23
1.574	13.99	-0.23
1.574	13.99	-0.23
1.573	13.99	-0.23
1.572	14.01	-0.23
1.572	14.01	-0.23
1.571	14.01	-0.23
1.571	14.01	-0.23
1.571	14.01	-0.23
1.571	14.02	-0.23
1.571	14.02	-0.23
1.571	14.03	-0.23
1.571	14.03	-0.23
1.571	14.03	-0.23
1.571	14.03	-0.23
1.571	14.02	-0.23
1.572	14.03	-0.23
1.572	14.03	-0.23
1.571	14.04	-0.23
1.571	14.04	-0.23
1.571	14.05	-0.23
1.570	14.05	-0.23
1.570	14.05	-0.23
1.570	14.05	-0.23
1.570	14.06	-0.23
1.569	14.06	-0.23
1.569	14.07	-0.23
1.569	14.07	-0.23
1.568	14.07	-0.23
1.568	14.08	-0.23
1.567	14.08	-0.23
1.567	14.08	-0.23
1.567	14.09	-0.23
1.566	14.08	-0.23
1.566	14.10	-0.23
1.565	14.10	-0.23
1.565	14.10	-0.23
1.565	14.10	-0.23
1.564	14.10	-0.23
1.564	14.10	-0.23
1.564	14.10	-0.23
1.563	14.11	-0.23
1.563	14.11	-0.23
1.562	14.11	-0.23
1.562	14.12	-0.23
1.562	14.12	-0.23
1.562	14.13	-0.23
1.561	14.12	-0.23
1.561	14.13	-0.23
1.561	14.13	-0.23
1.561	14.13	-0.23
1.560	14.14	-0.23
1.560	14.14	-0.23
1.560	14.14	-0.23
1.559	14.14	-0.23
1.559	14.15	-0.23
1.559	14.15	-0.23
1.558	14.16	-0.23
1.558	14.16	-0.23
1.558	14.17	-0.23
1.557	14.18	-0.23
1.557	14.18	-0.23
1.556	14.20	-0.23
1.556	14.20	-0.23
1.555	14.21	-0.23
1.555	14.17	-0.23
1.554	14.19	-0.23
1.553	14.23	-0.23
1.553	14.23	-0.23
1.551	14.24	-0.23
1.551	14.25	-0.23
1.550	14.25	-0.23
1.550	14.25	-0.23
1.550	14.25	-0.23
1.550	14.26	-0.23
1.549	14.26	-0.23
1.549	14.27	-0.23
1.548	14.28	-0.23
1.548	14.29	-0.23
1.548	14.29	-0.23
1.547	14.29	-0.23
1.547	14.29	-0.23
1.547	14.30	-0.23
1.547	14.30	-0.23
1.547	14.30	-0.23
1.547	14.30	-0.23
1.546	14.31	-0.23
1.546	14.31	-0.23
1.546	14.31	-0.23
1.546	14.31	-0.23
1.546	14.31	-0.23
1.546	14.32	-0.23
1.546	14.32	-0.23
1.545	14.32	-0.23
1.545	14.33	-0.23
1.545	14.32	-0.23
1.544	14.33	-0.23
1.544	14.33	-0.23
1.544	14.33	-0.23
1.543	14.33	-0.23
1.543	14.34	-0.23
1.543	14.34	-0.23
1.543	14.34	-0.23
1.542	14.35	-0.23
1.542	14.34	-0.23
1.542	14.34	-0.23
1.541	14.35	-0.23
1.541	14.35	-0.23
1.541	14.35	-0.23
1.541	14.35	-0.23
1.540	14.35	-0.23
1.540	14.36	-0.23
1.540	14.36	-0.23
1.540	14.36	-0.23
1.540	14.37	-0.23
1.540	14.37	-0.23
1.539	14.37	-0.23
1.539	14.37	-0.23
1.539	14.37	-0.23
1.539	14.37	-0.23
1.539	14.37	-0.23
1.539	14.37	-0.23
1.538	14.38	-0.23
1.538	14.37	-0.23
1.538	14.38	-0.23
1.538	14.38	-0.23
1.537	14.38	-0.23
1.537	14.38	-0.23
1.537	14.39	-0.23
1.537	14.39	-0.23
1.536	14.39	-0.23
1.536	14.39	-0.23
1.536	14.40	-0.23
1.536	14.40	-0.23
1.536	14.39	-0.23
1.535	14.40	-0.23
1.535	14.40	-0.23
1.535	14.40	-0.23
1.535	14.40	-0.23
1.534	14.40	-0.23
1.534	14.41	-0.23
1.534	14.40	-0.23
1.534	14.41	-0.23
1.533	14.41	-0.23
1.533	14.41	-0.23
1.532	14.41	-0.23
1.532	14.42	-0.23
1.532	14.42	-0.23
1.532	14.42	-0.23
1.531	14.42	-0.23
1.531	14.42	-0.23
1.531	14.43	-0.23
1.530	14.43	-0.23
1.530	14.43	-0.23
1.530	14.43	-0.23
1.530	14.43	-0.23
1.530	14.43	-0.23
1.529	14.44	-0.23
1.529	14.45	-0.23
1.528	14.46	-0.23
1.527	14.47	-0.23
1.526	14.47	-0.23
1.525	14.48	-0.23
1.525	14.49	-0.23
1.525	14.49	-0.23
1.524	14.49	-0.23
1.524	14.50	-0.23
1.524	14.50	-0.23
1.523	14.51	-0.23
1.523	14.51	-0.23
1.522	14.51	-0.23
1.522	14.52	-0.23
1.522	14.51	-0.23
1.521	14.52	-0.23
1.521	14.52	-0.23
1.520	14.53	-0.23
1.520	14.55	-0.23
1.519	14.55	-0.23
1.519	14.55	-0.23
1.518	14.55	-0.23
1.518	14.55	-0.23
1.518	14.55	-0.23
1.517	14.56	-0.23
1.516	14.57	-0.23
1.516	14.58	-0.23
1.516	14.59	-0.23
1.515	14.59	-0.23
1.515	14.59	-0.23
1.515	14.59	-0.23
1.514	14.60	-0.23
1.514	14.60	-0.23
1.514	14.60	-0.23
1.513	14.61	-0.23
1.513	14.62	-0.23
1.512	14.62	-0.23
1.512	14.63	-0.23
1.511	14.61	-0.23
1.510	14.64	-0.23
1.510	14.65	-0.23
1.509	14.66	-0.23
1.509	14.67	-0.23
1.508	14.67	-0.23
1.508	14.67	-0.23
1.508	14.69	-0.23
1.507	14.69	-0.23
1.507	14.69	-0.23
1.506	14.70	-0.23
1.506	14.71	-0.23
1.505	14.71	-0.23
1.504	14.72	-0.23
1.504	14.72	-0.23
1.503	14.73	-0.23
1.503	14.73	-0.23
1.503	14.74	-0.23
1.502	14.74	-0.23
1.502	14.75	-0.23
1.502	14.74	-0.23
1.502	14.75	-0.23
1.502	14.75	-0.23
1.502	14.75	-0.23
1.502	14.75	-0.23
1.502	14.76	-0.23
1.501	14.76	-0.23
1.501	14.77	-0.23
1.500	14.78	-0.23
1.500	14.79	-0.23
1.499	14.79	-0.23
1.499	14.80	-0.23
1.498	14.80	-0.23
1.498	14.80	-0.23
1.498	14.80	-0.23
1.498	14.80	-0.23
1.498	14.81	-0.23
1.497	14.80	-0.23
1.497	14.80	-0.23
1.497	14.81	-0.23
1.496	14.81	-0.23
1.496	14.81	-0.23
1.496	14.82	-0.23
1.496	14.82	-0.23
1.496	14.82	-0.23
1.496	14.83	-0.23
1.496	14.83	-0.23
1.496	14.83	-0.23
1.495	14.83	-0.23
1.495	14.83	-0.23
1.495	14.83	-0.23
1.495	14.83	-0.23
1.494	14.84	-0.23
1.494	14.84	-0.23
1.494	14.84	-0.23
1.494	14.84	-0.23
1.494	14.84	-0.23
1.494	14.84	-0.23
1.494	14.83	-0.23
1.494	14.84	-0.23
1.493	14.84	-0.23
1.493	14.84	-0.23
1.493	14.84	-0.23
1.493	14.84	-0.23
1.493	14.84	-0.23
1.493	14.85	-0.23
1.493	14.84	-0.23
1.493	14.85	-0.23
1.493	14.85	-0.23
1.493	14.85	-0.23
1.492	14.85	-0.23
1.492	14.85	-0.23
1.492	14.85	-0.23
1.492	14.85	-0.23
1.492	14.86	-0.23
1.492	14.86	-0.23
1.492	14.86	-0.23
1.492	14.86	-0.23
1.492	14.86	-0.23
1.491	14.86	-0.23
1.491	14.86	-0.23
1.491	14.86	-0.23
1.491	14.86	-0.23
1.491	14.86	-0.23
1.491	14.86	-0.23
1.490	14.86	-0.23
1.490	14.86	-0.23
1.490	14.86	-0.23
1.490	14.86	-0.23
1.490	14.86	-0.23
1.490	14.86	-0.23
1.490	14.87	-0.23
1.490	14.86	-0.23
1.490	14.87	-0.23
1.490	14.86	-0.23
1.490	14.86	-0.23
1.490	14.87	-0.23
1.490	14.87	-0.23
1.490	14.87	-0.23
1.490	14.87	-0.23
1.490	14.87	-0.23
1.490	14.87	-0.23
1.490	14.87	-0.23
1.490	14.87	-0.23
1.490	14.87	-0.23
1.490	14.88	-0.23
1.489	14.88	-0.23
1.489	14.88	-0.23
1.488	14.89	-0.23
1.488	14.89	-0.23
1.488	14.89	-0.23
1.487	14.89	-0.23
1.487	14.89	-0.23
1.487	14.90	-0.23
1.487	14.90	-0.23
1.487	14.90	-0.23
1.487	14.90	-0.23
1.487	14.90	-0.23
1.487	14.90	-0.23
1.486	14.90	-0.23
1.486	14.91	-0.23
1.486	14.91	-0.23
1.486	14.91	-0.23
1.485	14.92	-0.23
1.485	14.92	-0.23
1.485	14.92	-0.23
1.485	14.92	-0.23
1.485	14.92	-0.23
1.485	14.92	-0.23
1.484	14.93	-0.23
1.484	14.93	-0.23
1.484	14.93	-0.23
1.484	14.93	-0.23
1.484	14.93	-0.23
1.484	14.93	-0.23
1.484	14.93	-0.23
1.483	14.94	-0.23
1.483	14.94	-0.23
1.482	14.95	-0.23
1.482	14.95	-0.23
1.482	14.95	-0.23
1.482	14.95	-0.23
1.482	14.94	-0.23
1.482	14.95	-0.23
1.482	14.94	-0.23
1.482	14.95	-0.23
1.482	14.96	-0.23
1.481	14.96	-0.23
1.481	14.96	-0.23
1.481	14.96	-0.23
1.480	14.96	-0.23
1.480	14.96	-0.23
1.480	14.96	-0.23
1.480	14.96	-0.23
1.480	14.96	-0.23
1.480	14.97	-0.23
1.480	14.96	-0.23
1.480	14.96	-0.23
1.480	14.96	-0.23
1.480	14.96	-0.23
1.480	14.96	-0.23
1.480	14.96	-0.23
1.480	14.97	-0.23
1.480	14.97	-0.23
1.480	14.97	-0.23
1.480	14.97	-0.23
1.480	14.97	-0.23
1.480	14.97	-0.23
1.479	14.97	-0.23
1.479	14.98	-0.23
1.479	14.98	-0.23
1.479	14.98	-0.23
1.479	14.98	-0.23
1.479	14.99	-0.23
1.479	14.98	-0.23
1.478	14.99	-0.23
1.478	14.99	-0.23
1.478	14.99	-0.23
1.478	14.99	-0.23
1.478	14.99	-0.23
1.478	14.99	-0.23
1.478	14.99	-0.23
1.478	15.00	-0.23
1.477	15.00	-0.23
1.477	15.00	-0.23
1.477	15.00	-0.23
1.477	15.00	-0.23
1.477	15.00	-0.23
1.477	15.00	-0.23
1.477	15.01	-0.23
1.476	15.01	-0.23
1.476	15.01	-0.23
1.476	15.01	-0.23
1.476	15.01	-0.23
1.475	15.02	-0.23
1.475	15.02	-0.23
1.475	15.02	-0.23
1.475	15.03	-0.23
1.475	15.03	-0.23
1.475	15.03	-0.23
1.475	15.03	-0.23
1.475	15.03	-0.23
1.475	15.04	-0.23
1.475	15.03	-0.23
1.475	15.04	-0.23
1.474	15.04	-0.23
1.474	15.04	-0.23
1.474	15.04	-0.23
1.474	15.04	-0.23
1.473	15.05	-0.23
1.473	15.05	-0.23
1.473	15.06	-0.23
1.472	15.06	-0.23
1.472	15.06	-0.23
1.472	15.07	-0.23
1.471	15.07	-0.23
1.471	15.07	-0.23
1.471	15.07	-0.23
1.470	15.07	-0.23
1.470	15.08	-0.23
1.469	15.09	-0.23
1.469	15.10	-0.23
1.468	15.11	-0.23
1.468	15.11	-0.23
1.468	15.13	-0.23
1.467	15.13	-0.23
1.467	15.12	-0.23
1.466	15.13	-0.23
1.466	15.14	-0.23
1.465	15.15	-0.23
1.465	15.17	-0.23
1.464	15.18	-0.23
1.463	15.19	-0.23
1.463	15.19	-0.23
1.462	15.19	-0.23
1.462	15.19	-0.23
1.462	15.18	-0.23
1.462	15.19	-0.23
1.462	15.19	-0.23
1.462	15.19	-0.23
1.462	15.19	-0.23
1.461	15.20	-0.23
1.461	15.21	-0.23
1.461	15.20	-0.22
1.461	15.21	-0.22
1.461	15.21	-0.23
1.461	15.22	-0.22
1.460	15.22	-0.22
1.460	15.23	-0.22
1.460	15.23	-0.22
1.460	15.23	-0.22
1.460	15.23	-0.22
1.460	15.23	-0.22
1.460	15.24	-0.22
1.460	15.23	-0.22
1.459	15.24	-0.22
1.459	15.24	-0.22
1.459	15.24	-0.22
1.459	15.24	-0.22
1.459	15.24	-0.22
1.459	15.24	-0.22
1.459	15.24	-0.22
1.458	15.25	-0.22
1.458	15.25	-0.22
1.458	15.25	-0.22
1.458	15.25	-0.22
1.457	15.25	-0.22
1.457	15.25	-0.22
1.457	15.25	-0.22
1.457	15.26	-0.22
1.456	15.26	-0.22
1.456	15.26	-0.22
1.456	15.26	-0.22
1.456	15.26	-0.22
1.456	15.27	-0.22
1.455	15.27	-0.22
1.455	15.27	-0.22
1.455	15.28	-0.22
1.455	15.28	-0.22
1.455	15.28	-0.22
1.455	15.28	-0.22
1.455	15.28	-0.22
1.455	15.28	-0.22
1.455	15.28	-0.22
1.455	15.28	-0.22
1.455	15.28	-0.22
1.455	15.28	-0.22
1.455	15.28	-0.22
1.455	15.28	-0.22
1.455	15.28	-0.22
1.455	15.29	-0.22
1.454	15.29	-0.22
1.454	15.29	-0.22
1.454	15.30	-0.22
1.454	15.30	-0.22
1.453	15.30	-0.22
1.453	15.30	-0.22
1.453	15.30	-0.22
1.453	15.30	-0.22
1.453	15.30	-0.22
1.453	15.30	-0.22
1.452	15.31	-0.22
1.452	15.31	-0.22
1.452	15.31	-0.22
1.452	15.31	-0.22
1.452	15.31	-0.22
1.452	15.31	-0.22
1.452	15.32	-0.22
1.451	15.32	-0.22
1.451	15.32	-0.22
1.451	15.32	-0.22
1.451	15.32	-0.22
1.451	15.32	-0.22
1.451	15.32	-0.22
1.451	15.32	-0.22
1.450	15.32	-0.22
1.450	15.33	-0.22
1.450	15.33	-0.22
1.450	15.33	-0.22
1.450	15.33	-0.22
1.450	15.33	-0.22
1.450	15.33	-0.22
1.449	15.33	-0.22
1.449	15.34	-0.22
1.449	15.33	-0.22
1.449	15.34	-0.22
1.449	15.34	-0.22
1.449	15.34	-0.22
1.449	15.34	-0.22
1.449	15.34	-0.22
1.449	15.34	-0.22
1.449	15.34	-0.22
1.449	15.35	-0.22
1.448	15.34	-0.22
1.448	15.34	-0.22
1.448	15.34	-0.22
1.448	15.35	-0.22
1.448	15.35	-0.22
1.448	15.34	-0.22
1.448	15.35	-0.22
1.448	15.35	-0.22
1.448	15.35	-0.22
1.448	15.35	-0.22
1.448	15.34	-0.22
1.448	15.35	-0.22
1.448	15.35	-0.22
1.448	15.35	-0.22
1.448	15.36	-0.22
1.448	15.37	-0.22
1.447	15.36	-0.22
1.447	15.36	-0.22
1.447	15.36	-0.22
1.446	15.37	-0.22
1.446	15.37	-0.22
1.445	15.37	-0.22
1.444	15.38	-0.22
1.444	15.38	-0.22
1.443	15.38	-0.22
1.443	15.39	-0.22
1.443	15.39	-0.22
1.443	15.38	-0.22
1.443	15.39	-0.22
1.443	15.40	-0.22
1.443	15.40	-0.22
1.443	15.40	-0.22
1.442	15.40	-0.22
1.442	15.41	-0.22
1.442	15.41	-0.22
1.442	15.42	-0.22
1.441	15.42	-0.22
1.441	15.42	-0.22
1.441	15.42	-0.22
1.441	15.42	-0.22
1.440	15.42	-0.22
1.440	15.42	-0.22
1.440	15.42	-0.22
1.440	15.42	-0.22
1.440	15.42	-0.22
1.440	15.43	-0.22
1.439	15.44	-0.22
1.439	15.44	-0.22
1.439	15.44	-0.22
1.439	15.44	-0.22
1.438	15.45	-0.22
1.438	15.44	-0.22
1.438	15.44	-0.22
1.438	15.44	-0.22
1.438	15.45	-0.22
1.438	15.45	-0.22
1.438	15.46	-0.22
1.437	15.46	-0.22
1.437	15.47	-0.22
1.437	15.47	-0.22
1.437	15.47	-0.22
1.437	15.47	-0.22
1.437	15.47	-0.22
1.437	15.47	-0.22
1.436	15.48	-0.22
1.436	15.49	-0.22
1.435	15.49	-0.22
1.435	15.49	-0.22
1.434	15.49	-0.22
1.434	15.50	-0.22
1.433	15.50	-0.22
1.433	15.50	-0.22
1.433	15.51	-0.22
1.433	15.51	-0.21
1.433	15.51	-0.22
1.433	15.51	-0.22
1.433	15.51	-0.22
1.433	15.51	-0.22
1.432	15.52	-0.22
1.432	15.52	-0.22
1.432	15.52	-0.22
1.432	15.52	-0.22
1.432	15.52	-0.22
1.431	15.52	-0.22
1.431	15.53	-0.22
1.431	15.53	-0.22
1.430	15.54	-0.22
1.430	15.54	-0.22
1.430	15.54	-0.22
1.429	15.55	-0.22
1.429	15.55	-0.22
1.429	15.55	-0.22
1.429	15.56	-0.22
1.428	15.57	-0.21
1.428	15.57	-0.22
1.428	15.57	-0.22
1.428	15.57	-0.22
1.427	15.58	-0.22
1.427	15.57	-0.22
1.427	15.49	-0.22
1.426	15.44	-0.22
1.426	15.44	-0.22
1.426	15.45	-0.21
1.425	15.49	-0.22
1.425	15.55	-0.21
1.425	15.62	-0.21
1.424	15.62	-0.21
1.424	15.62	-0.22
1.423	15.63	-0.22
1.423	15.63	-0.22
1.423	15.65	-0.21
1.422	15.66	-0.22
1.422	15.67	-0.21
1.421	15.68	-0.22
1.420	15.68	-0.21
1.420	15.68	-0.21
1.419	15.69	-0.22
1.419	15.69	-0.21
1.419	15.69	-0.21
1.419	15.69	-0.21
1.419	15.69	-0.21
1.419	15.70	-0.21
1.418	15.71	-0.22
1.418	15.70	-0.21
1.418	15.71	-0.21
1.418	15.71	-0.21
1.418	15.71	-0.21
1.418	15.71	-0.22
1.418	15.71	-0.21
1.418	15.71	-0.22
1.417	15.71	-0.21
1.417	15.73	-0.21
1.416	15.74	-0.21
1.416	15.74	-0.21
1.415	15.74	-0.21
1.415	15.75	-0.21
1.414	15.75	-0.21
1.414	15.76	-0.21
1.414	15.76	-0.21
1.414	15.77	-0.21
1.413	15.77	-0.21
1.413	15.77	-0.21
1.413	15.77	-0.22
1.413	15.77	-0.22
1.412	15.77	-0.22
1.412	15.77	-0.21
1.412	15.78	-0.21
1.412	15.78	-0.21
1.411	15.78	-0.21
1.411	15.79	-0.21
1.411	15.79	-0.21
1.410	15.79	-0.21
1.410	15.79	-0.22
1.410	15.79	-0.21
1.410	15.79	-0.21
1.410	15.79	-0.21
1.410	15.79	-0.21
1.409	15.80	-0.21
1.409	15.80	-0.21
1.409	15.80	-0.21
1.409	15.80	-0.21
1.409	15.80	-0.21
1.409	15.80	-0.21
1.409	15.80	-0.21
1.409	15.80	-0.21
1.409	15.80	-0.21
1.409	15.80	-0.21
1.409	15.80	-0.21
1.409	15.80	-0.21
1.409	15.80	-0.21
1.409	15.80	-0.21
1.409	15.80	-0.21
1.409	15.80	-0.21
1.409	15.80	-0.21
1.409	15.80	-0.21
1.410	15.80	-0.21
1.410	15.80	-0.21
1.410	15.80	-0.22
1.410	15.80	-0.21
1.410	15.80	-0.21
1.410	15.80	-0.21
1.410	15.80	-0.21
1.410	15.80	-0.21
1.410	15.80	-0.21
1.410	15.80	-0.21
1.410	15.80	-0.21
1.410	15.80	-0.21
1.410	15.80	-0.21
1.410	15.80	-0.21
1.410	15.81	-0.21
1.410	15.81	-0.21
1.410	15.81	-0.21
1.410	15.82	-0.21
1.410	15.82	-0.22
1.410	15.82	-0.21
1.410	15.82	-0.21
1.409	15.82	-0.21
1.409	15.82	-0.21
1.409	15.82	-0.21
1.409	15.82	-0.21
1.408	15.82	-0.21
1.408	15.83	-0.21
1.408	15.82	-0.21
1.408	15.83	-0.21
1.407	15.83	-0.21
1.407	15.83	-0.21
1.407	15.83	-0.21
1.407	15.83	-0.21
1.407	15.83	-0.21
1.407	15.83	-0.21
1.407	15.83	-0.21
1.406	15.83	-0.21
1.406	15.84	-0.21
1.406	15.84	-0.21
1.406	15.84	-0.21
1.406	15.84	-0.21
1.406	15.84	-0.21
1.405	15.85	-0.21
1.405	15.85	-0.21
1.405	15.85	-0.21
1.405	15.86	-0.21
1.405	15.86	-0.21
1.404	15.86	-0.21
1.404	15.86	-0.21
1.404	15.87	-0.21
1.404	15.86	-0.21
1.404	15.86	-0.21
1.404	15.87	-0.21
1.404	15.86	-0.22
1.404	15.87	-0.21
1.403	15.87	-0.21
1.403	15.87	-0.21
1.403	15.87	-0.21
1.403	15.88	-0.21
1.402	15.88	-0.21
1.402	15.75	-0.21
1.402	15.89	-0.21
1.402	15.78	-0.21
1.402	15.69	-0.21
1.402	15.74	-0.21
1.402	15.81	-0.21
1.401	15.83	-0.21
1.401	15.82	-0.21
1.401	15.87	-0.22
1.401	15.89	-0.21
1.401	15.89	-0.21
1.401	15.89	-0.21
1.401	15.89	-0.21
1.401	15.89	-0.21
1.401	15.89	-0.21
1.401	15.90	-0.21
1.401	15.90	-0.21
1.400	15.90	-0.21
1.400	15.90	-0.21
1.400	15.90	-0.21
1.400	15.90	-0.21
1.400	15.90	-0.21
1.400	15.90	-0.21
1.400	15.91	-0.21
1.400	15.91	-0.21
1.400	15.91	-0.21
1.400	15.91	-0.22
1.400	15.91	-0.21
1.400	15.91	-0.21
1.400	15.91	-0.21
1.400	15.91	-0.21
1.400	15.91	-0.21
1.400	15.91	-0.21
1.400	15.91	-0.21
1.400	15.91	-0.21
1.400	15.91	-0.21
1.400	15.91	-0.21
1.400	15.91	-0.21
1.400	15.92	-0.21
1.400	15.91	-0.21
1.400	15.91	-0.21
1.400	15.92	-0.21
1.400	15.91	-0.21
1.400	15.91	-0.21
1.400	15.92	-0.21
1.399	15.92	-0.21
1.399	15.93	-0.21
1.398	15.93	-0.21
1.398	15.94	-0.21
1.398	15.94	-0.21
1.398	15.94	-0.21
1.397	15.95	-0.21
1.397	15.96	-0.21
1.396	15.96	-0.21
1.396	15.96	-0.21
1.396	15.97	-0.21
1.395	15.96	-0.21
1.395	15.97	-0.21
1.395	15.97	-0.21
1.395	15.98	-0.21
1.395	15.98	-0.21
1.395	15.98	-0.21
1.395	15.98	-0.21
1.394	15.98	-0.21
1.394	15.99	-0.21
1.394	15.99	-0.21
1.394	15.99	-0.21
1.394	15.99	-0.21
1.393	15.99	-0.21
1.393	15.99	-0.21
1.393	16.00	-0.21
1.393	16.00	-0.21
1.393	16.00	-0.21
1.393	16.00	-0.21
1.392	16.00	-0.21
1.392	16.00	-0.21
1.392	16.00	-0.21
1.392	16.01	-0.21
1.391	16.01	-0.21
1.391	16.02	-0.21
1.391	16.02	-0.21
1.391	16.02	-0.21
1.391	16.02	-0.21
1.391	16.02	-0.21
1.391	16.02	-0.21
1.390	16.02	-0.21
1.390	16.02	-0.21
1.390	16.02	-0.21
1.390	16.02	-0.21
1.390	16.03	-0.21
1.390	16.03	-0.21
1.390	16.03	-0.21
1.389	16.04	-0.21
1.389	16.05	-0.21
1.389	16.05	-0.21
1.389	16.05	-0.21
1.389	16.05	-0.21
1.389	16.05	-0.21
1.389	16.04	-0.21
1.389	16.04	-0.21
1.388	16.05	-0.21
1.388	16.06	-0.21
1.388	16.06	-0.21
1.388	16.06	-0.21
1.388	16.06	-0.21
1.388	16.06	-0.21
1.387	16.06	-0.21
1.387	16.06	-0.21
1.387	16.06	-0.21
1.387	16.06	-0.21
1.387	16.07	-0.21
1.387	16.07	-0.21
1.387	16.07	-0.21
1.387	16.07	-0.21
1.387	16.07	-0.21
1.387	16.07	-0.21
1.387	16.07	-0.21
1.387	16.07	-0.21
1.387	16.07	-0.21
1.387	16.07	-0.21
1.387	16.08	-0.21
1.386	16.08	-0.21
1.386	16.09	-0.21
1.386	16.09	-0.21
1.385	16.11	-0.21
1.385	16.11	-0.21
1.384	16.12	-0.21
1.384	16.13	-0.21
1.384	16.13	-0.21
1.383	16.14	-0.21
1.383	16.14	-0.21
1.383	16.15	-0.21
1.382	16.15	-0.21
1.382	16.16	-0.21
1.382	16.16	-0.21
1.381	16.16	-0.21
1.381	16.16	-0.21
1.381	16.17	-0.21
1.381	16.17	-0.21
1.381	16.18	-0.21
1.381	16.18	-0.21
1.380	16.18	-0.21
1.380	16.18	-0.21
1.380	16.18	-0.21
1.380	16.18	-0.21
1.380	16.18	-0.21
1.380	16.18	-0.21
1.380	16.18	-0.21
1.380	16.18	-0.21
1.380	16.19	-0.21
1.379	16.19	-0.21
1.379	16.19	-0.21
1.379	16.19	-0.21
1.379	16.19	-0.21
1.379	16.20	-0.21
1.379	16.20	-0.21
1.379	16.20	-0.21
1.379	16.20	-0.21
1.378	16.20	-0.21
1.378	16.21	-0.21
1.378	16.21	-0.21
1.378	16.21	-0.21
1.378	16.20	-0.21
1.378	16.21	-0.21
1.378	16.21	-0.21
1.377	16.22	-0.21
1.377	16.22	-0.21
1.377	16.22	-0.21
1.377	16.23	-0.21
1.376	16.24	-0.21
1.376	16.25	-0.21
1.376	16.25	-0.21
1.376	16.25	-0.21
1.376	16.25	-0.21
1.375	16.26	-0.21
1.375	16.25	-0.21
1.375	16.26	-0.21
1.375	16.26	-0.21
1.375	16.26	-0.21
1.374	16.26	-0.21
1.374	16.26	-0.21
1.374	16.26	-0.21
1.374	16.26	-0.21
1.374	16.27	-0.21
1.374	16.27	-0.21
1.373	16.27	-0.21
1.373	16.27	-0.20
1.373	16.27	-0.20
1.373	16.28	-0.21
1.373	16.28	-0.21
1.373	16.28	-0.21
1.373	16.28	-0.20
1.373	16.28	-0.20
1.373	16.28	-0.20
1.372	16.28	-0.20
1.372	16.28	-0.20
1.372	16.28	-0.20
1.372	16.28	-0.20
1.372	16.29	-0.20
1.372	16.29	-0.20
1.371	16.29	-0.20
1.371	16.29	-0.20
1.371	16.29	-0.20
1.371	16.30	-0.20
1.370	16.30	-0.20
1.370	16.30	-0.20
1.370	16.31	-0.20
1.370	16.30	-0.20
1.370	16.31	-0.20
1.370	16.31	-0.20
1.370	16.31	-0.20
1.370	16.31	-0.20
1.369	16.31	-0.20
1.369	16.31	-0.20
1.369	16.31	-0.20
1.369	16.31	-0.20
1.369	16.31	-0.20
1.369	16.31	-0.20
1.369	16.31	-0.20
1.369	16.32	-0.20
1.369	16.32	-0.20
1.369	16.32	-0.20
1.369	16.32	-0.20
1.368	16.32	-0.20
1.368	16.32	-0.20
1.368	16.32	-0.20
1.368	16.32	-0.20
1.368	16.32	-0.20
1.368	16.32	-0.20
1.368	16.32	-0.20
1.367	16.32	-0.20
1.367	16.33	-0.20
1.367	16.33	-0.20
1.367	16.33	-0.20
1.367	16.33	-0.20
1.367	16.34	-0.20
1.367	16.34	-0.20
1.366	16.34	-0.20
1.366	16.34	-0.20
1.366	16.34	-0.20
1.365	16.34	-0.20
1.365	16.34	-0.20
1.365	16.35	-0.20
1.365	16.35	-0.20
1.364	16.36	-0.20
1.364	16.36	-0.20
1.364	16.36	-0.20
1.364	16.36	-0.20
1.364	16.36	-0.20
1.364	16.36	-0.20
1.364	16.36	-0.20
1.364	16.36	-0.20
1.364	16.36	-0.20
1.364	16.36	-0.20
1.364	16.36	-0.20
1.364	16.36	-0.20
1.364	16.37	-0.20
1.364	16.37	-0.20
1.364	16.37	-0.20
1.364	16.37	-0.20
1.364	16.38	-0.20
1.363	16.38	-0.20
1.363	16.38	-0.20
1.363	16.38	-0.20
1.363	16.38	-0.20
1.362	16.38	-0.20
1.362	16.39	-0.20
1.362	16.39	-0.20
1.362	16.40	-0.20
1.361	16.40	-0.20
1.361	16.40	-0.20
1.361	16.40	-0.20
1.361	16.41	-0.20
1.361	16.41	-0.20
1.360	16.41	-0.20
1.360	16.42	-0.20
1.360	16.42	-0.20
1.360	16.42	-0.20
1.360	16.42	-0.20
1.359	16.42	-0.20
1.359	16.43	-0.20
1.359	16.43	-0.20
1.359	16.43	-0.20
1.359	16.44	-0.20
1.358	16.44	-0.20
1.358	16.44	-0.20
1.358	16.44	-0.20
1.358	16.44	-0.20
1.358	16.44	-0.20
1.358	16.44	-0.20
1.358	16.45	-0.20
1.357	16.45	-0.20
1.357	16.45	-0.20
1.357	16.46	-0.20
1.357	16.46	-0.20
1.357	16.46	-0.20
1.356	16.46	-0.20
1.356	16.47	-0.20
1.356	16.48	-0.20
1.355	16.48	-0.20
1.355	16.48	-0.20
1.355	16.48	-0.20
1.355	16.48	-0.20
1.355	16.49	-0.20
1.354	16.49	-0.20
1.354	16.49	-0.20
1.354	16.50	-0.20
1.354	16.50	-0.20
1.353	16.50	-0.20
1.353	16.50	-0.20
1.353	16.50	-0.20
1.353	16.50	-0.20
1.353	16.50	-0.20
1.353	16.50	-0.20
1.353	16.50	-0.20
1.353	16.50	-0.20
1.353	16.51	-0.20
1.352	16.52	-0.20
1.352	16.53	-0.20
1.352	16.54	-0.20
1.351	16.55	-0.20
1.351	16.56	-0.20
1.350	16.56	-0.20
1.349	16.57	-0.20
1.349	16.56	-0.20
1.349	16.57	-0.20
1.349	16.57	-0.20
1.349	16.57	-0.20
1.348	16.57	-0.20
1.348	16.57	-0.20
1.348	16.58	-0.20
1.348	16.58	-0.20
1.348	16.58	-0.20
1.348	16.58	-0.20
1.348	16.58	-0.20
1.348	16.58	-0.20
1.348	16.58	-0.20
1.348	16.58	-0.20
1.348	16.59	-0.20
1.347	16.62	-0.20
1.346	16.63	-0.20
1.345	16.64	-0.20
1.344	16.64	-0.20
1.343	16.64	-0.20
1.343	16.65	-0.20
1.343	16.65	-0.20
1.343	16.65	-0.20
1.343	16.66	-0.20
1.343	16.66	-0.20
1.342	16.67	-0.20
1.342	16.68	-0.20
1.342	16.68	-0.20
1.341	16.69	-0.20
1.341	16.69	-0.20
1.341	16.69	-0.20
1.341	16.69	-0.20
1.341	16.69	-0.20
1.341	16.69	-0.20
1.341	16.69	-0.20
1.340	16.69	-0.20
1.340	16.70	-0.20
1.340	16.70	-0.20
1.340	16.70	-0.20
1.340	16.70	-0.20
1.340	16.70	-0.20
1.340	16.70	-0.20
1.340	16.70	-0.20
1.340	16.70	-0.20
1.340	16.71	-0.20
1.340	16.71	-0.20
1.339	16.71	-0.20
1.339	16.72	-0.21
1.339	16.72	-0.21
1.339	16.72	-0.21
1.339	16.72	-0.21
1.338	16.72	-0.21
1.338	16.72	-0.21
1.338	16.72	-0.21
1.338	16.73	-0.21
1.338	16.73	-0.21
1.338	16.73	-0.21
1.337	16.73	-0.21
1.337	16.73	-0.21
1.337	16.73	-0.21
1.337	16.73	-0.21
1.337	16.73	-0.21
1.337	16.73	-0.21
1.337	16.73	-0.21
1.337	16.73	-0.21
1.337	16.74	-0.21
1.336	16.74	-0.21
1.336	16.67	-0.21
1.336	16.73	-0.21
1.336	16.71	-0.21
1.336	16.72	-0.21
1.336	16.73	-0.21
1.335	16.74	-0.21
1.335	16.72	-0.21
1.335	16.73	-0.21
1.335	16.75	-0.21
1.335	16.75	-0.21
1.335	16.75	-0.21
1.335	16.75	-0.21
1.335	16.76	-0.21
1.335	16.76	-0.21
1.334	16.76	-0.21
1.334	16.77	-0.21
1.334	16.77	-0.21
1.334	16.77	-0.21
1.334	16.77	-0.21
1.334	16.77	-0.21
1.334	16.77	-0.21
1.333	16.77	-0.21
1.333	16.77	-0.21
1.333	16.77	-0.21
1.333	16.78	-0.21
1.332	16.78	-0.21
1.332	16.78	-0.21
1.332	16.78	-0.22
1.332	16.79	-0.22
1.331	16.79	-0.22
1.331	16.79	-0.22
1.331	16.79	-0.22
1.331	16.79	-0.22
1.331	16.79	-0.22
1.331	16.79	-0.22
1.331	16.79	-0.22
1.331	16.79	-0.22
1.331	16.79	-0.22
1.331	16.79	-0.22
1.331	16.79	-0.22
1.331	16.79	-0.22
1.331	16.79	-0.22
1.331	16.80	-0.22
1.331	16.79	-0.22
1.331	16.79	-0.22
1.331	16.79	-0.22
1.331	16.79	-0.22
1.331	16.79	-0.22
1.331	16.79	-0.22
1.331	16.79	-0.22
1.332	16.79	-0.22
1.332	16.79	-0.22
1.331	16.79	-0.22
1.332	16.79	-0.22
1.332	16.79	-0.22
1.331	16.79	-0.22
1.331	16.80	-0.22
1.331	16.80	-0.22
1.331	16.80	-0.22
1.331	16.80	-0.22
1.331	16.80	-0.22
1.331	16.81	-0.22
1.331	16.81	-0.22
1.331	16.81	-0.22
1.331	16.81	-0.22
1.330	16.82	-0.22
1.330	16.83	-0.22
1.329	16.83	-0.22
1.329	16.84	-0.22
1.328	16.85	-0.22
1.327	16.86	-0.22
1.327	16.87	-0.22
1.326	16.87	-0.22
1.325	16.88	-0.22
1.325	16.88	-0.22
1.325	16.88	-0.22
1.325	16.88	-0.23
1.324	16.89	-0.23
1.324	16.89	-0.23
1.324	16.90	-0.23
1.323	16.90	-0.23
1.323	16.90	-0.23
1.323	16.90	-0.23
1.323	16.91	-0.23
1.323	16.91	-0.23
1.323	16.91	-0.23
1.323	16.91	-0.23
1.322	16.91	-0.23
1.322	16.92	-0.23
1.322	16.91	-0.23
1.322	16.92	-0.23
1.322	16.92	-0.23
1.322	16.92	-0.23
1.322	16.93	-0.23
1.321	16.94	-0.23
1.321	16.95	-0.23
1.321	16.95	-0.23
1.320	16.96	-0.23
1.320	16.96	-0.23
1.320	16.96	-0.23
1.319	16.97	-0.23
1.319	16.97	-0.23
1.319	16.97	-0.23
1.318	16.97	-0.23
1.318	16.97	-0.23
1.318	16.98	-0.23
1.317	16.98	-0.23
1.317	16.99	-0.23
1.317	16.99	-0.23
1.316	17.00	-0.23
1.316	17.00	-0.23
1.316	17.02	-0.23
1.315	17.03	-0.23
1.315	17.03	-0.23
1.315	17.04	-0.23
1.314	17.04	-0.23
1.314	17.04	-0.23
1.314	17.05	-0.23
1.313	17.05	-0.23
1.313	17.06	-0.23
1.313	17.06	-0.23
1.313	17.06	-0.23
1.312	17.06	-0.23
1.312	17.07	-0.23
1.312	17.09	-0.23
1.311	17.09	-0.23
1.311	17.11	-0.23
1.310	17.11	-0.23
1.310	17.11	-0.23
1.309	17.12	-0.23
1.309	17.12	-0.23
1.309	17.12	-0.23
1.309	17.12	-0.23
1.308	17.13	-0.23
1.308	17.13	-0.23
1.308	17.13	-0.23
1.308	17.13	-0.23
1.308	17.14	-0.23
1.308	17.14	-0.23
1.308	17.15	-0.23
1.307	17.15	-0.23
1.307	17.15	-0.23
1.307	17.16	-0.23
1.306	17.16	-0.23
1.306	17.17	-0.23
1.306	17.17	-0.23
1.305	17.17	-0.23
1.305	17.18	-0.23
1.305	17.18	-0.23
1.305	17.18	-0.23
1.304	17.18	-0.23
1.304	17.19	-0.23
1.304	17.19	-0.23
1.304	17.20	-0.23
1.303	17.20	-0.23
1.303	17.21	-0.23
1.303	17.21	-0.23
1.303	17.21	-0.23
1.303	17.21	-0.23
1.302	17.21	-0.23
1.302	17.22	-0.23
1.302	17.22	-0.23
1.302	17.22	-0.23
1.302	17.22	-0.23
1.301	17.23	-0.23
1.301	17.23	-0.23
1.301	17.23	-0.23
1.300	17.23	-0.23
1.300	17.24	-0.23
1.300	17.24	-0.23
1.300	17.24	-0.23
1.300	17.24	-0.23
1.299	17.24	-0.23
1.299	17.24	-0.23
1.299	17.25	-0.23
1.299	17.25	-0.23
1.299	17.25	-0.23
1.298	17.25	-0.23
1.298	17.25	-0.23
1.298	17.26	-0.23
1.298	17.26	-0.23
1.297	17.27	-0.23
1.297	17.27	-0.23
1.297	17.24	-0.23
1.296	17.26	-0.23
1.296	17.28	-0.23
1.296	17.28	-0.23
1.295	17.29	-0.23
1.295	17.29	-0.23
1.294	17.30	-0.23
1.294	17.30	-0.23
1.293	17.31	-0.23
1.293	17.31	-0.23
1.293	17.31	-0.23
1.293	17.32	-0.23
1.292	17.33	-0.23
1.292	17.33	-0.23
1.292	17.33	-0.23
1.291	17.34	-0.23
1.291	17.35	-0.23
1.291	17.36	-0.23
1.290	17.37	-0.23
1.290	17.37	-0.23
1.290	17.38	-0.23
1.289	17.38	-0.23
1.289	17.39	-0.23
1.289	17.39	-0.23
1.288	17.39	-0.23
1.288	17.40	-0.23
1.288	17.40	-0.23
1.288	17.40	-0.23
1.287	17.41	-0.23
1.287	17.41	-0.23
1.287	17.42	-0.23
1.287	17.42	-0.23
1.287	17.42	-0.23
1.287	17.43	-0.23
1.286	17.43	-0.23
1.286	17.43	-0.23
1.285	17.44	-0.23
1.285	17.45	-0.23
1.284	17.45	-0.24
1.284	17.45	-0.23
1.284	17.46	-0.23
1.284	17.46	-0.23
1.284	17.47	-0.23
1.283	17.48	-0.24
1.283	17.48	-0.24
1.282	17.49	-0.23
1.282	17.49	-0.24
1.282	17.50	-0.24
1.281	17.50	-0.24
1.281	17.50	-0.24
1.281	17.51	-0.24
1.281	17.52	-0.23
1.281	17.52	-0.24
1.281	17.53	-0.24
1.280	17.54	-0.24
1.280	17.54	-0.23
1.279	17.50	-0.24
1.279	17.54	-0.24
1.278	17.57	-0.24
1.277	17.59	-0.24
1.276	17.60	-0.24
1.275	17.60	-0.24
1.275	17.60	-0.23
1.275	17.60	-0.24
1.275	17.60	-0.24
1.275	17.60	-0.24
1.275	17.60	-0.23
1.275	17.60	-0.24
1.275	17.61	-0.24
1.275	17.61	-0.24
1.275	17.61	-0.24
1.275	17.62	-0.23
1.275	17.62	-0.24
1.275	17.62	-0.24
1.274	17.62	-0.24
1.274	17.63	-0.24
1.274	17.64	-0.24
1.274	17.64	-0.24
1.273	17.64	-0.24
1.273	17.65	-0.24
1.273	17.65	-0.24
1.272	17.66	-0.24
1.272	17.66	-0.24
1.272	17.66	-0.24
1.272	17.66	-0.24
1.271	17.67	-0.24
1.271	17.67	-0.24
1.271	17.68	-0.24
1.270	17.69	-0.24
1.270	17.69	-0.24
1.269	17.69	-0.24
1.269	17.69	-0.24
1.269	17.69	-0.24
1.269	17.70	-0.24
1.268	17.70	-0.24
1.268	17.70	-0.24
1.268	17.70	-0.24
1.268	17.71	-0.24
1.268	17.71	-0.24
1.267	17.71	-0.24
1.267	17.71	-0.24
1.267	17.71	-0.24
1.267	17.71	-0.24
1.266	17.72	-0.24
1.266	17.72	-0.24
1.266	17.72	-0.24
1.266	17.73	-0.24
1.265	17.73	-0.24
1.265	17.74	-0.24
1.265	17.74	-0.24
1.264	17.70	-0.24
1.264	17.73	-0.24
1.263	17.74	-0.24
1.263	17.75	-0.24
1.263	17.74	-0.24
1.262	17.77	-0.24
1.262	17.79	-0.24
1.261	17.80	-0.24
1.261	17.79	-0.24
1.261	17.78	-0.24
1.261	17.78	-0.23
1.260	17.79	-0.24
1.260	17.79	-0.24
1.260	17.79	-0.24
1.260	17.79	-0.24
1.260	17.79	-0.24
1.260	17.80	-0.24
1.260	17.80	-0.24
1.260	17.81	-0.24
1.260	17.81	-0.24
1.259	17.82	-0.24
1.259	17.83	-0.24
1.259	17.83	-0.23
1.258	17.84	-0.23
1.258	17.84	-0.23
1.257	17.85	-0.24
1.257	17.85	-0.23
1.256	17.86	-0.24
1.256	17.88	-0.23
1.256	17.89	-0.23
1.256	17.90	-0.24
1.256	17.90	-0.24
1.255	17.91	-0.24
1.255	17.93	-0.23
1.255	17.94	-0.23
1.255	17.96	-0.24
1.254	17.98	-0.24
1.254	17.99	-0.24
1.253	17.99	-0.24
1.253	17.99	-0.24
1.253	17.99	-0.24
1.253	18.00	-0.24
1.252	17.99	-0.23
1.252	17.99	-0.24
1.252	17.98	-0.24
1.251	17.99	-0.24
1.251	17.99	-0.24
1.250	18.00	-0.24
1.250	18.00	-0.24
1.250	18.00	-0.24
1.249	17.99	-0.23
1.249	17.99	-0.24
1.248	17.99	-0.24
1.248	17.99	-0.24
1.247	17.99	-0.24
1.247	17.99	-0.24
1.247	18.00	-0.24
1.247	18.00	-0.24
1.246	18.01	-0.24
1.245	18.03	-0.24
1.244	18.08	-0.24
1.244	18.08	-0.24
1.243	18.08	-0.24
1.243	18.11	-0.24
1.243	18.12	-0.24
1.242	18.13	-0.24
1.242	18.13	-0.24
1.242	18.14	-0.24
1.242	18.15	-0.24
1.242	18.16	-0.24
1.241	18.19	-0.24
1.241	18.18	-0.24
1.240	18.10	-0.24
1.239	18.06	-0.24
1.239	18.02	-0.24
1.239	18.02	-0.24
1.239	18.13	-0.24
1.238	18.16	-0.24
1.238	18.19	-0.24
1.238	18.19	-0.24
1.237	18.20	-0.24
1.237	18.21	-0.24
1.237	18.21	-0.24
1.236	18.23	-0.24
1.236	18.24	-0.24
1.235	18.24	-0.24
1.235	18.25	-0.24
1.235	18.26	-0.24
1.235	18.26	-0.24
1.234	18.26	-0.24
1.234	18.25	-0.24
1.234	18.26	-0.24
1.234	18.27	-0.24
1.233	18.29	-0.24
1.233	18.27	-0.24
1.232	18.23	-0.24
1.232	18.19	-0.24
1.232	18.24	-0.24
1.231	18.23	-0.24
1.231	18.30	-0.24
1.231	18.31	-0.24
1.230	18.31	-0.24
1.229	18.31	-0.24
1.229	18.29	-0.24
1.229	18.31	-0.24
1.228	18.33	-0.24
1.228	18.33	-0.24
1.228	18.34	-0.24
1.227	18.35	-0.24
1.227	18.36	-0.24
1.227	18.36	-0.24
1.227	18.37	-0.24
1.226	18.37	-0.24
1.226	18.38	-0.24
1.226	18.38	-0.24
1.226	18.37	-0.24
1.225	18.37	-0.24
1.225	18.38	-0.24
1.225	18.39	-0.24
1.225	18.39	-0.24
1.225	18.38	-0.24
1.225	18.39	-0.24
1.224	18.40	-0.24
1.224	18.40	-0.24
1.224	18.41	-0.24
1.223	18.40	-0.24
1.223	18.41	-0.24
1.223	18.42	-0.24
1.223	18.42	-0.24
1.222	18.42	-0.24
1.222	18.42	-0.24
1.222	18.42	-0.24
1.222	18.43	-0.24
1.222	18.43	-0.24
1.222	18.44	-0.24
1.222	18.44	-0.24
1.222	18.43	-0.24
1.222	18.43	-0.24
1.222	18.43	-0.24
1.221	18.44	-0.24
1.221	18.44	-0.24
1.221	18.44	-0.24
1.221	18.45	-0.24
1.221	18.45	-0.24
1.220	18.45	-0.24
1.220	18.45	-0.24
1.220	18.44	-0.24
1.220	18.45	-0.24
1.220	18.46	-0.24
1.220	18.44	-0.24
1.219	18.43	-0.24
1.219	18.44	-0.24
1.219	18.43	-0.24
1.218	18.40	-0.24
1.218	18.42	-0.24
1.218	18.41	-0.24
1.218	18.39	-0.24
1.217	18.43	-0.24
1.217	18.45	-0.24
1.217	18.46	-0.24
1.216	18.47	-0.24
1.216	18.48	-0.24
1.216	18.48	-0.24
1.216	18.48	-0.24
1.215	18.49	-0.24
1.215	18.49	-0.24
1.215	18.49	-0.24
1.214	18.50	-0.24
1.214	18.52	-0.24
1.214	18.53	-0.24
1.214	18.54	-0.24
1.214	18.53	-0.24
1.214	18.51	-0.24
1.214	18.50	-0.24
1.214	18.49	-0.24
1.213	18.50	-0.24
1.213	18.50	-0.24
1.213	18.51	-0.24
1.213	18.53	-0.24
1.213	18.53	-0.24
1.212	18.53	-0.24
1.212	18.54	-0.24
1.212	18.55	-0.24
1.212	18.57	-0.24
1.212	18.55	-0.24
1.211	18.50	-0.24
1.211	18.48	-0.24
1.211	18.46	-0.24
1.211	18.44	-0.24
1.211	18.49	-0.24
1.211	18.50	-0.24
1.210	18.50	-0.24
1.210	18.50	-0.24
1.210	18.50	-0.24
1.210	18.51	-0.24
1.210	18.52	-0.24
1.210	18.55	-0.24
1.210	18.56	-0.24
1.209	18.57	-0.24
1.209	18.30	-0.24
1.209	18.60	-0.24
1.209	18.62	-0.24
1.208	18.62	-0.24
1.208	18.62	-0.24
1.208	18.60	-0.23
1.208	18.60	-0.24
1.208	18.60	-0.23
1.207	18.60	-0.23
1.207	18.60	-0.23
1.207	18.59	-0.23
1.207	18.58	-0.23
1.207	18.58	-0.23
1.207	18.59	-0.23
1.207	18.60	-0.23
1.207	18.60	-0.23
1.207	18.62	-0.23
1.206	18.64	-0.23
1.206	18.64	-0.23
1.206	18.63	-0.23
1.206	18.62	-0.23
1.206	18.62	-0.23
1.205	18.61	-0.23
1.205	18.60	-0.23
1.205	18.59	-0.23
1.205	18.59	-0.23
1.205	18.65	-0.23
1.205	18.64	-0.23
1.205	18.63	-0.23
1.204	18.64	-0.23
1.204	18.66	-0.23
1.204	18.65	-0.23
1.204	18.67	-0.23
1.203	18.67	-0.23
1.203	18.67	-0.23
1.203	18.67	-0.23
1.203	18.67	-0.23
1.203	18.70	-0.23
1.202	18.70	-0.23
1.202	18.69	-0.23
1.202	18.69	-0.23
1.201	18.69	-0.23
1.201	18.69	-0.23
1.201	18.72	-0.23
1.200	18.77	-0.23
1.199	18.78	-0.23
1.199	18.77	-0.23
1.198	18.77	-0.23
1.198	18.78	-0.23
1.198	18.78	-0.23
1.198	18.79	-0.23
1.198	18.79	-0.23
1.197	18.80	-0.23
1.197	18.81	-0.23
1.197	18.80	-0.23
1.196	18.83	-0.23
1.196	18.83	-0.23
1.196	18.84	-0.23
1.195	18.85	-0.23
1.195	18.85	-0.23
1.195	18.85	-0.23
1.195	18.86	-0.23
1.195	18.85	-0.23
1.194	18.84	-0.23
1.194	18.84	-0.23
1.194	18.85	-0.23
1.193	18.85	-0.23
1.193	18.85	-0.23
1.193	18.83	-0.23
1.193	18.84	-0.23
1.193	18.84	-0.23
1.193	18.84	-0.23
1.192	18.84	-0.23
1.192	18.82	-0.23
1.192	18.78	-0.23
1.192	18.80	-0.23
1.192	18.81	-0.23
1.192	18.79	-0.23
1.192	18.76	-0.23
1.192	18.76	-0.23
1.192	18.84	-0.23
1.191	18.86	-0.23
1.191	18.86	-0.23
1.191	18.86	-0.23
1.191	18.86	-0.23
1.191	18.83	-0.23
1.190	18.80	-0.23
1.190	18.79	-0.23
1.190	18.77	-0.23
1.190	18.78	-0.23
1.190	18.80	-0.23
1.190	18.78	-0.23
1.189	18.78	-0.23
1.189	18.73	-0.23
1.189	18.80	-0.23
1.189	18.83	-0.23
1.189	18.83	-0.23
1.188	18.82	-0.23
1.188	18.82	-0.23
1.187	18.80	-0.23
1.187	18.88	-0.23
1.186	18.90	-0.23
1.186	18.88	-0.23
1.186	18.92	-0.23
1.186	18.93	-0.23
1.186	18.96	-0.23
1.185	18.99	-0.23
1.185	19.00	-0.23
1.185	18.98	-0.23
1.185	18.97	-0.23
1.185	18.97	-0.23
1.184	18.97	-0.23
1.184	18.97	-0.23
1.184	18.98	-0.23
1.184	18.97	-0.23
1.184	18.96	-0.23
1.183	18.95	-0.23
1.183	18.97	-0.23
1.183	18.97	-0.23
1.183	18.96	-0.23
1.183	18.96	-0.23
1.183	18.98	-0.23
1.183	19.00	-0.23
1.183	18.99	-0.23
1.182	18.97	-0.23
1.182	18.97	-0.23
1.182	18.96	-0.23
1.182	18.96	-0.23
1.182	18.94	-0.23
1.182	18.93	-0.23
1.181	18.93	-0.23
1.181	18.92	-0.23
1.181	18.94	-0.23
1.181	18.94	-0.23
1.181	18.96	-0.23
1.181	18.96	-0.23
1.181	18.96	-0.23
1.181	18.97	-0.23
1.181	18.98	-0.23
1.181	18.97	-0.23
1.180	18.96	-0.23
1.180	18.95	-0.23
1.180	18.96	-0.23
1.180	18.96	-0.23
1.180	18.97	-0.23
1.180	18.98	-0.23
1.180	18.99	-0.23
1.180	18.98	-0.23
1.180	18.98	-0.23
1.180	18.98	-0.23
1.180	18.95	-0.23
1.180	18.90	-0.23
1.180	18.90	-0.23
1.179	18.90	-0.23
1.179	18.93	-0.23
1.179	18.92	-0.23
1.179	18.84	-0.23
1.179	18.84	-0.23
1.179	18.89	-0.23
1.179	18.91	-0.23
1.179	18.95	-0.23
1.179	18.94	-0.23
1.179	18.98	-0.23
1.178	18.96	-0.23
1.178	18.94	-0.23
1.178	18.98	-0.23
1.178	18.97	-0.23
1.178	19.01	-0.23
1.177	19.01	-0.23
1.177	19.05	-0.23
1.177	19.07	-0.23
1.177	19.08	-0.23
1.177	19.06	-0.23
1.177	19.08	-0.23
1.177	19.06	-0.23
1.177	19.08	-0.23
1.177	19.08	-0.23
1.177	19.08	-0.23
1.177	19.08	-0.23
1.177	19.08	-0.23
1.177	19.07	-0.23
1.177	19.08	-0.23
1.177	19.08	-0.23
1.177	19.07	-0.23
1.177	19.03	-0.23
1.177	18.93	-0.23
1.177	19.01	-0.23
1.177	18.84	-0.23
1.176	18.93	-0.23
1.176	18.92	-0.23
1.176	18.97	-0.23
1.176	19.05	-0.23
1.176	19.00	-0.23
1.176	18.91	-0.23
1.176	18.88	-0.23
1.176	18.99	-0.23
1.176	18.91	-0.23
1.176	19.00	-0.23
1.176	19.04	-0.23
1.176	19.04	-0.23
1.176	19.02	-0.23
1.176	19.02	-0.23
1.176	19.04	-0.23
1.176	19.00	-0.23
1.176	19.03	-0.23
1.176	19.02	-0.23
1.176	18.87	-0.23
1.176	18.90	-0.23
1.176	19.00	-0.22
1.176	18.98	-0.23
1.176	18.67	-0.23
1.176	18.60	-0.22
1.176	17.86	-0.22
1.175	17.90	-0.22
1.175	18.00	-0.22
1.175	18.91	-0.22
1.174	18.69	-0.22
1.173	19.19	-0.22
1.172	19.25	-0.22
1.171	19.24	-0.22
1.171	19.26	-0.22
1.170	19.28	-0.22
1.170	19.28	-0.22
1.170	19.28	-0.22
1.170	19.28	-0.22
1.170	19.28	-0.22
1.170	19.28	-0.22
1.170	19.30	-0.22
1.169	19.30	-0.22
1.169	19.28	-0.22
1.169	19.28	-0.22
1.169	19.27	-0.22
1.169	19.28	-0.22
1.168	19.32	-0.22
1.168	19.33	-0.22
1.168	19.33	-0.22
1.168	19.33	-0.22
1.167	19.33	-0.22
1.167	19.27	-0.22
1.167	19.28	-0.22
1.167	19.28	-0.22
1.166	19.31	-0.22
1.166	19.32	-0.22
1.166	19.33	-0.22
1.166	19.33	-0.22
1.165	19.33	-0.22
1.165	19.33	-0.22
1.165	19.31	-0.22
1.165	19.28	-0.22
1.164	19.26	-0.22
1.164	19.27	-0.22
1.164	19.22	-0.22
1.164	19.26	-0.22
1.163	19.27	-0.22
1.163	19.29	-0.22
1.163	19.31	-0.22
1.163	19.32	-0.22
1.163	19.12	-0.22
1.162	19.24	-0.22
1.162	19.28	-0.22
1.162	19.28	-0.22
1.162	19.31	-0.22
1.161	19.34	-0.22
1.161	19.33	-0.22
1.161	19.33	-0.22
1.160	19.32	-0.22
1.160	19.37	-0.22
1.159	19.35	-0.22
1.159	19.38	-0.22
1.158	19.42	-0.22
1.158	19.46	-0.22
1.158	19.48	-0.22
1.157	19.48	-0.22
1.157	19.49	-0.22
1.157	19.50	-0.22
1.157	19.49	-0.22
1.157	19.48	-0.22
1.156	19.49	-0.22
1.156	19.46	-0.22
1.155	19.35	-0.22
1.155	19.36	-0.22
1.154	19.38	-0.22
1.154	19.39	-0.22
1.154	19.40	-0.22
1.154	19.43	-0.22
1.153	19.38	-0.22
1.153	19.39	-0.22
1.153	19.37	-0.22
1.153	19.37	-0.22
1.153	19.51	-0.22
1.153	19.53	-0.22
1.152	19.55	-0.22
1.152	19.57	-0.22
1.151	19.57	-0.22
1.151	19.57	-0.22
1.151	19.57	-0.22
1.151	19.57	-0.22
1.150	19.58	-0.22
1.150	19.56	-0.22
1.150	19.57	-0.22
1.150	19.58	-0.22
1.150	19.57	-0.22
1.150	19.53	-0.22
1.149	19.53	-0.22
1.149	19.59	-0.22
1.149	19.62	-0.22
1.148	19.61	-0.22
1.148	19.60	-0.22
1.148	19.55	-0.22
1.148	19.55	-0.22
1.147	19.63	-0.22
1.147	19.67	-0.22
1.146	19.71	-0.22
1.146	19.71	-0.22
1.146	19.71	-0.22
1.146	19.71	-0.22
1.146	19.71	-0.22
1.146	19.71	-0.22
1.145	19.71	-0.22
1.145	19.71	-0.22
1.145	19.73	-0.22
1.145	19.74	-0.22
1.144	19.77	-0.22
1.144	19.78	-0.22
1.143	19.79	-0.22
1.143	19.79	-0.22
1.143	19.77	-0.22
1.142	19.79	-0.22
1.142	19.79	-0.22
1.142	19.79	-0.22
1.142	19.80	-0.22
1.141	19.81	-0.22
1.141	19.83	-0.22
1.141	19.83	-0.22
1.141	19.83	-0.22
1.141	19.84	-0.22
1.141	19.85	-0.22
1.141	19.84	-0.22
1.141	19.82	-0.22
1.140	19.83	-0.22
1.140	19.81	-0.22
1.140	19.76	-0.22
1.140	19.80	-0.22
1.139	19.80	-0.22
1.139	19.80	-0.22
1.138	19.78	-0.22
1.138	19.77	-0.22
1.138	19.79	-0.22
1.137	19.77	-0.22
1.137	19.80	-0.22
1.137	19.77	-0.22
1.136	19.78	-0.22
1.136	19.81	-0.22
1.136	19.80	-0.22
1.136	19.79	-0.22
1.136	19.82	-0.22
1.135	19.84	-0.22
1.135	19.88	-0.22
1.135	19.77	-0.22
1.135	19.77	-0.22
1.134	19.78	-0.22
1.134	19.79	-0.22
1.134	19.85	-0.22
1.133	19.88	-0.22
1.133	19.87	-0.22
1.133	19.85	-0.22
1.133	19.85	-0.22
1.132	19.85	-0.22
1.132	19.90	-0.22
1.132	19.94	-0.22
1.132	19.95	-0.22
1.132	19.97	-0.22
1.131	19.99	-0.22
1.131	20.00	-0.22
1.131	19.98	-0.22
1.131	19.98	-0.22
1.131	20.00	-0.22
1.130	20.00	-0.22
1.130	19.99	-0.22
1.130	19.97	-0.22
1.129	19.97	-0.22
1.129	19.97	-0.22
1.129	19.96	-0.22
1.129	19.85	-0.22
1.129	19.81	-0.22
1.128	19.81	-0.22
1.128	19.94	-0.22
1.128	19.91	-0.22
1.128	19.94	-0.22
1.128	19.95	-0.22
1.128	19.97	-0.22
1.127	19.97	-0.22
1.127	19.97	-0.22
1.127	19.97	-0.22
1.127	20.00	-0.22
1.127	19.99	-0.22
1.126	19.99	-0.22
1.126	19.99	-0.22
1.126	20.01	-0.22
1.126	20.00	-0.22
1.126	19.97	-0.22
1.126	19.69	-0.22
1.126	19.69	-0.22
1.126	19.82	-0.22
1.126	19.61	-0.22
1.126	19.51	-0.22
1.126	19.79	-0.22
1.126	19.83	-0.22
1.125	19.89	-0.22
1.125	19.52	-0.22
1.125	19.06	-0.22
1.125	19.77	-0.22
1.125	19.81	-0.22
1.124	19.88	-0.22
1.124	19.76	-0.22
1.124	19.72	-0.22
1.124	19.04	-0.22
1.124	18.67	-0.22
1.124	19.80	-0.22
1.123	20.05	-0.22
1.123	20.09	-0.22
1.123	20.07	-0.22
1.123	20.08	-0.22
1.123	20.09	-0.22
1.123	20.10	-0.22
1.123	20.09	-0.22
1.123	20.08	-0.22
1.122	20.09	-0.22
1.122	20.08	-0.22
1.122	20.09	-0.22
1.122	20.09	-0.22
1.122	20.10	-0.22
1.121	20.09	-0.22
1.121	20.03	-0.22
1.121	20.03	-0.22
1.121	20.02	-0.22
1.120	20.02	-0.22
1.120	20.01	-0.22
1.119	20.03	-0.22
1.119	20.07	-0.22
1.119	20.09	-0.22
1.119	20.11	-0.22
1.118	20.13	-0.22
1.118	20.18	-0.22
1.118	20.21	-0.22
1.117	20.24	-0.22
1.117	20.26	-0.22
1.116	20.28	-0.22
1.116	20.30	-0.22
1.115	20.31	-0.22
1.115	20.30	-0.22
1.115	20.31	-0.22
1.114	20.33	-0.22
1.114	20.32	-0.22
1.114	20.25	-0.22
1.114	20.30	-0.22
1.113	20.32	-0.22
1.113	20.33	-0.22
1.113	20.34	-0.22
1.113	20.34	-0.22
1.113	20.33	-0.22
1.113	20.33	-0.22
1.113	20.34	-0.22
1.113	20.34	-0.22
1.113	20.34	-0.22
1.113	20.35	-0.22
1.113	20.35	-0.22
1.113	20.36	-0.22
1.113	20.35	-0.22
1.113	20.35	-0.22
1.113	20.36	-0.22
1.113	20.36	-0.22
1.113	20.34	-0.22
1.113	20.34	-0.22
1.113	20.35	-0.22
1.113	20.35	-0.22
1.113	20.35	-0.22
1.113	20.36	-0.22
1.113	20.36	-0.22
1.114	20.36	-0.22
1.114	20.36	-0.22
1.113	20.36	-0.22
1.114	20.36	-0.22
1.114	20.36	-0.22
1.114	20.36	-0.22
1.114	20.36	-0.22
1.114	20.36	-0.22
1.114	20.37	-0.22
1.114	20.37	-0.22
1.114	20.36	-0.22
1.114	20.36	-0.22
1.114	20.36	-0.22
