1.154	21.34	15.26
1.154	21.34	15.26
1.154	21.34	15.26
1.154	21.34	15.26
1.154	21.34	15.26
1.154	21.34	15.26
1.154	21.34	15.26
1.154	21.34	15.26
1.154	21.31	15.26
1.154	21.27	15.26
1.155	21.27	15.26
1.155	21.27	15.26
1.155	21.27	15.26
1.155	21.28	15.26
1.155	21.28	15.26
1.155	21.28	15.26
1.155	21.29	15.26
1.155	21.29	15.26
1.155	21.29	15.26
1.155	21.30	15.26
1.155	21.28	15.26
1.155	21.28	15.26
1.155	21.26	15.26
1.155	21.27	15.26
1.156	21.27	15.26
1.156	21.27	15.26
1.156	21.25	15.26
1.156	21.25	15.26
1.156	21.25	15.26
1.156	21.25	15.26
1.156	21.23	15.26
1.156	21.23	15.26
1.156	21.23	15.26
1.156	21.22	15.26
1.156	21.21	15.26
1.156	21.19	15.26
1.156	21.18	15.26
1.156	21.15	15.26
1.156	21.16	15.26
1.157	21.16	15.26
1.157	21.16	15.26
1.157	21.15	15.26
1.157	21.14	15.26
1.157	21.13	15.26
1.157	21.12	15.26
1.157	21.10	15.26
1.157	21.09	15.26
1.157	21.08	15.26
1.157	21.06	15.26
1.157	21.04	15.26
1.157	21.04	15.26
1.158	21.04	15.26
1.158	21.03	15.26
1.158	21.02	15.26
1.158	21.03	15.26
1.158	21.00	15.26
1.158	21.00	15.26
1.158	21.03	15.26
1.159	21.01	15.26
1.159	20.98	15.26
1.159	20.92	15.26
1.159	20.87	15.26
1.159	20.89	15.26
1.159	20.91	15.26
1.159	20.87	15.26
1.159	20.76	15.26
1.160	20.85	15.26
1.160	20.83	15.26
1.160	20.82	15.26
1.160	20.86	15.26
1.161	20.87	15.26
1.161	20.87	15.26
1.161	20.83	15.26
1.161	20.78	15.26
1.161	20.86	15.26
1.162	20.94	15.26
1.162	20.97	15.26
1.162	20.99	15.26
1.162	20.99	15.26
1.162	20.97	15.26
1.162	20.95	15.26
1.163	21.00	15.26
1.163	20.99	15.26
1.163	20.98	15.26
1.164	20.94	15.26
1.164	20.94	15.26
1.164	20.95	15.26
1.164	20.95	15.26
1.164	20.91	15.26
1.165	20.88	15.26
1.165	20.89	15.26
1.165	20.87	15.26
1.165	20.91	15.26
1.165	20.97	15.26
1.165	20.98	15.26
1.165	20.96	15.26
1.165	20.93	15.26
1.166	20.92	15.26
1.166	20.94	15.26
1.166	20.96	15.26
1.166	20.98	15.26
1.167	20.97	15.26
1.167	20.98	15.26
1.167	20.98	15.26
1.167	20.99	15.26
1.167	21.00	15.26
1.167	21.02	15.26
1.167	21.01	15.26
1.167	21.01	15.26
1.168	20.99	15.26
1.168	20.98	15.26
1.168	20.98	15.26
1.168	20.98	15.26
1.168	20.97	15.26
1.169	20.96	15.26
1.169	20.95	15.26
1.169	20.93	15.26
1.169	20.95	15.26
1.169	20.94	15.26
1.170	20.93	15.26
1.170	20.93	15.26
1.170	20.91	15.26
1.170	20.93	15.26
1.171	20.93	15.26
1.171	20.90	15.26
1.171	20.89	15.26
1.171	20.86	15.26
1.172	20.85	15.26
1.172	20.85	15.26
1.172	20.83	15.26
1.172	20.82	15.26
1.173	20.79	15.26
1.173	20.78	15.26
1.173	20.79	15.26
1.173	20.81	15.26
1.173	20.82	15.26
1.174	20.82	15.26
1.174	20.82	15.26
1.174	20.82	15.26
1.174	20.82	15.26
1.175	20.82	15.26
1.175	20.82	15.26
1.175	20.83	15.26
1.175	20.83	15.26
1.175	20.84	15.26
1.175	20.84	15.26
1.175	20.83	15.26
1.175	20.82	15.26
1.175	20.83	15.26
1.176	20.81	15.26
1.176	20.79	15.26
1.176	20.79	15.26
1.176	20.78	15.26
1.176	20.77	15.26
1.177	20.76	15.26
1.177	20.71	15.26
1.177	20.69	15.26
1.177	20.70	15.26
1.177	20.70	15.26
1.178	20.67	15.26
1.178	20.69	15.26
1.178	20.76	15.26
1.178	20.78	15.26
1.178	20.80	15.26
1.178	20.82	15.26
1.179	20.81	15.26
1.179	20.79	15.26
1.179	20.79	15.26
1.179	20.79	15.26
1.179	20.79	15.26
1.179	20.76	15.26
1.180	20.77	15.26
1.180	20.76	15.26
1.180	20.76	15.26
1.180	20.76	15.26
1.180	20.73	15.26
1.180	20.71	15.26
1.180	20.70	15.26
1.181	20.70	15.26
1.181	20.71	15.26
1.181	20.70	15.26
1.181	20.70	15.26
1.181	20.70	15.26
1.181	20.68	15.26
1.181	20.68	15.26
1.181	20.67	15.26
1.182	20.67	15.26
1.182	20.64	15.26
1.182	20.65	15.26
1.182	20.65	15.26
1.182	20.66	15.26
1.182	20.67	15.26
1.182	20.64	15.26
1.183	20.61	15.26
1.183	20.59	15.26
1.183	20.58	15.26
1.183	20.56	15.26
1.183	20.55	15.26
1.183	20.53	15.26
1.183	20.51	15.26
1.183	20.50	15.26
1.183	20.46	15.26
1.184	20.45	15.26
1.184	20.47	15.26
1.184	20.44	15.26
1.184	20.46	15.26
1.184	20.40	15.26
1.184	20.45	15.26
1.185	20.44	15.26
1.185	20.46	15.26
1.185	20.47	15.26
1.185	20.47	15.26
1.186	20.47	15.26
1.186	20.48	15.26
1.186	20.48	15.26
1.186	20.48	15.26
1.186	20.50	15.26
1.186	20.52	15.26
1.186	20.53	15.26
1.186	20.51	15.26
1.186	20.50	15.26
1.186	20.53	15.26
1.186	20.53	15.26
1.187	20.50	15.26
1.187	20.50	15.26
1.187	20.50	15.26
1.187	20.52	15.26
1.187	20.54	15.26
1.187	20.50	15.26
1.187	20.50	15.26
1.187	20.52	15.26
1.187	20.52	15.26
1.187	20.54	15.26
1.187	20.54	15.26
1.187	20.53	15.26
1.188	20.48	15.26
1.188	20.49	15.26
1.188	20.49	15.26
1.188	20.50	15.26
1.188	20.50	15.26
1.188	20.49	15.26
1.188	20.47	15.26
1.188	20.45	15.26
1.188	20.45	15.26
1.188	20.46	15.26
1.189	20.46	15.26
1.189	20.48	15.26
1.189	20.49	15.26
1.189	20.48	15.26
1.189	20.45	15.26
1.189	20.41	15.26
1.189	20.42	15.26
1.189	20.39	15.26
1.189	20.41	15.26
1.189	20.43	15.26
1.189	20.42	15.26
1.189	20.42	15.26
1.189	20.43	15.26
1.189	20.42	15.26
1.190	20.41	15.26
1.190	20.44	15.26
1.190	20.46	15.26
1.190	20.47	15.26
1.190	20.48	15.26
1.190	20.49	15.26
1.190	20.48	15.26
1.190	20.48	15.26
1.190	20.49	15.26
1.190	20.48	15.26
1.190	20.48	15.26
1.190	20.48	15.26
1.190	20.48	15.26
1.190	20.48	15.26
1.190	20.49	15.26
1.190	20.48	15.26
1.190	20.44	15.26
1.190	20.39	15.26
1.190	20.42	15.26
1.190	20.42	15.26
1.190	20.46	15.26
1.190	20.46	15.26
1.191	20.46	15.26
1.191	20.45	15.26
1.191	20.46	15.26
1.191	20.47	15.26
1.191	20.48	15.26
1.191	20.50	15.26
1.191	20.48	15.26
1.192	20.51	15.26
1.192	20.47	15.26
1.192	20.49	15.26
1.192	20.48	15.26
1.192	20.50	15.26
1.192	20.51	15.26
1.193	20.51	15.26
1.193	20.51	15.26
1.193	20.50	15.26
1.193	20.50	15.26
1.193	20.50	15.26
1.193	20.48	15.26
1.193	20.45	15.26
1.194	20.46	15.26
1.194	20.48	15.26
1.194	20.47	15.26
1.194	20.46	15.26
1.194	20.44	15.26
1.195	20.43	15.26
1.195	20.42	15.26
1.195	20.42	15.26
1.195	20.45	15.26
1.195	20.42	15.26
1.195	20.41	15.26
1.196	20.38	15.26
1.196	20.40	15.26
1.196	20.39	15.26
1.197	20.37	15.26
1.197	20.36	15.26
1.197	20.34	15.26
1.197	20.33	15.26
1.198	20.36	15.26
1.198	20.35	15.26
1.198	20.33	15.26
1.198	20.30	15.26
1.198	20.28	15.26
1.198	20.28	15.26
1.199	20.30	15.26
1.199	20.30	15.26
1.199	20.29	15.26
1.199	20.32	15.26
1.199	20.31	15.26
1.200	20.31	15.26
1.200	20.32	15.26
1.200	20.31	15.26
1.200	20.31	15.26
1.200	20.31	15.26
1.200	20.30	15.26
1.200	20.31	15.26
1.201	20.32	15.26
1.201	20.30	15.26
1.201	20.30	15.26
1.201	20.30	15.26
1.201	20.32	15.26
1.201	20.33	15.26
1.201	20.33	15.26
1.201	20.33	15.26
1.201	20.33	15.26
1.202	20.33	15.26
1.202	20.33	15.26
1.202	20.33	15.26
1.203	20.31	15.26
1.203	20.28	15.26
1.203	20.29	15.26
1.203	20.31	15.26
1.204	20.30	15.26
1.204	20.30	15.26
1.204	20.31	15.26
1.204	20.32	15.26
1.205	20.31	15.26
1.205	20.31	15.26
1.205	20.30	15.26
1.205	20.27	15.26
1.205	20.24	15.26
1.206	20.24	15.26
1.206	20.24	15.26
1.206	20.23	15.26
1.206	20.19	15.26
1.206	20.19	15.26
1.207	20.17	15.26
1.207	20.14	15.26
1.207	20.11	15.26
1.207	20.10	15.26
1.207	20.09	15.26
1.207	20.08	15.26
1.208	20.07	15.26
1.208	20.07	15.26
1.208	20.11	15.26
1.208	20.08	15.26
1.208	20.09	15.26
1.209	20.09	15.26
1.209	20.07	15.26
1.209	20.09	15.26
1.209	20.12	15.26
1.210	20.11	15.26
1.210	20.09	15.26
1.210	20.07	15.26
1.211	20.01	15.26
1.211	20.02	15.26
1.211	20.04	15.26
1.211	20.04	15.26
1.212	20.05	15.26
1.212	20.05	15.26
1.212	20.04	15.26
1.212	20.05	15.26
1.213	20.06	15.26
1.213	20.05	15.26
1.213	20.02	15.26
1.213	19.59	15.26
1.213	19.26	15.26
1.213	18.68	15.26
1.213	19.07	15.26
1.214	19.14	15.26
1.214	19.26	15.26
1.214	19.37	15.26
1.215	19.53	15.26
1.215	19.41	15.26
1.215	19.65	15.26
1.215	19.75	15.26
1.215	19.67	15.26
1.215	19.64	15.26
1.215	19.87	15.26
1.215	19.97	15.26
1.216	20.00	15.26
1.216	20.03	15.26
1.216	20.03	15.26
1.216	20.03	15.26
1.216	20.04	15.26
1.216	20.06	15.26
1.216	20.06	15.26
1.216	20.06	15.26
1.216	20.06	15.26
1.216	20.06	15.26
1.216	20.06	15.26
1.216	20.06	15.26
1.216	20.03	15.26
1.216	20.00	15.26
1.216	19.99	15.26
1.216	19.98	15.26
1.216	19.98	15.26
1.217	20.00	15.26
1.217	19.99	15.26
1.217	20.00	15.26
1.217	19.96	15.26
1.217	19.93	15.26
1.217	19.92	15.26
1.218	19.97	15.26
1.218	19.96	15.26
1.218	19.97	15.26
1.218	20.00	15.26
1.219	19.99	15.26
1.219	19.99	15.26
1.219	19.98	15.26
1.219	19.98	15.26
1.219	19.99	15.26
1.219	20.00	15.26
1.219	20.00	15.26
1.219	20.00	15.26
1.219	20.01	15.26
1.219	20.01	15.26
1.219	20.02	15.26
1.219	20.04	15.26
1.219	20.04	15.26
1.219	20.05	15.26
1.219	20.04	15.26
1.219	20.06	15.26
1.219	20.06	15.26
1.219	20.05	15.26
1.220	20.04	15.26
1.220	20.03	15.26
1.220	20.02	15.26
1.220	20.03	15.26
1.220	20.02	15.26
1.220	20.03	15.26
1.220	20.03	15.26
1.220	20.01	15.26
1.220	20.02	15.26
1.220	20.03	15.26
1.220	20.00	15.26
1.221	19.96	15.26
1.221	19.93	15.26
1.221	19.92	15.26
1.222	19.92	15.26
1.222	19.92	15.26
1.222	19.91	15.26
1.222	19.92	15.26
1.222	19.93	15.26
1.223	19.91	15.26
1.223	19.88	15.26
1.223	19.86	15.26
1.224	19.84	15.26
1.224	19.83	15.26
1.224	19.85	15.26
1.224	19.88	15.26
1.225	19.87	15.26
1.225	19.86	15.26
1.225	19.88	15.26
1.225	19.87	15.26
1.225	19.84	15.26
1.225	19.85	15.26
1.226	19.84	15.26
1.226	19.85	15.26
1.226	19.85	15.26
1.226	19.86	15.26
1.226	19.85	15.26
1.227	19.85	15.26
1.227	19.83	15.26
1.227	19.79	15.26
1.227	19.80	15.26
1.227	19.80	15.26
1.227	19.79	15.26
1.227	19.78	15.26
1.228	19.78	15.26
1.228	19.79	15.26
1.228	19.78	15.26
1.228	19.80	15.26
1.228	19.80	15.26
1.228	19.81	15.26
1.228	19.81	15.26
1.228	19.82	15.26
1.228	19.83	15.26
1.229	19.82	15.26
1.229	19.83	15.26
1.229	19.83	15.26
1.229	19.83	15.26
1.229	19.83	15.26
1.230	19.81	15.26
1.230	19.80	15.26
1.230	19.79	15.26
1.230	19.80	15.26
1.231	19.81	15.26
1.231	19.82	15.26
1.231	19.82	15.26
1.232	19.80	15.26
1.232	19.80	15.26
1.233	19.81	15.26
1.233	19.80	15.26
1.233	19.80	15.26
1.234	19.81	15.26
1.234	19.80	15.26
1.234	19.79	15.26
1.234	19.78	15.26
1.234	19.77	15.26
1.234	19.77	15.26
1.234	19.76	15.26
1.235	19.75	15.26
1.235	19.74	15.26
1.235	19.74	15.26
1.235	19.74	15.26
1.235	19.73	15.26
1.236	19.73	15.26
1.236	19.72	15.26
1.236	19.71	15.26
1.236	19.71	15.26
1.237	19.70	15.26
1.237	19.67	15.26
1.237	19.66	15.26
1.237	19.65	15.26
1.237	19.55	15.26
1.237	19.53	15.26
1.238	19.54	15.26
1.238	19.63	15.26
1.238	19.62	15.26
1.238	19.62	15.26
1.238	19.59	15.26
1.239	19.54	15.26
1.239	19.46	15.26
1.239	19.45	15.26
1.240	19.49	15.26
1.240	19.52	15.26
1.240	19.50	15.26
1.240	19.50	15.26
1.240	19.53	15.26
1.240	19.55	15.26
1.240	19.56	15.26
1.240	19.56	15.26
1.241	19.57	15.26
1.241	19.56	15.26
1.241	19.57	15.26
1.241	19.55	15.26
1.241	19.56	15.26
1.242	19.54	15.26
1.242	19.53	15.26
1.242	19.47	15.26
1.242	19.50	15.26
1.242	19.54	15.26
1.242	19.54	15.26
1.243	19.55	15.26
1.243	19.55	15.26
1.243	19.55	15.26
1.243	19.54	15.26
1.243	19.54	15.26
1.243	19.54	15.26
1.243	19.53	15.26
1.243	19.55	15.26
1.243	19.54	15.26
1.243	19.54	15.26
1.243	19.54	15.26
1.243	19.55	15.26
1.243	19.55	15.26
1.243	19.56	15.26
1.243	19.55	15.26
1.243	19.55	15.26
1.243	19.55	15.26
1.243	19.56	15.26
1.243	19.55	15.26
1.243	19.55	15.26
1.243	19.54	15.26
1.243	19.52	15.26
1.243	19.52	15.26
1.243	19.54	15.26
1.243	19.54	15.26
1.243	19.55	15.26
1.243	19.55	15.26
1.243	19.55	15.26
1.243	19.56	15.26
1.243	19.56	15.26
1.243	19.57	15.26
1.243	19.57	15.26
1.243	19.58	15.26
1.243	19.57	15.26
1.243	19.58	15.26
1.243	19.57	15.26
1.243	19.57	15.26
1.243	19.57	15.26
1.243	19.56	15.26
1.243	19.53	15.26
1.243	19.54	15.26
1.243	19.54	15.26
1.243	19.54	15.26
1.243	19.55	15.26
1.243	19.55	15.26
1.243	19.56	15.26
1.243	19.56	15.26
1.244	19.56	15.26
1.244	19.56	15.26
1.243	19.56	15.26
1.244	19.57	15.26
1.243	19.56	15.26
1.243	19.57	15.26
1.243	19.57	15.26
1.243	19.57	15.26
1.243	19.57	15.26
1.243	19.56	15.26
1.243	19.55	15.26
1.244	19.50	15.26
1.244	19.44	15.26
1.244	19.44	15.26
1.245	19.49	15.26
1.245	19.48	15.26
1.246	19.47	15.26
1.247	19.48	15.26
1.247	19.48	15.26
1.248	19.48	15.26
1.248	19.49	15.26
1.248	19.49	15.26
1.248	19.49	15.26
1.249	19.49	15.26
1.249	19.50	15.26
1.249	19.51	15.26
1.249	19.51	15.26
1.249	19.51	15.26
1.249	19.51	15.26
1.249	19.51	15.26
1.249	19.51	15.26
1.249	19.51	15.26
1.249	19.50	15.26
1.249	19.49	15.26
1.249	19.45	15.26
1.249	19.46	15.26
1.249	19.43	15.26
1.249	19.45	15.26
1.250	19.45	15.26
1.250	19.45	15.26
1.250	19.42	15.26
1.251	19.43	15.26
1.251	19.36	15.26
1.251	19.39	15.26
1.251	19.40	15.26
1.252	19.40	15.26
1.252	19.41	15.26
1.252	19.38	15.26
1.252	19.38	15.26
1.252	19.38	15.26
1.252	19.36	15.26
1.253	19.36	15.26
1.253	19.37	15.26
1.253	19.34	15.26
1.253	19.35	15.26
1.253	19.30	15.26
1.253	19.36	15.26
1.254	19.38	15.26
1.254	19.39	15.26
1.254	19.39	15.26
1.254	19.37	15.26
1.254	19.35	15.26
1.254	19.36	15.26
1.254	19.35	15.26
1.254	19.33	15.26
1.254	19.32	15.26
1.255	19.30	15.26
1.255	19.32	15.26
1.255	19.34	15.26
1.255	19.35	15.26
1.255	19.34	15.26
1.255	19.34	15.26
1.255	19.33	15.26
1.255	19.31	15.26
1.255	19.30	15.26
1.255	19.31	15.26
1.255	19.30	15.26
1.255	19.33	15.26
1.256	19.35	15.26
1.256	19.36	15.26
1.256	19.36	15.26
1.256	19.37	15.26
1.256	19.36	15.26
1.256	19.37	15.26
1.257	19.36	15.26
1.257	19.36	15.26
1.257	19.35	15.26
1.257	19.34	15.26
1.258	19.34	15.26
1.258	19.33	15.26
1.258	19.34	15.26
1.258	19.33	15.26
1.258	19.32	15.26
1.258	19.32	15.26
1.259	19.21	15.26
1.259	19.05	15.26
1.259	19.25	15.26
1.259	19.33	15.26
1.259	19.34	15.26
1.260	19.34	15.26
1.260	19.33	15.26
1.260	19.32	15.26
1.260	19.31	15.26
1.260	19.31	15.26
1.261	19.31	15.26
1.261	19.30	15.26
1.261	19.30	15.26
1.261	19.28	15.26
1.262	19.25	15.26
1.262	19.24	15.26
1.262	19.24	15.26
1.263	19.24	15.26
1.263	19.24	15.26
1.263	19.24	15.26
1.263	19.23	15.26
1.264	19.23	15.26
1.264	19.19	15.26
1.264	19.14	15.26
1.264	19.10	15.26
1.264	19.08	15.26
1.265	19.08	15.26
1.265	19.08	15.26
1.265	19.08	15.26
1.265	19.00	15.26
1.266	18.98	15.26
1.266	18.95	15.26
1.266	18.28	15.27
1.266	18.03	15.27
1.267	18.05	15.26
1.267	18.62	15.26
1.267	18.48	15.26
1.267	18.66	15.26
1.267	18.94	15.26
1.268	18.90	15.26
1.268	18.91	15.26
1.268	18.93	15.26
1.268	18.94	15.26
1.268	18.96	15.26
1.268	18.87	15.26
1.268	18.52	15.27
1.268	18.14	15.26
1.268	18.93	15.26
1.268	19.03	15.27
1.269	19.05	15.26
1.269	19.05	15.26
1.270	19.05	15.26
1.270	19.05	15.26
1.270	19.04	15.27
1.270	19.05	15.26
1.270	19.05	15.26
1.270	18.98	15.27
1.271	18.96	15.27
1.271	19.03	15.26
1.271	19.01	15.26
1.271	18.99	15.27
1.271	19.01	15.26
1.271	18.99	15.27
1.272	18.92	15.26
1.272	18.90	15.27
1.272	18.92	15.26
1.272	18.95	15.27
1.272	18.99	15.26
1.272	18.76	15.27
1.272	18.96	15.26
1.272	18.97	15.27
1.272	19.00	15.27
1.272	19.00	15.27
1.273	18.99	15.27
1.273	19.00	15.27
1.273	19.00	15.27
1.273	19.01	15.27
1.273	19.02	15.26
1.273	19.02	15.26
1.273	19.02	15.27
1.273	19.02	15.26
1.273	19.01	15.27
1.273	19.02	15.27
1.273	19.02	15.26
1.273	19.01	15.27
1.273	18.99	15.27
1.273	18.98	15.27
1.273	18.98	15.27
1.273	18.97	15.27
1.273	18.94	15.27
1.273	18.97	15.27
1.273	18.99	15.27
1.274	19.00	15.27
1.274	19.01	15.27
1.274	19.00	15.27
1.274	18.98	15.27
1.274	18.97	15.27
1.274	18.98	15.27
1.275	18.98	15.27
1.275	18.99	15.27
1.275	18.98	15.27
1.275	18.98	15.27
1.275	18.99	15.27
1.275	18.99	15.27
1.276	19.01	15.27
1.276	19.01	15.27
1.276	19.00	15.27
1.276	18.99	15.27
1.276	18.99	15.27
1.276	18.98	15.27
1.276	18.99	15.27
1.276	18.99	15.27
1.276	18.99	15.27
1.276	18.98	15.27
1.276	18.99	15.27
1.277	18.99	15.27
1.277	18.99	15.27
1.277	18.99	15.27
1.277	18.99	15.27
1.277	18.99	15.27
1.277	19.01	15.27
1.277	19.02	15.27
1.277	19.02	15.27
1.277	19.02	15.27
1.277	19.02	15.27
1.277	19.03	15.27
1.278	19.04	15.27
1.278	19.04	15.27
1.278	19.02	15.27
1.278	18.99	15.27
1.278	18.96	15.27
1.278	18.96	15.27
1.278	18.97	15.27
1.279	18.94	15.27
1.279	18.91	15.27
1.279	18.94	15.27
1.279	18.94	15.27
1.279	18.94	15.27
1.279	18.95	15.27
1.280	18.93	15.27
1.280	18.91	15.27
1.280	18.90	15.27
1.281	18.86	15.27
1.281	18.85	15.27
1.282	18.83	15.27
1.283	18.86	15.27
1.283	18.88	15.27
1.283	18.89	15.27
1.284	18.88	15.27
1.284	18.89	15.27
1.284	18.89	15.27
1.284	18.89	15.27
1.284	18.89	15.27
1.284	18.88	15.27
1.284	18.88	15.27
1.284	18.87	15.27
1.284	18.88	15.27
1.284	18.88	15.27
1.284	18.88	15.27
1.284	18.88	15.27
1.284	18.86	15.27
1.284	18.85	15.27
1.284	18.75	15.27
1.285	18.74	15.27
1.285	18.79	15.27
1.285	18.82	15.27
1.286	18.85	15.27
1.286	18.85	15.27
1.286	18.86	15.27
1.287	18.86	15.27
1.288	18.86	15.27
1.288	18.86	15.27
1.289	18.87	15.27
1.289	18.84	15.27
1.290	18.81	15.27
1.291	18.81	15.27
1.291	18.82	15.27
1.291	18.82	15.27
1.291	18.81	15.27
1.292	18.79	15.27
1.292	18.78	15.27
1.292	18.79	15.27
1.293	18.78	15.27
1.293	18.78	15.27
1.294	18.77	15.27
1.294	18.76	15.27
1.294	18.75	15.27
1.294	18.74	15.27
1.295	18.74	15.27
1.295	18.75	15.27
1.295	18.75	15.27
1.295	18.75	15.27
1.295	18.75	15.27
1.295	18.76	15.27
1.295	18.75	15.27
1.295	18.71	15.27
1.295	18.68	15.27
1.296	18.68	15.27
1.297	18.65	15.27
1.297	18.64	15.27
1.298	18.62	15.27
1.299	18.60	15.27
1.300	18.42	15.27
1.300	18.48	15.27
1.301	18.51	15.27
1.301	18.59	15.27
1.302	18.61	15.27
1.302	18.58	15.27
1.303	18.56	15.27
1.303	18.55	15.27
1.303	18.54	15.27
1.303	18.59	15.27
1.304	18.61	15.27
1.304	18.57	15.27
1.304	18.60	15.27
1.304	18.61	15.27
1.304	18.59	15.27
1.304	18.60	15.27
1.305	18.58	15.27
1.305	18.56	15.27
1.305	18.55	15.27
1.306	18.55	15.27
1.306	18.52	15.27
1.306	18.51	15.27
1.306	18.51	15.27
1.306	18.51	15.27
1.307	18.54	15.27
1.307	18.59	15.27
1.307	18.57	15.27
1.307	18.58	15.27
1.308	18.58	15.27
1.308	18.57	15.27
1.308	18.57	15.27
1.308	18.56	15.27
1.308	18.58	15.27
1.309	18.56	15.27
1.309	18.55	15.27
1.309	18.55	15.27
1.309	18.56	15.27
1.309	18.56	15.27
1.309	18.56	15.27
1.309	18.55	15.27
1.310	18.54	15.27
1.310	18.54	15.27
1.310	18.54	15.27
1.310	18.51	15.27
1.311	18.50	15.27
1.311	18.49	15.27
1.311	18.49	15.27
1.312	18.48	15.27
1.312	18.46	15.27
1.312	18.41	15.27
1.313	18.38	15.27
1.313	18.44	15.27
1.313	18.46	15.27
1.314	18.42	15.27
1.314	18.41	15.27
1.315	18.44	15.27
1.315	18.45	15.27
1.315	18.46	15.27
1.315	18.45	15.27
1.316	18.45	15.27
1.316	18.45	15.27
1.316	18.44	15.27
1.317	18.45	15.27
1.317	18.45	15.27
1.317	18.45	15.27
1.318	18.45	15.27
1.318	18.44	15.27
1.318	18.45	15.27
1.318	18.45	15.27
1.319	18.44	15.27
1.319	18.42	15.27
1.319	18.41	15.27
1.319	18.39	15.27
1.320	18.41	15.27
1.320	18.43	15.27
1.320	18.43	15.27
1.320	18.43	15.27
1.321	18.42	15.27
1.321	18.42	15.27
1.321	18.40	15.27
1.322	18.40	15.27
1.322	18.39	15.27
1.323	18.39	15.27
1.323	18.39	15.27
1.323	18.39	15.27
1.323	18.39	15.27
1.323	18.39	15.27
1.324	18.39	15.27
1.324	18.39	15.27
1.324	18.38	15.27
1.324	18.36	15.27
1.324	18.36	15.27
1.325	18.36	15.27
1.325	18.35	15.27
1.325	18.35	15.27
1.325	18.32	15.27
1.325	18.32	15.27
1.326	18.32	15.27
1.326	18.31	15.27
1.326	18.31	15.27
1.327	18.32	15.27
1.327	18.31	15.27
1.327	18.28	15.27
1.328	18.29	15.27
1.328	18.28	15.27
1.328	18.28	15.27
1.329	18.27	15.27
1.329	18.26	15.27
1.329	18.27	15.27
1.330	18.28	15.27
1.330	18.27	15.27
1.331	18.27	15.27
1.331	18.26	15.27
1.331	18.26	15.27
1.332	18.26	15.27
1.332	18.26	15.27
1.332	18.26	15.27
1.332	18.26	15.27
1.332	18.26	15.27
1.332	18.26	15.27
1.332	18.26	15.27
1.333	18.26	15.27
1.333	18.26	15.27
1.333	18.26	15.27
1.333	18.26	15.27
1.333	18.26	15.27
1.334	18.23	15.27
1.334	18.22	15.27
1.334	18.23	15.27
1.334	18.22	15.27
1.335	18.22	15.27
1.335	18.22	15.27
1.335	18.23	15.27
1.335	18.23	15.27
1.335	18.22	15.27
1.335	18.22	15.27
1.335	18.21	15.27
1.335	18.21	15.27
1.335	18.20	15.27
1.335	18.20	15.27
1.335	18.21	15.27
1.335	18.19	15.27
1.335	18.18	15.27
1.336	18.16	15.27
1.336	18.15	15.27
1.336	18.12	15.27
1.336	18.16	15.27
1.337	18.19	15.27
1.337	18.19	15.27
1.337	18.20	15.27
1.338	18.21	15.27
1.338	18.22	15.27
1.338	18.22	15.27
1.338	18.21	15.27
1.338	18.20	15.27
1.338	18.18	15.27
1.338	18.17	15.27
1.339	18.18	15.27
1.339	18.18	15.27
1.339	18.17	15.27
1.339	18.17	15.27
1.340	18.16	15.27
1.340	18.15	15.27
1.340	18.14	15.27
1.340	18.13	15.27
1.340	18.13	15.27
1.341	18.13	15.27
1.341	18.12	15.27
1.341	18.12	15.27
1.342	18.09	15.27
1.342	18.08	15.27
1.342	18.07	15.27
1.343	18.05	15.27
1.343	18.03	15.27
1.343	18.02	15.27
1.343	18.01	15.27
1.344	18.01	15.27
1.344	18.01	15.27
1.344	18.01	15.27
1.345	18.00	15.27
1.345	17.99	15.27
1.345	18.00	15.27
1.346	18.00	15.27
1.347	17.99	15.27
1.347	18.00	15.27
1.348	18.00	15.27
1.348	18.00	15.27
1.349	18.00	15.27
1.349	18.00	15.27
1.349	17.99	15.27
1.349	17.99	15.27
1.350	18.00	15.27
1.350	18.00	15.27
1.350	18.00	15.27
1.350	18.00	15.27
1.350	18.00	15.27
1.350	17.99	15.27
1.350	17.99	15.27
1.350	17.99	15.27
1.351	17.98	15.27
1.351	17.97	15.27
1.352	17.95	15.27
1.352	17.94	15.27
1.352	17.93	15.27
1.352	17.93	15.27
1.353	17.94	15.27
1.353	17.96	15.27
1.353	17.94	15.27
1.353	17.95	15.27
1.353	17.95	15.27
1.353	17.95	15.27
1.353	17.93	15.27
1.354	17.88	15.27
1.354	17.86	15.27
1.355	17.86	15.27
1.355	17.85	15.27
1.356	17.84	15.27
1.356	17.84	15.27
1.357	17.83	15.27
1.357	17.83	15.27
1.357	17.83	15.27
1.357	17.83	15.27
1.357	17.82	15.27
1.358	17.80	15.27
1.358	17.80	15.27
1.359	17.80	15.27
1.359	17.80	15.27
1.359	17.80	15.27
1.360	17.79	15.27
1.360	17.79	15.27
1.361	17.78	15.27
1.361	17.77	15.27
1.362	17.76	15.27
1.362	17.76	15.27
1.363	17.75	15.27
1.363	17.74	15.27
1.364	17.74	15.27
1.364	17.73	15.27
1.365	17.73	15.27
1.365	17.73	15.27
1.365	17.73	15.27
1.365	17.73	15.27
1.366	17.72	15.27
1.366	17.72	15.27
1.366	17.72	15.27
1.367	17.72	15.27
1.367	17.72	15.27
1.367	17.71	15.27
1.368	17.71	15.27
1.368	17.71	15.27
1.368	17.71	15.27
1.368	17.70	15.27
1.368	17.70	15.27
1.368	17.70	15.27
1.369	17.69	15.27
1.369	17.69	15.27
1.369	17.69	15.27
1.369	17.69	15.27
1.369	17.68	15.27
1.370	17.68	15.27
1.370	17.67	15.27
1.370	17.67	15.27
1.370	17.66	15.27
1.371	17.66	15.27
1.371	17.66	15.27
1.371	17.66	15.27
1.372	17.65	15.27
1.372	17.65	15.27
1.372	17.65	15.27
1.373	17.65	15.27
1.373	17.65	15.27
1.373	17.65	15.27
1.373	17.64	15.27
1.374	17.63	15.27
1.374	17.62	15.27
1.374	17.62	15.27
1.374	17.62	15.27
1.375	17.61	15.27
1.375	17.60	15.27
1.375	17.60	15.27
1.376	17.60	15.27
1.376	17.60	15.27
1.376	17.60	15.27
1.377	17.59	15.27
1.377	17.58	15.27
1.377	17.58	15.27
1.377	17.57	15.27
1.378	17.57	15.27
1.378	17.56	15.27
1.379	17.56	15.27
1.379	17.54	15.27
1.380	17.54	15.27
1.380	17.54	15.27
1.381	17.53	15.27
1.381	17.53	15.27
1.381	17.52	15.27
1.381	17.52	15.27
1.382	17.51	15.27
1.382	17.51	15.27
1.382	17.50	15.27
1.382	17.49	15.27
1.383	17.49	15.27
1.383	17.49	15.27
1.383	17.49	15.27
1.383	17.49	15.27
1.383	17.49	15.27
1.383	17.48	15.27
1.383	17.48	15.27
1.384	17.48	15.27
1.384	17.47	15.27
1.384	17.47	15.27
1.384	17.46	15.27
1.384	17.46	15.27
1.385	17.46	15.27
1.385	17.45	15.27
1.385	17.45	15.27
1.385	17.45	15.27
1.385	17.44	15.27
1.386	17.44	15.27
1.386	17.43	15.27
1.386	17.43	15.27
1.386	17.43	15.27
1.387	17.42	15.27
1.387	17.42	15.27
1.387	17.41	15.27
1.388	17.41	15.27
1.388	17.41	15.27
1.388	17.41	15.27
1.388	17.40	15.27
1.388	17.40	15.27
1.389	17.39	15.27
1.389	17.38	15.27
1.390	17.38	15.27
1.390	17.37	15.27
1.391	17.36	15.27
1.391	17.36	15.27
1.391	17.35	15.27
1.391	17.35	15.27
1.391	17.35	15.27
1.392	17.35	15.27
1.392	17.35	15.27
1.392	17.34	15.27
1.392	17.33	15.27
1.393	17.32	15.27
1.393	17.31	15.27
1.394	17.31	15.27
1.394	17.30	15.27
1.395	17.30	15.27
1.395	17.29	15.27
1.396	17.28	15.27
1.397	17.27	15.27
1.397	17.27	15.27
1.398	17.27	15.27
1.399	17.26	15.27
1.399	17.26	15.27
1.399	17.25	15.27
1.400	17.25	15.27
1.400	17.25	15.27
1.400	17.25	15.27
1.400	17.25	15.27
1.401	17.25	15.27
1.401	17.25	15.27
1.401	17.24	15.27
1.402	17.24	15.27
1.402	17.24	15.27
1.402	17.24	15.27
1.402	17.24	15.27
1.402	17.24	15.27
1.402	17.24	15.27
1.402	17.24	15.27
1.402	17.24	15.27
1.402	17.24	15.27
1.403	17.24	15.27
1.403	17.23	15.27
1.403	17.23	15.27
1.403	17.23	15.27
1.403	17.23	15.27
1.403	17.23	15.27
1.403	17.23	15.27
1.403	17.23	15.27
1.403	17.22	15.27
1.403	17.22	15.27
1.403	17.22	15.27
1.403	17.22	15.27
1.403	17.22	15.27
1.403	17.22	15.27
1.403	17.22	15.27
1.403	17.22	15.27
1.403	17.22	15.27
1.404	17.22	15.27
1.404	17.21	15.27
1.404	17.21	15.27
1.405	17.21	15.27
1.405	17.20	15.27
1.405	17.19	15.27
1.405	17.19	15.27
1.405	17.19	15.27
1.405	17.19	15.27
1.406	17.19	15.27
1.406	17.19	15.27
1.406	17.18	15.27
1.406	17.18	15.27
1.407	17.18	15.27
1.407	17.17	15.27
1.407	17.17	15.27
1.408	17.17	15.27
1.408	17.16	15.27
1.408	17.16	15.27
1.408	17.16	15.27
1.408	17.15	15.27
1.408	17.15	15.27
1.409	17.15	15.27
1.409	17.15	15.27
1.409	17.15	15.27
1.409	17.15	15.27
1.409	17.14	15.27
1.409	17.14	15.27
1.409	17.14	15.27
1.409	17.14	15.27
1.409	17.14	15.27
1.409	17.14	15.27
1.409	17.14	15.27
1.410	17.14	15.27
1.410	17.14	15.27
1.410	17.14	15.27
1.410	17.14	15.27
1.410	17.13	15.27
1.410	17.13	15.27
1.410	17.13	15.27
1.410	17.13	15.27
1.410	17.13	15.27
1.410	17.13	15.27
1.410	17.13	15.27
1.410	17.13	15.27
1.410	17.12	15.27
1.411	17.12	15.27
1.411	17.12	15.27
1.411	17.12	15.27
1.411	17.12	15.27
1.411	17.12	15.27
1.411	17.12	15.27
1.411	17.11	15.27
1.412	17.11	15.27
1.412	17.11	15.27
1.412	17.10	15.27
1.412	17.10	15.27
1.412	17.10	15.27
1.412	17.10	15.27
1.412	17.10	15.27
1.412	17.10	15.27
1.412	17.09	15.27
1.412	17.09	15.27
1.412	17.09	15.27
1.413	17.09	15.27
1.413	17.07	15.27
1.413	17.07	15.27
1.413	17.08	15.27
1.413	17.08	15.27
1.413	17.07	15.27
1.414	17.07	15.27
1.414	17.07	15.27
1.414	17.06	15.27
1.414	17.06	15.27
1.415	17.06	15.27
1.415	17.06	15.27
1.415	17.06	15.27
1.415	17.06	15.27
1.415	17.05	15.27
1.415	17.04	15.27
1.416	17.04	15.27
1.416	17.04	15.27
1.417	17.03	15.27
1.417	17.03	15.27
1.417	17.02	15.27
1.417	17.01	15.27
1.418	17.01	15.27
1.418	17.00	15.27
1.418	17.00	15.27
1.418	16.99	15.27
1.419	16.99	15.27
1.419	16.99	15.27
1.419	16.99	15.27
1.419	16.98	15.27
1.420	16.98	15.27
1.420	16.98	15.27
1.420	16.98	15.27
1.421	16.97	15.27
1.421	16.96	15.27
1.421	16.96	15.27
1.422	16.96	15.27
1.422	16.96	15.27
1.422	16.95	15.27
1.423	16.94	15.27
1.423	16.94	15.27
1.423	16.93	15.27
1.424	16.92	15.27
1.424	16.92	15.27
1.424	16.92	15.27
1.424	16.92	15.27
1.425	16.92	15.27
1.425	16.91	15.27
1.425	16.90	15.27
1.426	16.90	15.27
1.426	16.90	15.27
1.426	16.90	15.27
1.426	16.89	15.27
1.427	16.89	15.27
1.427	16.88	15.27
1.428	16.88	15.27
1.428	16.87	15.27
1.429	16.86	15.27
1.429	16.85	15.27
1.429	16.85	15.27
1.430	16.84	15.27
1.430	16.84	15.27
1.431	16.83	15.27
1.431	16.82	15.27
1.432	16.81	15.27
1.433	16.79	15.27
1.434	16.79	15.27
1.434	16.78	15.27
1.435	16.78	15.27
1.436	16.78	15.27
1.436	16.78	15.27
1.437	16.78	15.27
1.437	16.77	15.27
1.437	16.77	15.27
1.438	16.77	15.27
1.438	16.76	15.27
1.439	16.76	15.27
1.439	16.75	15.27
1.439	16.75	15.27
1.439	16.75	15.27
1.439	16.75	15.27
1.440	16.75	15.27
1.440	16.75	15.27
1.440	16.75	15.27
1.440	16.74	15.27
1.440	16.74	15.27
1.441	16.73	15.27
1.441	16.73	15.27
1.441	16.73	15.27
1.442	16.72	15.27
1.442	16.72	15.27
1.442	16.72	15.27
1.443	16.71	15.27
1.443	16.71	15.27
1.444	16.70	15.27
1.444	16.69	15.27
1.444	16.69	15.27
1.445	16.69	15.27
1.445	16.69	15.27
1.445	16.69	15.27
1.445	16.69	15.27
1.446	16.69	15.27
1.446	16.68	15.27
1.446	16.68	15.27
1.446	16.68	15.27
1.446	16.67	15.27
1.446	16.67	15.27
1.447	16.67	15.27
1.447	16.67	15.27
1.447	16.66	15.27
1.447	16.66	15.27
1.448	16.65	15.27
1.448	16.65	15.27
1.448	16.65	15.27
1.448	16.65	15.27
1.448	16.64	15.27
1.448	16.64	15.27
1.449	16.64	15.27
1.449	16.63	15.27
1.449	16.63	15.27
1.449	16.62	15.27
1.450	16.61	15.27
1.450	16.61	15.27
1.451	16.60	15.27
1.451	16.59	15.27
1.452	16.59	15.27
1.452	16.58	15.27
1.453	16.56	15.27
1.453	16.55	15.27
1.454	16.55	15.27
1.455	16.55	15.27
1.456	16.54	15.27
1.456	16.54	15.27
1.456	16.54	15.27
1.457	16.53	15.27
1.457	16.52	15.27
1.457	16.52	15.27
1.458	16.51	15.27
1.458	16.51	15.27
1.458	16.51	15.27
1.458	16.50	15.27
1.459	16.49	15.27
1.459	16.49	15.27
1.460	16.49	15.27
1.460	16.48	15.27
1.460	16.48	15.27
1.460	16.48	15.27
1.460	16.48	15.27
1.461	16.47	15.27
1.461	16.47	15.27
1.461	16.47	15.27
1.462	16.45	15.27
1.462	16.45	15.27
1.463	16.44	15.27
1.463	16.44	15.27
1.464	16.43	15.27
1.464	16.43	15.27
1.465	16.42	15.27
1.465	16.41	15.27
1.466	16.40	15.27
1.466	16.40	15.27
1.467	16.39	15.27
1.467	16.39	15.27
1.468	16.38	15.27
1.468	16.38	15.27
1.469	16.37	15.27
1.469	16.36	15.27
1.470	16.36	15.27
1.470	16.35	15.27
1.470	16.34	15.27
1.471	16.34	15.27
1.472	16.34	15.27
1.472	16.33	15.27
1.473	16.32	15.27
1.474	16.33	15.27
1.474	16.32	15.27
1.475	16.32	15.27
1.475	16.32	15.27
1.476	16.32	15.27
1.476	16.32	15.27
1.476	16.31	15.27
1.477	16.31	15.27
1.477	16.31	15.27
1.477	16.30	15.27
1.478	16.29	15.27
1.478	16.29	15.27
1.479	16.28	15.27
1.479	16.28	15.27
1.479	16.28	15.27
1.480	16.27	15.27
1.481	16.27	15.27
1.481	16.26	15.27
1.481	16.26	15.27
1.482	16.26	15.27
1.482	16.25	15.27
1.483	16.24	15.27
1.483	16.23	15.27
1.484	16.22	15.27
1.484	16.22	15.27
1.484	16.21	15.27
1.485	16.21	15.27
1.485	16.21	15.27
1.486	16.20	15.27
1.486	16.20	15.27
1.486	16.20	15.27
1.486	16.20	15.27
1.486	16.20	15.27
1.487	16.20	15.27
1.487	16.19	15.27
1.487	16.19	15.27
1.487	16.19	15.27
1.487	16.19	15.27
1.488	16.18	15.27
1.488	16.18	15.27
1.488	16.18	15.27
1.488	16.17	15.27
1.489	16.17	15.27
1.489	16.17	15.27
1.489	16.16	15.27
1.490	16.16	15.27
1.490	16.16	15.27
1.490	16.16	15.27
1.490	16.16	15.27
1.490	16.15	15.27
1.490	16.15	15.27
1.490	16.15	15.27
1.490	16.15	15.27
1.490	16.14	15.27
1.490	16.14	15.27
1.491	16.14	15.27
1.491	16.13	15.27
1.491	16.13	15.27
1.491	16.13	15.27
1.491	16.13	15.27
1.491	16.13	15.27
1.492	16.12	15.27
1.492	16.12	15.27
1.492	16.11	15.27
1.492	16.11	15.27
1.493	16.10	15.27
1.493	16.09	15.27
1.493	16.09	15.27
1.493	16.09	15.27
1.493	16.09	15.27
1.493	16.09	15.27
1.493	16.08	15.27
1.493	16.08	15.27
1.494	16.08	15.27
1.494	16.08	15.27
1.494	16.07	15.27
1.494	16.08	15.27
1.494	16.07	15.27
1.495	16.07	15.27
1.495	16.07	15.27
1.495	16.06	15.27
1.496	16.06	15.27
1.496	16.06	15.27
1.496	16.06	15.27
1.496	16.06	15.27
1.496	16.06	15.27
1.496	16.06	15.27
1.496	16.05	15.27
1.496	16.05	15.27
1.496	16.05	15.27
1.497	16.05	15.27
1.497	16.05	15.27
1.497	16.04	15.27
1.497	16.04	15.27
1.497	16.04	15.27
1.497	16.04	15.27
1.497	16.03	15.27
1.497	16.04	15.27
1.498	16.03	15.27
1.498	16.03	15.27
1.498	16.02	15.27
1.498	16.02	15.27
1.498	16.02	15.27
1.499	16.02	15.27
1.499	16.02	15.27
1.499	16.01	15.27
1.499	16.01	15.27
1.499	16.01	15.27
1.500	16.00	15.27
1.500	16.00	15.27
1.500	16.00	15.27
1.500	15.99	15.27
1.500	15.99	15.27
1.501	15.99	15.27
1.501	15.98	15.27
1.501	15.98	15.27
1.502	15.97	15.27
1.502	15.97	15.27
1.502	15.97	15.27
1.503	15.97	15.27
1.503	15.97	15.27
1.503	15.97	15.27
1.503	15.96	15.27
1.504	15.96	15.27
1.504	15.96	15.27
1.504	15.95	15.27
1.505	15.94	15.27
1.505	15.94	15.27
1.505	15.93	15.27
1.506	15.93	15.27
1.506	15.93	15.27
1.506	15.92	15.27
1.507	15.92	15.27
1.507	15.91	15.27
1.508	15.91	15.27
1.508	15.91	15.27
1.508	15.90	15.27
1.509	15.89	15.27
1.509	15.89	15.27
1.509	15.89	15.27
1.510	15.89	15.27
1.510	15.88	15.27
1.511	15.87	15.27
1.512	15.86	15.27
1.512	15.86	15.27
1.513	15.85	15.27
1.513	15.84	15.27
1.514	15.84	15.27
1.514	15.84	15.27
1.515	15.84	15.27
1.515	15.84	15.27
1.516	15.83	15.27
1.516	15.84	15.27
1.516	15.84	15.27
1.517	15.83	15.27
1.517	15.83	15.27
1.517	15.83	15.27
1.518	15.82	15.27
1.518	15.82	15.27
1.518	15.82	15.27
1.518	15.82	15.27
1.519	15.82	15.27
1.519	15.81	15.27
1.519	15.81	15.27
1.519	15.81	15.27
1.520	15.81	15.27
1.520	15.80	15.27
1.520	15.80	15.27
1.520	15.80	15.27
1.521	15.79	15.27
1.521	15.79	15.27
1.521	15.79	15.27
1.522	15.79	15.27
1.522	15.79	15.27
1.522	15.78	15.27
1.522	15.78	15.27
1.522	15.78	15.27
1.522	15.78	15.27
1.522	15.78	15.27
1.522	15.78	15.27
1.522	15.78	15.27
1.522	15.78	15.27
1.522	15.78	15.27
1.522	15.78	15.27
1.522	15.78	15.27
1.523	15.77	15.27
1.523	15.77	15.27
1.523	15.77	15.27
1.523	15.77	15.27
1.523	15.77	15.27
1.523	15.77	15.27
1.524	15.77	15.27
1.524	15.77	15.27
1.524	15.76	15.27
1.524	15.76	15.27
1.524	15.75	15.27
1.524	15.75	15.27
1.525	15.75	15.27
1.525	15.75	15.27
1.525	15.74	15.27
1.526	15.74	15.27
1.526	15.74	15.27
1.526	15.73	15.27
1.527	15.74	15.27
1.527	15.74	15.27
1.527	15.74	15.27
1.527	15.73	15.27
1.527	15.72	15.27
1.527	15.72	15.27
1.528	15.72	15.27
1.528	15.71	15.27
1.528	15.71	15.27
1.529	15.70	15.27
1.529	15.70	15.27
1.529	15.70	15.27
1.530	15.70	15.27
1.530	15.69	15.27
1.530	15.69	15.27
1.531	15.69	15.27
1.531	15.69	15.27
1.531	15.68	15.27
1.531	15.68	15.27
1.531	15.68	15.27
1.531	15.68	15.27
1.531	15.68	15.27
1.532	15.67	15.27
1.532	15.67	15.27
1.532	15.66	15.27
1.532	15.66	15.27
1.532	15.65	15.27
1.532	15.65	15.27
1.533	15.65	15.27
1.533	15.65	15.27
1.533	15.64	15.27
1.534	15.63	15.27
1.534	15.63	15.27
1.535	15.62	15.27
1.535	15.62	15.27
1.536	15.57	15.27
1.536	15.60	15.27
1.536	15.49	15.27
1.537	15.43	15.27
1.537	15.47	15.27
1.537	15.57	15.27
1.537	15.58	15.27
1.537	15.58	15.27
1.538	15.57	15.27
1.538	15.58	15.27
1.538	15.57	15.27
1.538	15.54	15.27
1.538	15.58	15.27
1.538	15.58	15.27
1.538	15.57	15.28
1.539	15.57	15.27
1.539	15.57	15.27
1.539	15.55	15.28
1.540	15.55	15.28
1.540	15.54	15.28
1.541	15.54	15.28
1.541	15.53	15.27
1.542	15.53	15.28
1.542	15.53	15.28
1.543	15.52	15.28
1.543	15.52	15.28
1.543	15.51	15.27
1.544	15.51	15.28
1.545	15.51	15.28
1.545	15.50	15.28
1.545	15.50	15.28
1.545	15.50	15.28
1.546	15.50	15.28
1.546	15.50	15.28
1.546	15.49	15.28
1.546	15.48	15.28
1.546	15.47	15.28
1.547	15.47	15.28
1.547	15.46	15.28
1.548	15.45	15.28
1.549	15.44	15.28
1.550	15.43	15.28
1.551	15.43	15.28
1.551	15.43	15.28
1.552	15.42	15.28
1.552	15.42	15.28
1.552	15.42	15.28
1.553	15.42	15.28
1.553	15.41	15.28
1.554	15.40	15.28
1.554	15.40	15.28
1.555	15.40	15.28
1.555	15.40	15.28
1.555	15.40	15.28
1.555	15.40	15.28
1.555	15.40	15.28
1.555	15.39	15.28
1.555	15.39	15.28
1.555	15.39	15.28
1.555	15.39	15.28
1.555	15.39	15.28
1.556	15.39	15.28
1.556	15.39	15.28
1.556	15.39	15.28
1.556	15.38	15.28
1.556	15.38	15.28
1.557	15.37	15.28
1.557	15.37	15.28
1.559	15.37	15.28
1.559	15.36	15.28
1.560	15.36	15.28
1.560	15.35	15.28
1.561	15.35	15.28
1.561	15.35	15.28
1.562	15.35	15.28
1.562	15.34	15.28
1.563	15.34	15.28
1.563	15.34	15.28
1.563	15.34	15.28
1.564	15.33	15.28
1.564	15.34	15.28
1.564	15.34	15.28
1.564	15.34	15.28
1.564	15.33	15.28
1.564	15.33	15.28
1.564	15.34	15.28
1.564	15.34	15.28
1.564	15.33	15.28
1.564	15.33	15.28
1.564	15.33	15.28
1.564	15.33	15.28
1.564	15.33	15.28
1.565	15.32	15.28
1.565	15.31	15.28
1.566	15.31	15.28
1.566	15.31	15.28
1.566	15.30	15.28
1.566	15.30	15.28
1.567	15.30	15.28
1.567	15.29	15.28
1.567	15.29	15.28
1.567	15.29	15.28
1.568	15.29	15.28
1.568	15.28	15.28
1.568	15.28	15.28
1.568	15.28	15.28
1.568	15.28	15.28
1.568	15.28	15.28
1.568	15.28	15.28
1.568	15.28	15.28
1.568	15.28	15.28
1.568	15.28	15.28
1.568	15.28	15.28
1.569	15.28	15.28
1.569	15.28	15.28
1.569	15.27	15.28
1.569	15.26	15.28
1.569	15.26	15.28
1.570	15.24	15.28
1.570	15.25	15.28
1.571	15.25	15.28
1.571	15.25	15.28
1.572	15.25	15.28
1.572	15.24	15.28
1.572	15.24	15.28
1.572	15.24	15.28
1.573	15.24	15.28
1.573	15.24	15.28
1.573	15.24	15.28
1.573	15.24	15.28
1.573	15.24	15.28
1.573	15.24	15.28
1.573	15.23	15.28
1.573	15.24	15.28
1.574	15.23	15.28
1.573	15.23	15.28
1.574	15.23	15.28
1.574	15.23	15.28
1.574	15.23	15.28
1.574	15.23	15.28
1.574	15.22	15.28
1.574	15.23	15.28
1.574	15.22	15.28
1.574	15.21	15.28
1.575	15.19	15.28
1.575	15.19	15.28
1.576	15.18	15.28
1.577	15.18	15.28
1.577	15.16	15.28
1.578	15.15	15.28
1.579	15.15	15.28
1.579	15.15	15.28
1.579	15.15	15.28
1.579	15.15	15.28
1.579	15.15	15.28
1.579	15.15	15.28
1.579	15.15	15.28
1.579	15.14	15.28
1.579	15.13	15.28
1.580	15.13	15.28
1.580	15.13	15.28
1.581	15.12	15.28
1.582	15.12	15.28
1.582	15.11	15.28
1.583	15.11	15.28
1.583	15.10	15.28
1.583	15.10	15.28
1.584	15.09	15.28
1.584	15.09	15.28
1.584	15.09	15.28
1.584	15.09	15.28
1.584	15.08	15.28
1.584	15.08	15.28
1.585	15.08	15.28
1.585	15.08	15.28
1.585	15.08	15.28
1.585	15.07	15.28
1.585	15.07	15.28
1.585	15.07	15.28
1.586	15.07	15.28
1.586	15.07	15.28
1.586	15.06	15.28
1.586	15.07	15.28
1.586	15.06	15.28
1.587	15.06	15.28
1.587	15.06	15.28
1.587	15.05	15.28
1.587	15.05	15.28
1.588	15.05	15.28
1.588	15.05	15.28
1.588	15.05	15.28
1.588	15.04	15.28
1.588	15.04	15.28
1.588	15.04	15.28
1.588	15.03	15.28
1.589	15.03	15.28
1.589	15.03	15.28
1.589	15.03	15.28
1.589	15.03	15.28
1.589	15.03	15.28
1.590	15.02	15.28
1.590	15.02	15.28
1.590	15.01	15.28
1.591	15.00	15.28
1.591	15.00	15.28
1.591	15.00	15.28
1.592	14.99	15.28
1.592	15.00	15.28
1.592	14.99	15.28
1.592	14.99	15.28
1.592	14.99	15.28
1.592	14.99	15.28
1.593	14.99	15.28
1.593	14.98	15.28
1.593	14.98	15.28
1.594	14.98	15.28
1.594	14.97	15.28
1.594	14.97	15.28
1.595	14.97	15.28
1.595	14.97	15.28
1.595	14.96	15.28
1.595	14.96	15.28
1.595	14.96	15.28
1.596	14.96	15.28
1.596	14.96	15.28
1.596	14.95	15.28
1.597	14.95	15.28
1.597	14.95	15.28
1.597	14.95	15.28
1.597	14.95	15.28
1.597	14.95	15.28
1.597	14.94	15.28
1.597	14.94	15.28
1.598	14.93	15.28
1.598	14.93	15.28
1.599	14.93	15.28
1.599	14.93	15.28
1.600	14.93	15.28
1.600	14.92	15.28
1.600	14.91	15.28
1.601	14.91	15.28
1.601	14.90	15.28
1.602	14.90	15.28
1.602	14.90	15.28
1.602	14.90	15.28
1.602	14.90	15.28
1.603	14.90	15.28
1.603	14.89	15.28
1.603	14.89	15.28
1.604	14.89	15.28
1.604	14.89	15.28
1.604	14.89	15.28
1.605	14.88	15.28
1.605	14.88	15.28
1.606	14.87	15.28
1.607	14.87	15.28
1.607	14.86	15.28
1.609	14.86	15.28
1.609	14.86	15.28
1.610	14.86	15.28
1.610	14.86	15.28
1.610	14.86	15.28
1.611	14.86	15.28
1.611	14.86	15.28
1.611	14.86	15.28
1.611	14.86	15.28
1.611	14.86	15.28
1.611	14.85	15.28
1.611	14.85	15.28
1.611	14.86	15.28
1.611	14.86	15.28
1.611	14.86	15.28
1.611	14.86	15.28
1.611	14.85	15.28
1.611	14.86	15.28
1.611	14.86	15.28
1.611	14.85	15.28
1.611	14.85	15.28
1.611	14.84	15.28
1.611	14.84	15.28
1.612	14.83	15.28
1.612	14.83	15.28
1.613	14.82	15.28
1.614	14.82	15.28
1.614	14.81	15.28
1.615	14.80	15.28
1.616	14.80	15.28
1.616	14.80	15.28
1.617	14.79	15.28
1.617	14.78	15.28
1.617	14.78	15.28
1.618	14.78	15.28
1.618	14.77	15.28
1.619	14.77	15.28
1.619	14.77	15.28
1.619	14.77	15.28
1.620	14.76	15.28
1.620	14.76	15.28
1.620	14.76	15.28
1.620	14.76	15.28
1.621	14.75	15.28
1.621	14.75	15.28
1.621	14.75	15.28
1.621	14.75	15.28
1.621	14.74	15.28
1.622	14.74	15.28
1.622	14.74	15.28
1.622	14.73	15.28
1.622	14.73	15.28
1.623	14.72	15.28
1.623	14.72	15.28
1.623	14.72	15.28
1.623	14.72	15.28
1.624	14.71	15.28
1.624	14.71	15.28
1.624	14.70	15.28
1.624	14.70	15.28
1.624	14.70	15.28
1.624	14.70	15.28
1.624	14.70	15.28
1.624	14.70	15.28
1.624	14.70	15.28
1.624	14.70	15.28
1.624	14.70	15.28
1.624	14.70	15.28
1.624	14.70	15.28
1.624	14.70	15.28
1.624	14.70	15.28
1.624	14.70	15.28
1.624	14.70	15.28
1.624	14.70	15.28
1.624	14.70	15.28
1.624	14.70	15.28
1.624	14.70	15.28
1.624	14.70	15.28
1.624	14.68	15.28
1.626	14.66	15.28
1.627	14.64	15.28
1.629	14.64	15.28
1.630	14.63	15.28
1.631	14.62	15.28
1.631	14.62	15.28
1.631	14.62	15.28
1.632	14.61	15.28
1.632	14.61	15.28
1.632	14.61	15.28
1.632	14.61	15.28
1.632	14.61	15.28
1.632	14.60	15.28
1.633	14.60	15.28
1.633	14.60	15.28
1.634	14.59	15.28
1.634	14.59	15.28
1.635	14.59	15.28
1.635	14.58	15.28
1.635	14.58	15.28
1.636	14.57	15.28
1.636	14.57	15.28
1.636	14.56	15.28
1.636	14.56	15.28
1.636	14.56	15.28
1.636	14.56	15.28
1.637	14.55	15.28
1.637	14.55	15.28
1.637	14.56	15.28
1.637	14.55	15.28
1.637	14.55	15.28
1.638	14.55	15.28
1.638	14.55	15.28
1.638	14.55	15.28
1.638	14.55	15.28
1.638	14.55	15.28
1.638	14.54	15.28
1.638	14.55	15.28
1.638	14.55	15.28
1.638	14.54	15.28
1.638	14.55	15.28
1.638	14.55	15.28
1.638	14.54	15.28
1.638	14.54	15.28
1.638	14.54	15.28
1.638	14.54	15.28
1.639	14.54	15.28
1.639	14.53	15.28
1.639	14.52	15.28
1.640	14.52	15.28
1.640	14.52	15.28
1.641	14.51	15.28
1.641	14.50	15.28
1.642	14.50	15.28
1.643	14.49	15.28
1.644	14.48	15.28
1.645	14.47	15.28
1.645	14.47	15.28
1.646	14.47	15.28
1.646	14.46	15.28
1.647	14.47	15.28
1.647	14.47	15.28
1.647	14.46	15.28
1.647	14.45	15.28
1.648	14.44	15.28
1.650	14.43	15.28
1.651	14.43	15.28
1.652	14.42	15.28
1.653	14.41	15.28
1.654	14.41	15.28
1.655	14.42	15.28
1.655	14.41	15.28
1.656	14.41	15.28
1.656	14.41	15.28
1.657	14.41	15.28
1.657	14.40	15.28
1.658	14.40	15.28
1.659	14.39	15.28
1.660	14.39	15.28
1.660	14.38	15.28
1.661	14.38	15.28
1.661	14.37	15.28
1.662	14.37	15.28
1.662	14.36	15.28
1.662	14.36	15.28
1.662	14.37	15.28
1.662	14.36	15.28
1.662	14.36	15.28
1.662	14.36	15.28
1.662	14.36	15.28
1.662	14.37	15.28
1.662	14.36	15.28
1.662	14.36	15.28
1.662	14.37	15.28
1.662	14.37	15.28
1.662	14.37	15.28
1.661	14.37	15.28
1.661	14.37	15.28
1.661	14.36	15.28
1.661	14.36	15.28
1.661	14.36	15.28
1.661	14.37	15.28
1.661	14.35	15.28
1.662	14.35	15.28
1.662	14.35	15.28
1.663	14.33	15.28
1.664	14.33	15.28
1.664	14.33	15.28
1.665	14.32	15.28
1.666	14.31	15.28
1.667	14.31	15.28
1.667	14.30	15.28
1.668	14.30	15.28
1.668	14.30	15.28
1.669	14.30	15.28
1.669	14.30	15.28
1.669	14.30	15.28
1.669	14.29	15.28
1.669	14.30	15.28
1.670	14.29	15.28
1.670	14.29	15.28
1.670	14.29	15.28
1.670	14.28	15.28
1.671	14.27	15.28
1.672	14.26	15.28
1.672	14.25	15.28
1.673	14.25	15.28
1.674	14.24	15.28
1.674	14.25	15.28
1.674	14.24	15.28
1.674	14.23	15.28
1.675	14.23	15.28
1.676	14.21	15.28
1.677	14.21	15.28
1.678	14.20	15.28
1.679	14.19	15.28
1.679	14.19	15.28
1.679	14.19	15.28
1.680	14.18	15.28
1.680	14.18	15.28
1.680	14.17	15.28
1.681	14.17	15.28
1.681	14.17	15.28
1.682	14.16	15.28
1.683	14.14	15.28
1.684	14.14	15.28
1.684	14.14	15.28
1.685	14.12	15.28
1.686	14.12	15.28
1.686	14.11	15.28
1.687	14.10	15.28
1.688	14.10	15.28
1.688	14.10	15.28
1.689	14.09	15.28
1.689	14.09	15.28
1.689	14.09	15.28
1.690	14.08	15.28
1.691	14.08	15.28
1.691	14.08	15.28
1.691	14.07	15.28
1.692	14.07	15.28
1.692	14.07	15.28
1.692	14.06	15.28
1.692	14.06	15.28
1.693	14.06	15.28
1.693	14.05	15.28
1.693	14.05	15.28
1.694	14.03	15.28
1.695	14.02	15.28
1.697	14.00	15.28
1.698	13.99	15.28
1.699	13.99	15.28
1.700	13.99	15.28
1.701	13.98	15.28
1.701	13.97	15.28
1.702	13.97	15.28
1.703	13.97	15.28
1.704	13.96	15.28
1.705	13.95	15.28
1.706	13.95	15.28
1.707	13.94	15.28
1.708	13.94	15.28
1.709	13.93	15.28
1.711	13.93	15.28
1.712	13.93	15.28
1.713	13.92	15.28
1.713	13.91	15.28
1.714	13.92	15.28
1.714	13.91	15.28
1.715	13.90	15.28
1.715	13.90	15.28
1.716	13.89	15.28
1.716	13.89	15.28
1.717	13.88	15.28
1.717	13.88	15.28
1.718	13.88	15.28
1.718	13.88	15.28
1.719	13.87	15.28
1.719	13.86	15.28
1.720	13.86	15.28
1.720	13.85	15.28
1.721	13.85	15.28
1.721	13.84	15.28
1.722	13.84	15.28
1.722	13.84	15.28
1.722	13.84	15.28
1.723	13.83	15.28
1.723	13.83	15.28
1.724	13.82	15.28
1.724	13.80	15.28
1.725	13.80	15.28
1.725	13.80	15.28
1.726	13.80	15.28
1.726	13.79	15.28
1.727	13.79	15.28
1.727	13.79	15.28
1.727	13.79	15.28
1.728	13.79	15.28
1.728	13.78	15.28
1.728	13.77	15.28
1.729	13.76	15.28
1.730	13.75	15.28
1.731	13.74	15.28
1.731	13.73	15.28
1.732	13.73	15.28
1.733	13.72	15.28
1.733	13.72	15.28
1.734	13.72	15.28
1.734	13.72	15.28
1.734	13.71	15.28
1.734	13.71	15.28
1.734	13.71	15.28
1.735	13.71	15.28
1.735	13.71	15.28
1.735	13.70	15.28
1.736	13.70	15.28
1.736	13.69	15.28
1.736	13.68	15.28
1.737	13.69	15.28
1.737	13.68	15.28
1.737	13.67	15.28
1.738	13.67	15.28
1.738	13.67	15.28
1.738	13.67	15.28
1.738	13.67	15.28
1.738	13.67	15.28
1.738	13.67	15.28
1.738	13.66	15.28
1.738	13.66	15.28
1.738	13.66	15.28
1.738	13.66	15.28
1.738	13.66	15.28
1.739	13.66	15.28
1.739	13.65	15.28
1.739	13.65	15.28
1.739	13.65	15.28
1.739	13.65	15.28
1.739	13.65	15.28
1.740	13.65	15.28
1.740	13.64	15.28
1.740	13.64	15.28
1.740	13.64	15.28
1.740	13.64	15.28
1.740	13.63	15.28
1.741	13.63	15.28
1.741	13.63	15.28
1.741	13.63	15.28
1.741	13.63	15.28
1.741	13.63	15.28
1.741	13.63	15.28
1.741	13.63	15.28
1.741	13.63	15.28
1.741	13.63	15.28
1.742	13.62	15.28
1.742	13.63	15.28
1.743	13.62	15.28
1.743	13.62	15.28
1.743	13.62	15.28
1.743	13.62	15.28
1.743	13.62	15.28
1.743	13.62	15.28
1.743	13.63	15.28
1.743	13.62	15.28
1.743	13.62	15.28
1.743	13.62	15.28
1.743	13.62	15.28
1.743	13.62	15.28
1.743	13.61	15.28
1.744	13.61	15.28
1.744	13.61	15.28
1.744	13.60	15.28
1.745	13.58	15.28
1.746	13.59	15.28
1.746	13.59	15.28
1.747	13.58	15.28
1.748	13.57	15.28
1.748	13.57	15.28
1.749	13.56	15.28
1.749	13.56	15.28
1.750	13.56	15.29
1.750	13.56	15.28
1.750	13.56	15.28
1.750	13.55	15.28
1.751	13.55	15.28
1.751	13.54	15.29
1.752	13.54	15.28
1.752	13.53	15.29
1.753	13.53	15.28
1.753	13.53	15.28
1.754	13.52	15.28
1.754	13.52	15.28
1.755	13.52	15.29
1.756	13.51	15.29
1.757	13.49	15.29
1.758	13.50	15.29
1.758	13.50	15.29
1.759	13.49	15.29
1.760	13.48	15.29
1.761	13.48	15.29
1.763	13.47	15.29
1.764	13.46	15.29
1.765	13.46	15.29
1.766	13.45	15.29
1.767	13.45	15.29
1.768	13.45	15.29
1.769	13.45	15.29
1.769	13.45	15.29
1.770	13.44	15.29
1.771	13.44	15.29
1.772	13.43	15.29
1.772	13.43	15.29
1.773	13.43	15.29
1.773	13.42	15.29
1.774	13.42	15.29
1.775	13.41	15.29
1.775	13.41	15.29
1.775	13.41	15.29
1.776	13.40	15.29
1.776	13.40	15.29
1.776	13.40	15.29
1.776	13.40	15.29
1.776	13.40	15.29
1.776	13.38	15.29
1.777	13.38	15.29
1.777	13.38	15.29
1.778	13.37	15.29
1.778	13.37	15.29
1.779	13.37	15.29
1.779	13.37	15.29
1.780	13.37	15.29
1.780	13.37	15.29
1.780	13.36	15.29
1.781	13.35	15.29
1.781	13.35	15.29
1.782	13.34	15.29
1.782	13.34	15.29
1.782	13.33	15.29
1.782	13.32	15.29
1.782	13.32	15.29
1.783	13.32	15.29
1.784	13.30	15.29
1.784	13.29	15.29
1.785	13.30	15.29
1.786	13.29	15.29
1.786	13.29	15.29
1.787	13.29	15.29
1.787	13.28	15.29
1.788	13.27	15.29
1.789	13.26	15.29
1.790	13.25	15.29
1.790	13.24	15.29
1.791	13.23	15.29
1.792	13.23	15.29
1.793	13.23	15.29
1.793	13.22	15.29
1.793	13.22	15.29
1.794	13.21	15.29
1.794	13.22	15.29
1.795	13.22	15.29
1.795	13.21	15.29
1.796	13.21	15.29
1.796	13.20	15.29
1.796	13.20	15.29
1.797	13.19	15.29
1.797	13.18	15.29
1.798	13.17	15.29
1.799	13.17	15.29
1.799	13.16	15.29
1.799	13.16	15.29
1.800	13.15	15.29
1.801	13.15	15.29
1.801	13.15	15.29
1.801	13.15	15.29
1.802	13.14	15.29
1.802	13.14	15.29
1.802	13.13	15.29
1.802	13.13	15.29
1.803	13.13	15.29
1.803	13.12	15.29
1.803	13.13	15.29
1.804	13.12	15.29
1.804	13.12	15.29
1.804	13.12	15.29
1.804	13.11	15.29
1.806	13.11	15.29
1.806	13.09	15.29
1.807	13.09	15.29
1.809	13.07	15.29
1.810	13.07	15.29
1.811	13.07	15.29
1.812	13.06	15.29
1.813	13.06	15.29
1.814	13.05	15.29
1.815	13.04	15.29
1.816	13.04	15.29
1.817	13.03	15.29
1.818	13.03	15.29
1.820	13.02	15.29
1.821	13.02	15.29
1.823	13.00	15.29
1.824	12.99	15.29
1.826	12.99	15.29
1.827	12.98	15.29
1.828	12.98	15.29
1.829	12.98	15.29
1.830	12.97	15.29
1.831	12.97	15.29
1.831	12.96	15.29
1.831	12.96	15.29
1.832	12.96	15.29
1.832	12.96	15.29
1.833	12.96	15.29
1.833	12.96	15.29
1.833	12.96	15.29
1.834	12.96	15.29
1.834	12.95	15.29
1.835	12.94	15.29
1.836	12.95	15.29
1.836	12.94	15.29
1.837	12.94	15.29
1.837	12.93	15.29
1.837	12.93	15.29
1.837	12.92	15.29
1.838	12.92	15.29
1.838	12.92	15.29
1.838	12.92	15.29
1.839	12.91	15.29
1.840	12.91	15.29
1.840	12.90	15.29
1.841	12.90	15.29
1.841	12.89	15.29
1.841	12.88	15.29
1.842	12.88	15.29
1.843	12.88	15.29
1.843	12.88	15.29
1.844	12.86	15.29
1.845	12.85	15.29
1.846	12.85	15.29
1.846	12.84	15.29
1.847	12.83	15.29
1.847	12.83	15.29
1.848	12.83	15.29
1.848	12.82	15.29
1.849	12.82	15.29
1.849	12.80	15.29
1.851	12.79	15.29
1.852	12.78	15.29
1.853	12.77	15.29
1.854	12.76	15.29
1.855	12.76	15.29
1.856	12.75	15.29
1.857	12.74	15.29
1.858	12.74	15.29
1.858	12.74	15.29
1.859	12.73	15.29
1.860	12.71	15.29
1.861	12.71	15.29
1.862	12.71	15.29
1.862	12.70	15.29
1.863	12.70	15.29
1.863	12.70	15.29
1.863	12.69	15.29
1.864	12.69	15.29
1.864	12.69	15.29
1.864	12.68	15.29
1.865	12.68	15.29
1.865	12.67	15.29
1.866	12.68	15.29
1.866	12.67	15.29
1.866	12.67	15.29
1.866	12.67	15.29
1.867	12.66	15.29
1.868	12.66	15.29
1.868	12.65	15.29
1.869	12.64	15.29
1.869	12.63	15.29
1.871	12.62	15.29
1.871	12.62	15.29
1.872	12.62	15.29
1.873	12.61	15.29
1.874	12.60	15.29
1.875	12.60	15.29
1.875	12.60	15.29
1.875	12.60	15.29
1.876	12.60	15.29
1.876	12.59	15.29
1.877	12.60	15.29
1.877	12.59	15.29
1.878	12.58	15.29
1.878	12.58	15.29
1.879	12.57	15.29
1.881	12.56	15.29
1.881	12.55	15.29
1.883	12.55	15.29
1.883	12.55	15.29
1.884	12.54	15.29
1.884	12.55	15.29
1.884	12.55	15.29
1.884	12.55	15.29
1.884	12.54	15.29
1.884	12.54	15.29
1.884	12.54	15.29
1.885	12.53	15.29
1.887	12.52	15.29
1.889	12.52	15.29
1.891	12.52	15.29
1.892	12.52	15.29
1.894	12.51	15.29
1.895	12.50	15.29
1.896	12.50	15.29
1.897	12.50	15.29
1.898	12.49	15.29
1.898	12.48	15.29
1.899	12.48	15.29
1.899	12.47	15.29
1.900	12.47	15.29
1.900	12.46	15.29
1.900	12.46	15.29
1.901	12.46	15.29
1.901	12.46	15.29
1.901	12.45	15.29
1.902	12.45	15.29
1.902	12.45	15.29
1.903	12.45	15.29
1.903	12.44	15.29
1.903	12.44	15.29
1.904	12.44	15.29
1.904	12.45	15.29
1.905	12.44	15.29
1.905	12.43	15.29
1.905	12.43	15.29
1.905	12.43	15.29
1.906	12.43	15.29
1.906	12.42	15.29
1.907	12.41	15.29
1.908	12.40	15.29
1.909	12.39	15.29
1.910	12.38	15.29
1.911	12.38	15.29
1.912	12.38	15.29
1.912	12.37	15.29
1.913	12.35	15.29
1.914	12.35	15.29
1.915	12.34	15.29
1.916	12.33	15.29
1.917	12.32	15.29
1.918	12.31	15.29
1.919	12.28	15.29
1.920	12.28	15.29
1.921	12.27	15.29
1.922	12.27	15.29
1.923	12.26	15.29
1.924	12.27	15.29
1.924	12.26	15.29
1.924	12.25	15.29
1.925	12.25	15.29
1.926	12.24	15.29
1.927	12.23	15.29
1.928	12.23	15.29
1.929	12.23	15.29
1.929	12.22	15.29
1.930	12.22	15.29
1.930	12.21	15.29
1.931	12.21	15.29
1.931	12.20	15.29
1.931	12.20	15.29
1.932	12.20	15.29
1.932	12.20	15.29
1.933	12.19	15.29
1.934	12.19	15.29
1.935	12.18	15.29
1.936	12.18	15.29
1.937	12.16	15.29
1.938	12.15	15.29
1.939	12.13	15.29
1.941	12.13	15.29
1.943	12.12	15.29
1.944	12.11	15.29
1.946	12.10	15.29
1.947	12.10	15.29
1.949	12.10	15.29
1.950	12.09	15.29
1.952	12.08	15.29
1.953	12.08	15.29
1.955	12.07	15.29
1.957	12.07	15.29
1.959	12.06	15.29
1.961	12.06	15.29
1.962	12.05	15.29
1.962	12.05	15.29
1.962	12.05	15.29
1.963	12.05	15.29
1.963	12.04	15.29
1.965	12.03	15.29
1.966	12.03	15.29
1.966	12.03	15.29
1.967	12.02	15.29
1.967	12.01	15.29
1.968	12.01	15.29
1.968	12.01	15.29
1.969	12.01	15.29
1.969	12.00	15.29
1.970	12.00	15.29
1.970	12.00	15.29
1.971	11.99	15.29
1.971	11.99	15.29
1.972	11.99	15.29
1.972	11.99	15.29
1.972	11.99	15.29
1.972	11.99	15.29
1.972	11.98	15.29
1.972	11.99	15.29
1.972	11.98	15.29
1.972	11.98	15.29
1.972	11.99	15.29
1.972	11.99	15.29
1.972	11.98	15.29
1.972	11.98	15.29
1.972	11.98	15.29
1.972	11.98	15.29
1.972	11.97	15.29
1.972	11.97	15.29
1.974	11.96	15.29
1.975	11.95	15.29
1.977	11.94	15.29
1.978	11.95	15.29
1.978	11.94	15.29
1.979	11.93	15.29
1.980	11.92	15.29
1.981	11.91	15.29
1.983	11.90	15.29
1.983	11.89	15.29
1.984	11.89	15.29
1.984	11.89	15.29
1.984	11.89	15.29
1.984	11.89	15.29
1.984	11.88	15.29
1.984	11.89	15.29
1.984	11.88	15.29
1.984	11.88	15.29
1.985	11.88	15.29
1.985	11.88	15.29
1.985	11.87	15.29
1.985	11.87	15.29
1.985	11.87	15.29
1.986	11.87	15.29
1.986	11.86	15.29
1.987	11.85	15.29
1.987	11.85	15.29
1.987	11.84	15.29
1.988	11.84	15.29
1.988	11.84	15.29
1.989	11.83	15.29
1.990	11.82	15.29
1.991	11.81	15.29
1.992	11.80	15.29
1.993	11.79	15.29
1.994	11.78	15.29
1.995	11.78	15.29
1.996	11.78	15.29
1.996	11.78	15.29
1.996	11.78	15.29
1.996	11.78	15.29
1.996	11.78	15.29
1.996	11.77	15.29
1.996	11.78	15.29
1.996	11.77	15.29
1.997	11.76	15.29
1.997	11.76	15.29
1.997	11.76	15.29
1.997	11.76	15.29
1.997	11.76	15.29
1.997	11.76	15.29
1.997	11.76	15.29
1.997	11.76	15.29
1.997	11.76	15.29
1.997	11.75	15.29
1.997	11.75	15.29
1.999	11.75	15.29
2.000	11.74	15.29
2.001	11.73	15.29
2.001	11.73	15.29
2.002	11.72	15.29
2.003	11.72	15.29
2.003	11.72	15.29
2.004	11.71	15.29
2.004	11.71	15.29
2.005	11.71	15.29
2.006	11.71	15.29
2.006	11.70	15.29
2.007	11.69	15.29
2.007	11.69	15.29
2.007	11.68	15.29
2.008	11.68	15.29
2.009	11.68	15.29
2.010	11.67	15.29
2.011	11.66	15.29
2.013	11.65	15.29
2.014	11.65	15.29
2.015	11.65	15.29
2.016	11.64	15.29
2.017	11.64	15.29
2.017	11.63	15.29
2.018	11.63	15.29
2.019	11.63	15.29
2.020	11.62	15.29
2.022	11.61	15.29
2.024	11.60	15.29
2.025	11.59	15.29
2.026	11.59	15.29
2.028	11.59	15.29
2.028	11.59	15.29
2.029	11.58	15.29
2.029	11.58	15.29
2.030	11.58	15.29
2.030	11.58	15.29
2.031	11.58	15.29
2.032	11.57	15.29
2.034	11.57	15.29
2.035	11.57	15.29
2.037	11.56	15.29
2.038	11.56	15.29
2.039	11.55	15.29
2.040	11.55	15.29
2.041	11.54	15.29
2.042	11.54	15.29
2.043	11.54	15.29
2.043	11.54	15.29
2.044	11.54	15.29
2.045	11.53	15.29
2.045	11.52	15.29
2.046	11.52	15.29
2.046	11.52	15.29
2.047	11.51	15.29
2.048	11.50	15.29
2.049	11.50	15.29
2.050	11.50	15.29
2.050	11.49	15.29
2.050	11.50	15.29
2.051	11.48	15.29
2.051	11.48	15.29
2.052	11.48	15.29
2.053	11.48	15.29
2.053	11.48	15.29
2.054	11.47	15.29
2.054	11.45	15.29
2.056	11.44	15.29
2.057	11.43	15.29
2.057	11.43	15.29
2.058	11.42	15.29
2.059	11.41	15.29
2.060	11.41	15.29
2.060	11.41	15.29
2.061	11.40	15.29
2.062	11.39	15.29
2.062	11.39	15.29
2.062	11.38	15.29
2.063	11.38	15.29
2.063	11.38	15.29
2.063	11.38	15.29
2.064	11.37	15.29
2.064	11.37	15.29
2.065	11.35	15.29
2.066	11.34	15.29
2.067	11.33	15.29
2.068	11.33	15.29
2.068	11.33	15.29
2.069	11.32	15.29
2.070	11.31	15.29
2.071	11.31	15.29
2.072	11.30	15.29
2.072	11.30	15.29
2.073	11.29	15.29
2.073	11.29	15.29
2.074	11.28	15.29
2.074	11.28	15.29
2.075	11.27	15.29
2.075	11.27	15.29
2.076	11.26	15.29
2.077	11.26	15.29
2.078	11.26	15.29
2.079	11.25	15.29
2.080	11.25	15.29
2.081	11.23	15.29
2.081	11.23	15.29
2.082	11.23	15.29
2.082	11.23	15.29
2.081	11.23	15.29
2.081	11.23	15.29
2.081	11.23	15.29
2.081	11.23	15.29
2.081	11.23	15.29
2.081	11.23	15.29
2.081	11.23	15.29
2.081	11.23	15.29
2.081	11.23	15.29
2.080	11.23	15.29
2.080	11.23	15.29
2.081	11.23	15.29
2.082	11.22	15.29
2.084	11.21	15.29
2.086	11.20	15.29
2.087	11.19	15.29
2.089	11.19	15.29
2.090	11.18	15.29
2.092	11.17	15.29
2.094	11.17	15.29
2.095	11.16	15.29
2.096	11.16	15.29
2.097	11.14	15.29
2.099	11.14	15.29
2.101	11.13	15.29
2.103	11.12	15.29
2.105	11.12	15.29
2.107	11.12	15.29
2.109	11.11	15.29
2.111	11.11	15.29
2.112	11.11	15.29
2.113	11.11	15.29
2.115	11.11	15.29
2.116	11.10	15.29
2.116	11.10	15.29
2.116	11.10	15.29
2.117	11.10	15.29
2.117	11.10	15.29
2.118	11.09	15.29
2.118	11.08	15.29
2.119	11.07	15.29
2.121	11.07	15.29
2.122	11.06	15.29
2.124	11.06	15.29
2.125	11.05	15.29
2.126	11.05	15.29
2.127	11.04	15.29
2.128	11.04	15.29
2.129	11.03	15.29
2.131	11.02	15.29
2.131	11.02	15.29
2.131	11.02	15.29
2.132	11.01	15.29
2.132	11.01	15.29
2.133	11.01	15.29
2.134	10.99	15.29
2.135	10.98	15.29
2.136	10.97	15.29
2.137	10.97	15.29
2.137	10.97	15.29
2.137	10.97	15.29
2.138	10.96	15.29
2.138	10.96	15.29
2.139	10.96	15.29
2.140	10.95	15.29
2.140	10.95	15.29
2.140	10.95	15.29
2.141	10.95	15.29
2.141	10.95	15.29
2.141	10.94	15.29
2.142	10.93	15.29
2.143	10.91	15.29
2.145	10.90	15.29
2.146	10.89	15.29
2.148	10.88	15.29
2.149	10.87	15.29
2.150	10.86	15.29
2.152	10.84	15.29
2.153	10.84	15.29
2.154	10.83	15.29
2.155	10.83	15.29
2.156	10.83	15.29
2.156	10.82	15.29
2.157	10.82	15.29
2.157	10.82	15.29
2.157	10.81	15.29
2.158	10.80	15.29
2.158	10.80	15.29
2.159	10.79	15.29
2.160	10.78	15.29
2.161	10.78	15.29
2.161	10.78	15.29
2.162	10.78	15.30
2.162	10.77	15.30
2.162	10.77	15.30
2.163	10.77	15.30
2.163	10.77	15.29
2.164	10.76	15.29
2.165	10.75	15.30
2.165	10.75	15.30
2.166	10.75	15.30
2.167	10.74	15.30
2.168	10.74	15.30
2.169	10.74	15.30
2.170	10.73	15.30
2.170	10.73	15.30
2.171	10.73	15.30
2.172	10.72	15.30
2.172	10.72	15.30
2.173	10.72	15.30
2.173	10.71	15.30
2.174	10.70	15.30
2.175	10.70	15.30
2.175	10.70	15.30
2.176	10.70	15.30
2.176	10.70	15.30
2.176	10.70	15.30
2.177	10.69	15.30
2.178	10.69	15.30
2.178	10.68	15.30
2.179	10.68	15.30
2.181	10.67	15.30
2.183	10.65	15.30
2.186	10.65	15.30
2.189	10.64	15.30
2.191	10.64	15.30
2.193	10.63	15.30
2.195	10.63	15.30
2.196	10.63	15.30
2.198	10.62	15.30
2.199	10.62	15.30
2.201	10.62	15.30
2.202	10.61	15.30
2.203	10.61	15.30
2.204	10.61	15.30
2.204	10.61	15.30
2.205	10.61	15.30
2.207	10.60	15.30
2.207	10.60	15.30
2.208	10.59	15.30
2.209	10.59	15.30
2.210	10.58	15.30
2.212	10.57	15.30
2.214	10.56	15.30
2.215	10.56	15.30
2.216	10.55	15.30
2.217	10.55	15.30
2.218	10.55	15.30
2.218	10.54	15.30
2.218	10.54	15.30
2.219	10.53	15.30
2.220	10.54	15.30
2.220	10.53	15.30
2.221	10.53	15.30
2.221	10.53	15.30
2.221	10.52	15.30
2.222	10.52	15.30
2.222	10.52	15.30
2.223	10.51	15.30
2.224	10.50	15.30
2.225	10.51	15.30
2.225	10.50	15.30
2.226	10.50	15.30
2.226	10.49	15.30
2.226	10.48	15.30
2.227	10.48	15.30
2.227	10.48	15.30
2.227	10.48	15.30
2.228	10.48	15.30
2.228	10.47	15.30
2.228	10.47	15.30
2.228	10.47	15.30
2.229	10.47	15.30
2.229	10.46	15.30
2.229	10.46	15.30
2.230	10.46	15.30
2.230	10.45	15.30
2.231	10.45	15.30
2.231	10.45	15.30
2.231	10.45	15.30
2.232	10.43	15.30
2.233	10.43	15.30
2.234	10.41	15.30
2.234	10.41	15.30
2.235	10.40	15.30
2.236	10.40	15.30
2.236	10.40	15.30
2.236	10.39	15.30
2.237	10.40	15.30
2.237	10.39	15.30
2.237	10.39	15.30
2.238	10.39	15.30
2.238	10.39	15.30
2.238	10.39	15.30
2.239	10.39	15.30
2.239	10.39	15.30
2.239	10.38	15.30
2.239	10.38	15.30
2.240	10.37	15.30
2.241	10.36	15.30
2.242	10.35	15.30
2.243	10.35	15.30
2.244	10.34	15.30
2.245	10.33	15.30
2.246	10.33	15.30
2.246	10.33	15.30
2.246	10.33	15.30
2.246	10.32	15.30
2.247	10.32	15.30
2.248	10.31	15.30
2.249	10.31	15.30
2.250	10.30	15.30
2.251	10.29	15.30
2.252	10.28	15.30
2.253	10.28	15.30
2.253	10.28	15.30
2.253	10.28	15.30
2.254	10.28	15.30
2.254	10.27	15.30
2.255	10.27	15.30
2.256	10.27	15.30
2.257	10.26	15.30
2.257	10.26	15.30
2.258	10.26	15.30
2.259	10.26	15.30
2.260	10.25	15.30
2.261	10.24	15.30
2.262	10.24	15.30
2.263	10.23	15.30
2.264	10.22	15.30
2.266	10.22	15.30
2.269	10.21	15.30
2.270	10.21	15.30
2.271	10.21	15.30
2.272	10.21	15.30
2.272	10.20	15.30
2.274	10.20	15.30
2.274	10.19	15.30
2.274	10.19	15.30
2.275	10.18	15.30
2.278	10.16	15.30
2.280	10.16	15.30
2.282	10.16	15.30
2.283	10.16	15.30
2.284	10.15	15.30
2.285	10.15	15.30
2.285	10.15	15.30
2.286	10.15	15.30
2.287	10.15	15.30
2.288	10.15	15.30
2.288	10.15	15.30
2.288	10.15	15.30
2.288	10.15	15.30
2.288	10.15	15.30
2.288	10.15	15.30
2.288	10.15	15.30
2.287	10.15	15.30
2.287	10.15	15.30
2.287	10.15	15.30
2.287	10.15	15.30
2.287	10.15	15.30
2.287	10.15	15.30
2.290	10.13	15.30
2.295	10.12	15.30
2.299	10.12	15.30
2.302	10.12	15.30
2.303	10.11	15.30
2.304	10.10	15.30
2.305	10.10	15.30
2.305	10.10	15.30
2.305	10.10	15.30
2.305	10.10	15.30
2.306	10.10	15.30
2.306	10.10	15.30
2.307	10.09	15.30
2.307	10.09	15.30
2.307	10.09	15.30
2.307	10.09	15.30
2.308	10.08	15.30
2.309	10.08	15.30
2.309	10.08	15.30
2.310	10.08	15.30
2.310	10.07	15.30
2.310	10.07	15.30
2.311	10.06	15.30
2.313	10.06	15.30
2.314	10.05	15.30
2.315	10.05	15.30
2.316	10.04	15.30
2.317	10.03	15.30
2.318	10.03	15.30
2.319	10.03	15.30
2.319	10.02	15.30
2.320	10.02	15.30
2.320	10.01	15.30
2.321	10.00	15.30
2.322	10.00	15.30
2.322	10.00	15.30
2.323	9.99	15.30
2.325	9.97	15.30
2.327	9.96	15.30
2.329	9.95	15.30
2.332	9.93	15.30
2.334	9.92	15.30
2.335	9.90	15.30
2.338	9.89	15.30
2.340	9.89	15.30
2.341	9.88	15.30
2.342	9.88	15.30
2.343	9.86	15.30
2.345	9.85	15.30
2.347	9.84	15.30
2.348	9.84	15.30
2.348	9.83	15.30
2.348	9.83	15.30
2.349	9.82	15.30
2.350	9.82	15.30
2.351	9.82	15.30
2.351	9.82	15.30
2.351	9.82	15.30
2.351	9.82	15.30
2.352	9.81	15.30
2.353	9.81	15.30
2.354	9.80	15.30
2.356	9.79	15.30
2.358	9.79	15.30
2.358	9.78	15.30
2.359	9.78	15.30
2.359	9.78	15.30
2.359	9.78	15.30
2.359	9.78	15.30
2.360	9.77	15.30
2.360	9.77	15.30
2.361	9.77	15.30
2.362	9.76	15.30
2.362	9.76	15.30
2.362	9.76	15.30
2.363	9.76	15.30
2.363	9.76	15.30
2.363	9.75	15.30
2.363	9.74	15.30
2.364	9.74	15.30
2.365	9.73	15.30
2.366	9.73	15.30
2.367	9.72	15.30
2.368	9.71	15.30
2.371	9.71	15.30
2.371	9.70	15.30
2.372	9.71	15.30
2.372	9.70	15.30
2.372	9.70	15.30
2.373	9.70	15.30
2.373	9.70	15.30
2.375	9.69	15.30
2.376	9.69	15.30
2.376	9.69	15.30
2.376	9.69	15.30
2.376	9.69	15.30
2.377	9.68	15.30
2.379	9.67	15.30
2.381	9.67	15.30
2.383	9.66	15.30
2.384	9.65	15.30
2.386	9.65	15.30
2.387	9.65	15.30
2.387	9.65	15.30
2.388	9.65	15.30
2.389	9.65	15.30
2.389	9.65	15.30
2.389	9.64	15.30
2.389	9.65	15.30
2.390	9.65	15.30
2.391	9.65	15.30
2.392	9.64	15.30
2.393	9.64	15.30
2.394	9.64	15.30
2.395	9.64	15.30
2.396	9.64	15.30
2.396	9.63	15.30
2.397	9.64	15.30
2.398	9.63	15.30
2.399	9.63	15.30
2.400	9.63	15.30
2.401	9.62	15.30
2.402	9.62	15.30
2.403	9.61	15.30
2.404	9.61	15.30
2.405	9.60	15.30
2.405	9.59	15.30
2.406	9.59	15.30
2.407	9.58	15.30
2.407	9.58	15.30
2.408	9.58	15.30
2.408	9.58	15.30
2.409	9.57	15.30
2.410	9.57	15.30
2.411	9.58	15.30
2.411	9.57	15.30
2.412	9.56	15.30
2.413	9.55	15.30
2.414	9.54	15.30
2.416	9.51	15.30
2.417	9.50	15.30
2.418	9.50	15.30
2.418	9.50	15.30
2.418	9.49	15.30
2.418	9.50	15.30
2.418	9.49	15.30
2.419	9.49	15.30
2.419	9.49	15.30
2.419	9.49	15.30
2.419	9.49	15.30
2.419	9.49	15.30
2.419	9.49	15.30
2.419	9.50	15.30
2.421	9.50	15.30
2.422	9.50	15.30
2.424	9.50	15.30
2.425	9.50	15.30
2.426	9.51	15.30
2.426	9.48	15.30
2.427	9.47	15.30
2.428	9.46	15.30
2.428	9.46	15.30
2.430	9.45	15.30
2.431	9.45	15.30
2.433	9.45	15.30
2.434	9.45	15.30
2.435	9.44	15.30
2.436	9.44	15.30
2.438	9.43	15.30
2.440	9.43	15.30
2.442	9.42	15.30
2.444	9.41	15.30
2.446	9.41	15.30
2.447	9.41	15.30
2.449	9.40	15.30
2.450	9.41	15.30
2.451	9.41	15.30
2.452	9.41	15.30
2.452	9.41	15.30
2.454	9.41	15.30
2.455	9.40	15.30
2.455	9.40	15.30
2.456	9.40	15.30
2.457	9.40	15.30
2.458	9.39	15.30
2.460	9.39	15.30
2.461	9.40	15.30
2.463	9.40	15.30
2.464	9.37	15.30
2.466	9.30	15.30
2.468	9.27	15.30
2.469	9.27	15.30
2.471	9.25	15.30
2.472	9.25	15.30
2.473	9.25	15.30
2.474	9.23	15.30
2.475	9.25	15.30
2.476	9.25	15.30
2.478	9.25	15.30
2.478	9.24	15.30
2.479	9.25	15.30
2.479	9.24	15.30
2.479	9.26	15.30
2.479	9.24	15.30
2.481	9.24	15.30
2.482	9.23	15.30
2.484	9.22	15.30
2.486	9.18	15.30
2.488	9.18	15.30
2.490	9.17	15.30
2.494	9.16	15.30
2.498	9.14	15.30
2.500	9.15	15.30
2.502	9.20	15.30
2.505	9.21	15.30
2.506	9.21	15.30
2.508	9.23	15.30
2.509	9.21	15.30
2.510	9.21	15.30
2.512	9.21	15.30
2.512	9.20	15.30
2.512	9.19	15.30
2.512	9.21	15.30
2.512	9.22	15.30
2.514	9.21	15.30
2.516	9.16	15.30
2.519	9.12	15.30
2.523	9.11	15.30
2.524	9.10	15.30
2.526	9.10	15.30
2.526	9.10	15.30
2.526	9.09	15.30
2.526	9.11	15.30
2.526	9.11	15.30
2.527	9.09	15.30
2.528	9.06	15.30
2.529	9.09	15.30
2.530	9.08	15.30
2.532	9.07	15.30
2.534	9.08	15.30
2.536	9.08	15.30
2.538	9.12	15.30
2.540	9.09	15.30
2.542	9.08	15.30
2.543	9.05	15.30
2.544	9.03	15.30
2.545	9.00	15.30
2.546	9.01	15.30
2.547	9.00	15.30
2.549	8.97	15.30
2.551	8.97	15.30
2.553	8.97	15.30
2.555	8.96	15.30
2.557	8.94	15.30
2.559	8.93	15.30
2.561	8.93	15.30
2.563	8.90	15.30
2.564	8.91	15.30
2.564	8.91	15.30
2.564	8.90	15.30
2.565	8.90	15.30
2.565	8.90	15.30
2.565	8.90	15.30
2.566	8.90	15.30
2.567	8.89	15.30
2.567	8.89	15.30
2.568	8.89	15.30
2.569	8.89	15.30
2.570	8.89	15.30
2.571	8.87	15.30
2.572	8.89	15.30
2.573	8.89	15.30
2.574	8.88	15.30
2.575	8.88	15.30
2.576	8.87	15.30
2.577	8.86	15.30
2.578	8.87	15.30
2.579	8.87	15.30
2.580	8.87	15.30
2.581	8.84	15.30
2.581	8.82	15.30
2.581	8.82	15.30
2.582	8.78	15.30
2.582	8.80	15.30
2.583	8.78	15.30
2.585	8.82	15.30
2.587	8.82	15.30
2.589	8.82	15.30
2.591	8.81	15.30
2.592	8.84	15.30
2.593	8.80	15.30
2.594	8.80	15.30
2.596	8.70	15.30
2.598	8.72	15.30
2.600	8.70	15.30
2.603	8.70	15.30
2.606	8.71	15.30
2.609	8.69	15.30
2.611	8.70	15.30
2.612	8.70	15.30
2.613	8.69	15.30
2.615	8.71	15.30
2.617	8.70	15.30
2.619	8.69	15.30
2.621	8.68	15.30
2.624	8.69	15.30
2.627	8.70	15.30
2.629	8.70	15.30
2.632	8.73	15.30
2.636	8.76	15.30
2.639	8.80	15.31
2.641	8.75	15.30
2.642	8.71	15.31
2.643	8.69	15.31
2.645	8.70	15.30
2.646	8.66	15.31
2.647	8.68	15.30
2.647	8.67	15.31
2.647	8.66	15.31
2.649	8.64	15.31
2.650	8.62	15.31
2.651	8.67	15.30
2.653	8.64	15.31
2.654	8.64	15.31
2.655	8.64	15.31
2.657	8.64	15.31
2.658	8.64	15.31
2.660	8.65	15.31
2.663	8.64	15.31
2.665	8.63	15.31
2.666	8.62	15.31
2.667	8.59	15.31
2.668	8.58	15.31
2.671	8.58	15.31
2.673	8.56	15.31
2.675	8.57	15.31
2.676	8.54	15.31
2.676	8.56	15.31
2.676	8.54	15.31
2.677	8.55	15.31
2.681	8.51	15.31
2.684	8.47	15.31
2.686	8.46	15.31
2.687	8.47	15.31
2.688	8.49	15.31
2.689	8.48	15.31
2.690	8.47	15.31
2.692	8.47	15.31
2.693	8.50	15.31
2.694	8.47	15.31
2.695	8.46	15.31
2.696	8.46	15.31
2.697	8.43	15.31
2.698	8.42	15.31
2.699	8.43	15.31
2.701	8.43	15.31
2.701	8.42	15.31
2.702	8.43	15.31
2.702	8.43	15.31
2.703	8.43	15.31
2.704	8.43	15.31
2.705	8.40	15.31
2.707	8.40	15.31
2.708	8.39	15.31
2.710	8.40	15.31
2.711	8.40	15.31
2.713	8.37	15.31
2.716	8.40	15.31
2.717	8.39	15.31
2.718	8.39	15.31
2.718	8.42	15.31
2.719	8.38	15.31
2.720	8.38	15.31
2.721	8.39	15.31
2.722	8.38	15.31
2.723	8.40	15.31
2.724	8.38	15.31
2.725	8.37	15.31
2.726	8.37	15.31
2.727	8.39	15.31
2.728	8.34	15.31
2.729	8.33	15.31
2.730	8.35	15.31
2.730	8.34	15.31
2.731	8.35	15.31
2.732	8.32	15.31
2.733	8.31	15.31
2.735	8.29	15.31
2.737	8.32	15.31
2.739	8.31	15.31
2.740	8.34	15.31
2.742	8.32	15.31
2.743	8.32	15.31
2.744	8.31	15.31
2.746	8.30	15.31
2.748	8.31	15.31
2.750	8.29	15.31
2.753	8.31	15.31
2.755	8.31	15.31
2.758	8.27	15.31
2.759	8.32	15.31
2.761	8.32	15.31
2.763	8.31	15.31
2.765	8.34	15.31
2.768	8.31	15.31
2.770	8.35	15.31
2.771	8.32	15.31
2.773	8.31	15.31
2.774	8.30	15.31
2.776	8.31	15.31
2.777	8.32	15.31
2.777	8.31	15.31
2.778	8.36	15.31
2.778	8.32	15.31
2.779	8.31	15.31
2.779	8.27	15.31
2.780	8.30	15.31
2.780	8.28	15.31
2.781	8.27	15.31
2.782	8.25	15.31
2.783	8.27	15.31
2.785	8.20	15.31
2.787	8.23	15.31
2.789	8.24	15.31
2.790	8.24	15.31
2.792	8.20	15.31
2.793	8.20	15.31
2.794	8.19	15.31
2.795	8.21	15.31
2.796	8.21	15.31
2.797	8.18	15.31
2.798	8.22	15.31
2.800	8.17	15.31
2.802	8.22	15.31
2.803	8.24	15.31
2.806	8.15	15.31
2.809	8.16	15.31
2.812	8.13	15.31
2.813	8.12	15.31
2.814	8.15	15.31
2.814	8.16	15.31
2.816	8.16	15.31
2.817	8.16	15.31
2.819	8.15	15.31
2.820	8.13	15.31
2.822	8.12	15.31
2.824	8.05	15.31
2.825	7.99	15.31
2.827	8.00	15.31
2.829	8.00	15.31
2.831	8.02	15.31
2.832	7.99	15.31
2.833	8.00	15.31
2.834	7.97	15.31
2.835	7.99	15.31
2.835	7.95	15.31
2.836	7.95	15.31
2.837	7.96	15.31
2.838	7.96	15.31
2.839	7.95	15.31
2.840	7.96	15.31
2.841	7.95	15.31
2.843	7.93	15.31
2.844	7.92	15.31
2.845	7.95	15.31
2.845	7.94	15.31
2.845	7.92	15.31
2.845	7.94	15.31
2.845	7.94	15.31
2.845	7.99	15.31
2.845	7.92	15.31
2.846	7.93	15.31
2.847	7.93	15.31
2.847	7.93	15.31
2.848	7.94	15.31
2.849	7.95	15.31
2.850	7.94	15.31
2.851	7.93	15.31
2.851	7.94	15.31
2.851	7.92	15.31
2.851	7.93	15.31
2.853	7.92	15.31
2.855	7.93	15.31
2.857	7.91	15.31
2.858	7.88	15.31
2.859	7.90	15.31
2.860	7.89	15.31
2.862	7.90	15.31
2.863	7.88	15.31
2.863	7.87	15.31
2.864	7.90	15.31
2.864	7.89	15.31
2.865	7.92	15.31
2.866	7.88	15.31
2.866	7.89	15.31
2.866	7.88	15.31
2.866	7.89	15.31
2.866	7.86	15.31
2.866	7.86	15.31
2.866	7.89	15.31
2.866	7.86	15.31
2.866	7.87	15.31
2.866	7.86	15.31
2.866	7.86	15.31
2.865	7.86	15.31
2.865	7.87	15.31
2.865	7.86	15.31
2.865	7.82	15.31
2.865	7.83	15.31
2.864	7.85	15.31
2.864	7.86	15.31
2.864	7.83	15.31
2.864	7.84	15.31
2.864	7.83	15.31
2.864	7.86	15.31
2.864	7.85	15.31
2.864	7.87	15.31
2.863	7.90	15.31
2.864	7.87	15.31
2.864	7.85	15.31
2.865	7.87	15.31
2.868	7.85	15.31
2.870	7.88	15.31
2.872	7.91	15.31
2.875	7.88	15.31
2.878	7.89	15.31
2.881	7.84	15.31
2.886	7.80	15.31
2.891	7.81	15.31
2.896	7.80	15.31
2.901	7.86	15.31
2.907	7.92	15.31
2.913	7.91	15.31
2.919	7.88	15.31
2.923	7.86	15.31
2.927	7.84	15.31
2.929	7.85	15.31
2.933	7.85	15.31
2.938	7.73	15.31
2.941	7.74	15.31
2.942	7.70	15.31
2.942	7.73	15.31
2.943	7.71	15.31
2.944	7.73	15.31
2.946	7.66	15.31
2.948	7.71	15.31
2.950	7.69	15.31
2.952	7.69	15.31
2.954	7.73	15.31
2.957	7.78	15.31
2.961	7.71	15.31
2.965	7.66	15.31
2.968	7.68	15.31
2.971	7.63	15.31
2.972	7.60	15.31
2.973	7.59	15.31
2.974	7.63	15.31
2.974	7.61	15.31
2.976	7.64	15.31
2.978	7.57	15.31
2.981	7.53	15.31
2.983	7.54	15.31
2.985	7.50	15.31
2.987	7.52	15.31
2.990	7.47	15.31
2.992	7.49	15.31
2.995	7.50	15.31
2.997	7.46	15.31
3.001	7.47	15.31
3.004	7.44	15.31
3.007	7.43	15.31
3.009	7.42	15.31
3.010	7.45	15.31
3.011	7.38	15.31
3.012	7.41	15.31
3.012	7.39	15.31
3.013	7.41	15.31
3.014	7.41	15.31
3.014	7.43	15.31
3.014	7.39	15.31
3.015	7.40	15.31
3.015	7.43	15.31
3.016	7.40	15.31
3.016	7.38	15.31
3.017	7.41	15.31
3.019	7.40	15.31
3.019	7.38	15.31
3.020	7.37	15.31
3.021	7.40	15.31
3.022	7.40	15.31
3.023	7.38	15.31
3.024	7.34	15.31
3.024	7.38	15.31
3.025	7.35	15.31
3.026	7.36	15.31
3.028	7.37	15.31
3.030	7.33	15.31
3.030	7.36	15.31
3.030	7.40	15.31
3.031	7.34	15.31
3.031	7.38	15.31
3.033	7.38	15.31
3.033	7.34	15.31
3.034	7.34	15.31
3.034	7.33	15.31
3.034	7.36	15.31
3.033	7.38	15.31
3.033	7.34	15.31
3.033	7.35	15.31
3.033	7.34	15.31
3.032	7.30	15.31
3.032	7.30	15.31
3.032	7.33	15.31
3.032	7.39	15.31
3.031	7.36	15.31
3.031	7.37	15.31
3.031	7.34	15.31
3.031	7.35	15.31
3.031	7.36	15.31
3.031	7.39	15.31
3.031	7.32	15.31
3.031	7.37	15.31
3.030	7.36	15.31
3.030	7.33	15.31
3.030	7.34	15.31
3.030	7.35	15.31
3.030	7.33	15.31
3.030	7.34	15.31
3.030	7.38	15.31
3.030	7.37	15.31
3.029	7.38	15.31
3.029	7.35	15.31
3.029	7.34	15.32
3.029	7.34	15.32
3.029	7.37	15.32
3.029	7.35	15.32
3.029	7.36	15.32
3.029	7.38	15.32
3.028	7.32	15.32
3.028	7.38	15.32
3.028	7.36	15.32
3.028	7.33	15.32
3.028	7.34	15.32
3.028	7.38	15.32
3.028	7.31	15.32
3.028	7.35	15.32
3.028	7.32	15.32
3.028	7.38	15.32
3.028	7.33	15.32
3.028	7.35	15.32
3.028	7.34	15.32
3.028	7.35	15.32
3.027	7.33	15.32
3.027	7.32	15.32
3.027	7.32	15.32
3.027	7.36	15.32
