1.166	21.86	25.12
1.166	21.86	25.12
1.166	21.86	25.12
1.166	21.86	25.12
1.166	21.86	25.12
1.166	21.86	25.12
1.166	21.86	25.12
1.166	21.86	25.12
1.166	21.86	25.12
1.166	21.86	25.12
1.166	21.86	25.12
1.166	21.86	25.12
1.166	21.86	25.12
1.166	21.86	25.12
1.166	21.86	25.12
1.166	21.86	25.12
1.166	21.86	25.12
1.166	21.80	25.12
1.166	21.76	25.12
1.166	21.77	25.12
1.166	21.76	25.12
1.167	21.74	25.12
1.167	21.77	25.12
1.167	21.75	25.12
1.167	21.75	25.12
1.168	21.71	25.12
1.168	21.70	25.12
1.168	21.70	25.12
1.168	21.69	25.12
1.168	21.68	25.12
1.168	21.66	25.12
1.168	21.67	25.12
1.169	21.68	25.12
1.169	21.66	25.12
1.169	21.66	25.12
1.169	21.64	25.12
1.169	21.63	25.12
1.169	21.63	25.12
1.169	21.63	25.12
1.169	21.63	25.12
1.169	21.63	25.12
1.169	21.63	25.12
1.170	21.63	25.12
1.170	21.62	25.12
1.170	21.63	25.12
1.170	21.63	25.12
1.170	21.62	25.12
1.170	21.61	25.12
1.170	21.61	25.12
1.170	21.61	25.12
1.170	21.60	25.12
1.171	21.57	25.12
1.171	21.53	25.12
1.171	21.49	25.12
1.171	21.45	25.12
1.171	21.42	25.12
1.171	21.44	25.12
1.171	21.47	25.12
1.171	21.48	25.12
1.172	21.49	25.12
1.172	21.52	25.12
1.172	21.52	25.12
1.172	21.51	25.12
1.172	21.49	25.12
1.172	21.49	25.12
1.173	21.51	25.12
1.173	21.50	25.12
1.173	21.49	25.12
1.173	21.47	25.12
1.173	21.48	25.12
1.173	21.47	25.12
1.174	21.46	25.12
1.174	21.46	25.12
1.174	21.46	25.12
1.174	21.46	25.12
1.174	21.44	25.12
1.174	21.44	25.12
1.175	21.46	25.12
1.175	21.48	25.12
1.175	21.44	25.12
1.175	21.46	25.12
1.175	21.44	25.12
1.176	21.46	25.12
1.176	21.46	25.12
1.176	21.44	25.12
1.176	21.43	25.12
1.176	21.42	25.12
1.176	21.42	25.12
1.176	21.43	25.12
1.176	21.36	25.12
1.177	21.38	25.12
1.177	21.41	25.12
1.177	21.41	25.12
1.177	21.41	25.12
1.178	21.42	25.12
1.178	21.39	25.12
1.178	21.39	25.12
1.178	21.42	25.12
1.179	21.41	25.12
1.179	21.44	25.12
1.179	21.46	25.12
1.179	21.45	25.12
1.179	21.42	25.12
1.179	21.40	25.12
1.180	21.41	25.12
1.180	21.41	25.12
1.180	21.44	25.12
1.180	21.44	25.12
1.181	21.44	25.12
1.181	21.45	25.12
1.181	21.43	25.12
1.181	21.43	25.12
1.181	21.39	25.12
1.181	21.38	25.12
1.182	21.37	25.12
1.182	21.36	25.12
1.182	21.38	25.12
1.182	21.34	25.12
1.182	21.35	25.12
1.182	21.36	25.12
1.183	21.34	25.12
1.183	21.33	25.12
1.183	21.33	25.12
1.184	21.35	25.12
1.184	21.33	25.12
1.184	21.33	25.12
1.184	21.34	25.12
1.184	21.34	25.12
1.185	21.33	25.12
1.185	21.32	25.12
1.185	21.33	25.12
1.185	21.32	25.12
1.185	21.31	25.12
1.186	21.31	25.12
1.186	21.30	25.12
1.186	21.29	25.12
1.186	21.28	25.12
1.187	21.28	25.12
1.187	21.27	25.12
1.187	21.26	25.12
1.187	21.22	25.12
1.187	21.23	25.12
1.187	21.22	25.12
1.188	21.24	25.12
1.188	21.25	25.12
1.188	21.27	25.12
1.188	21.27	25.12
1.188	21.27	25.12
1.188	21.28	25.12
1.188	21.27	25.12
1.188	21.27	25.12
1.188	21.27	25.12
1.189	21.27	25.12
1.189	21.27	25.12
1.189	21.27	25.12
1.189	21.27	25.12
1.189	21.27	25.12
1.189	21.27	25.12
1.190	21.27	25.12
1.190	21.27	25.12
1.190	21.27	25.12
1.190	21.27	25.12
1.191	21.27	25.12
1.191	21.27	25.12
1.191	21.24	25.12
1.191	21.24	25.12
1.191	21.22	25.12
1.191	21.20	25.12
1.192	21.19	25.12
1.192	21.19	25.12
1.192	21.19	25.12
1.192	21.19	25.11
1.192	21.19	25.12
1.192	21.18	25.12
1.193	21.16	25.11
1.193	21.17	25.11
1.193	21.16	25.11
1.193	21.14	25.11
1.193	21.14	25.11
1.193	21.13	25.11
1.193	21.11	25.11
1.193	21.09	25.11
1.194	21.07	25.11
1.194	21.07	25.11
1.194	21.01	25.11
1.194	21.00	25.11
1.194	21.01	25.11
1.194	21.02	25.11
1.194	21.01	25.11
1.194	21.01	25.11
1.194	21.01	25.11
1.194	21.01	25.11
1.194	21.00	25.11
1.194	20.97	25.11
1.195	20.94	25.11
1.195	20.96	25.11
1.195	20.98	25.11
1.195	20.98	25.11
1.195	20.98	25.11
1.195	20.91	25.11
1.195	20.89	25.11
1.196	20.84	25.11
1.196	20.86	25.11
1.196	20.88	25.11
1.196	20.86	25.11
1.196	20.85	25.11
1.196	20.90	25.11
1.197	20.91	25.11
1.197	20.90	25.11
1.197	20.86	25.11
1.197	20.84	25.11
1.197	20.87	25.11
1.197	20.85	25.11
1.197	20.86	25.11
1.197	20.88	25.11
1.197	20.84	25.11
1.198	20.86	25.11
1.198	20.90	25.11
1.198	20.93	25.11
1.198	20.98	25.11
1.198	20.98	25.11
1.198	20.99	25.11
1.199	21.01	25.11
1.199	21.00	25.11
1.199	20.99	25.11
1.199	20.99	25.11
1.199	20.97	25.11
1.199	20.95	25.11
1.199	20.94	25.11
1.200	20.97	25.11
1.200	20.99	25.11
1.200	21.00	25.11
1.200	21.01	25.11
1.200	21.01	25.11
1.200	21.01	25.11
1.200	20.99	25.11
1.200	20.97	25.11
1.200	20.95	25.11
1.200	20.95	25.11
1.201	20.95	25.11
1.201	20.97	25.11
1.201	20.95	25.11
1.201	20.94	25.11
1.201	20.92	25.11
1.201	20.88	25.11
1.201	20.86	25.11
1.201	20.86	25.11
1.201	20.85	25.11
1.201	20.86	25.11
1.202	20.89	25.11
1.202	20.90	25.11
1.202	20.91	25.11
1.202	20.92	25.11
1.202	20.93	25.11
1.202	20.93	25.11
1.202	20.94	25.11
1.203	20.96	25.11
1.203	20.96	25.11
1.203	20.93	25.11
1.203	20.94	25.11
1.203	20.94	25.11
1.203	20.95	25.11
1.204	20.97	25.11
1.204	20.96	25.11
1.204	20.97	25.11
1.204	20.97	25.11
1.204	21.00	25.11
1.204	21.00	25.11
1.204	21.00	25.11
1.204	21.00	25.11
1.205	20.99	25.11
1.205	20.98	25.11
1.205	20.97	25.11
1.205	20.97	25.11
1.205	20.96	25.11
1.206	20.97	25.11
1.206	20.97	25.11
1.206	20.96	25.11
1.206	20.94	25.11
1.206	20.92	25.11
1.206	20.93	25.11
1.206	20.95	25.11
1.206	20.96	25.11
1.206	20.96	25.11
1.207	20.96	25.11
1.207	20.93	25.11
1.207	20.90	25.11
1.207	20.92	25.11
1.207	20.93	25.11
1.207	20.93	25.11
1.207	20.92	25.11
1.208	20.90	25.11
1.208	20.90	25.11
1.208	20.89	25.11
1.208	20.89	25.11
1.208	20.88	25.11
1.208	20.88	25.11
1.208	20.83	25.11
1.209	20.79	25.11
1.209	20.79	25.11
1.209	20.79	25.11
1.210	20.79	25.11
1.210	20.79	25.11
1.210	20.79	25.11
1.210	20.79	25.11
1.210	20.82	25.11
1.210	20.83	25.11
1.210	20.83	25.11
1.211	20.83	25.11
1.211	20.82	25.11
1.211	20.82	25.11
1.211	20.82	25.11
1.211	20.81	25.11
1.211	20.83	25.11
1.211	20.83	25.11
1.212	20.84	25.11
1.212	20.84	25.11
1.212	20.83	25.11
1.212	20.83	25.11
1.212	20.82	25.11
1.213	20.81	25.11
1.213	20.79	25.11
1.213	20.78	25.11
1.213	20.77	25.11
1.213	20.77	25.11
1.214	20.74	25.11
1.214	20.61	25.11
1.214	20.69	25.11
1.214	20.74	25.11
1.214	20.74	25.11
1.215	20.76	25.11
1.215	20.79	25.11
1.215	20.79	25.11
1.215	20.81	25.11
1.215	20.82	25.11
1.215	20.81	25.11
1.215	20.81	25.11
1.215	20.80	25.11
1.216	20.79	25.11
1.216	20.79	25.11
1.216	20.79	25.11
1.216	20.79	25.11
1.216	20.79	25.11
1.216	20.79	25.11
1.216	20.79	25.11
1.216	20.79	25.11
1.216	20.79	25.11
1.216	20.79	25.11
1.216	20.78	25.11
1.216	20.77	25.11
1.217	20.76	25.11
1.217	20.76	25.11
1.217	20.77	25.11
1.217	20.77	25.11
1.217	20.78	25.11
1.217	20.77	25.11
1.217	20.72	25.11
1.217	20.73	25.11
1.217	20.73	25.11
1.217	20.75	25.11
1.217	20.71	25.11
1.217	20.71	25.11
1.217	20.70	25.11
1.217	20.70	25.11
1.217	20.70	25.11
1.218	20.70	25.11
1.218	20.71	25.11
1.218	20.69	25.11
1.218	20.67	25.11
1.218	20.68	25.11
1.218	20.68	25.11
1.218	20.70	25.11
1.218	20.69	25.11
1.218	20.68	25.11
1.218	20.65	25.11
1.219	20.64	25.11
1.219	20.63	25.11
1.219	20.63	25.11
1.219	20.64	25.11
1.219	20.62	25.11
1.219	20.61	25.11
1.219	20.58	25.11
1.220	20.58	25.11
1.220	20.56	25.11
1.220	20.56	25.11
1.220	20.53	25.11
1.220	20.53	25.11
1.220	20.55	25.11
1.220	20.56	25.11
1.220	20.56	25.11
1.220	20.57	25.11
1.220	20.56	25.11
1.220	20.53	25.11
1.220	20.50	25.11
1.220	20.50	25.11
1.221	20.46	25.11
1.221	20.42	25.11
1.221	20.39	25.11
1.221	20.40	25.11
1.221	20.40	25.11
1.221	20.44	25.11
1.221	20.45	25.11
1.221	20.43	25.11
1.222	20.40	25.11
1.222	20.44	25.11
1.222	20.43	25.11
1.222	20.46	25.11
1.222	20.45	25.11
1.222	20.45	25.11
1.222	20.47	25.11
1.222	20.48	25.11
1.222	20.48	25.11
1.222	20.48	25.11
1.223	20.47	25.11
1.223	20.49	25.11
1.223	20.50	25.11
1.223	20.50	25.11
1.223	20.50	25.11
1.223	20.51	25.11
1.223	20.51	25.11
1.223	20.50	25.11
1.223	20.51	25.11
1.223	20.52	25.11
1.223	20.54	25.11
1.223	20.55	25.11
1.223	20.54	25.11
1.223	20.55	25.11
1.223	20.54	25.11
1.223	20.53	25.11
1.224	20.53	25.11
1.224	20.53	25.11
1.224	20.53	25.11
1.224	20.53	25.11
1.224	20.52	25.11
1.224	20.51	25.11
1.224	20.52	25.11
1.224	20.52	25.11
1.224	20.53	25.11
1.224	20.54	25.11
1.224	20.54	25.11
1.224	20.53	25.11
1.224	20.53	25.11
1.224	20.50	25.11
1.224	20.52	25.11
1.225	20.51	25.11
1.225	20.52	25.11
1.225	20.53	25.11
1.225	20.53	25.11
1.225	20.49	25.11
1.225	20.48	25.11
1.225	20.50	25.11
1.225	20.50	25.11
1.225	20.50	25.11
1.226	20.52	25.11
1.226	20.53	25.11
1.226	20.50	25.11
1.226	20.47	25.11
1.226	20.43	25.11
1.226	20.42	25.11
1.226	20.44	25.11
1.226	20.44	25.11
1.227	20.44	25.11
1.227	20.45	25.11
1.227	20.44	25.11
1.227	20.45	25.11
1.227	20.41	25.11
1.227	20.46	25.11
1.227	20.45	25.11
1.227	20.44	25.11
1.228	20.44	25.11
1.228	20.43	25.11
1.228	20.42	25.11
1.228	20.42	25.11
1.228	20.41	25.11
1.228	20.41	25.11
1.228	20.43	25.11
1.228	20.47	25.11
1.228	20.48	25.11
1.228	20.48	25.11
1.229	20.48	25.11
1.229	20.48	25.11
1.229	20.48	25.11
1.229	20.48	25.11
1.229	20.49	25.11
1.229	20.49	25.11
1.229	20.51	25.11
1.230	20.51	25.11
1.230	20.50	25.11
1.230	20.48	25.11
1.230	20.48	25.11
1.230	20.46	25.11
1.230	20.45	25.11
1.230	20.46	25.11
1.230	20.49	25.11
1.231	20.50	25.11
1.231	20.50	25.11
1.231	20.50	25.11
1.231	20.49	25.11
1.231	20.49	25.11
1.231	20.48	25.11
1.231	20.46	25.11
1.231	20.48	25.11
1.231	20.47	25.11
1.231	20.49	25.11
1.231	20.48	25.11
1.231	20.48	25.11
1.231	20.47	25.11
1.232	20.47	25.11
1.232	20.46	25.11
1.232	20.46	25.11
1.232	20.45	25.11
1.232	20.45	25.11
1.232	20.45	25.11
1.232	20.45	25.11
1.232	20.44	25.11
1.232	20.43	25.11
1.232	20.43	25.11
1.233	20.45	25.11
1.233	20.44	25.11
1.233	20.44	25.11
1.233	20.41	25.11
1.233	20.40	25.11
1.233	20.40	25.11
1.233	20.37	25.11
1.233	20.39	25.11
1.233	20.38	25.11
1.233	20.39	25.11
1.234	20.40	25.11
1.234	20.41	25.11
1.234	20.41	25.11
1.234	20.40	25.11
1.234	20.39	25.11
1.234	20.38	25.11
1.234	20.37	25.11
1.234	20.37	25.11
1.235	20.37	25.11
1.235	20.37	25.11
1.235	20.37	25.11
1.235	20.35	25.11
1.235	20.37	25.11
1.235	20.36	25.11
1.235	20.36	25.11
1.235	20.36	25.11
1.235	20.36	25.11
1.235	20.37	25.11
1.235	20.36	25.11
1.235	20.37	25.11
1.235	20.38	25.11
1.235	20.37	25.11
1.235	20.37	25.11
1.235	20.37	25.11
1.235	20.36	25.11
1.235	20.34	25.11
1.235	20.31	25.11
1.236	20.31	25.11
1.236	20.29	25.11
1.236	20.30	25.11
1.236	20.30	25.11
1.236	20.31	25.11
1.236	20.34	25.11
1.236	20.35	25.11
1.237	20.34	25.11
1.237	20.32	25.11
1.237	20.31	25.11
1.237	20.32	25.11
1.238	20.31	25.11
1.238	20.31	25.10
1.238	20.32	25.10
1.238	20.32	25.10
1.238	20.33	25.10
1.239	20.33	25.11
1.239	20.33	25.10
1.239	20.35	25.10
1.239	20.33	25.10
1.239	20.34	25.10
1.239	20.34	25.10
1.239	20.34	25.10
1.239	20.32	25.10
1.239	20.33	25.10
1.239	20.33	25.10
1.239	20.33	25.10
1.240	20.33	25.10
1.240	20.32	25.10
1.240	20.31	25.10
1.240	20.30	25.10
1.240	20.33	25.10
1.241	20.33	25.10
1.241	20.33	25.10
1.241	20.28	25.10
1.241	20.21	25.10
1.241	20.28	25.10
1.241	20.28	25.10
1.241	20.29	25.10
1.242	20.30	25.10
1.242	20.32	25.10
1.242	20.32	25.10
1.242	20.31	25.10
1.243	20.30	25.10
1.243	20.30	25.10
1.243	20.26	25.10
1.243	20.24	25.10
1.243	20.24	25.10
1.243	20.24	25.10
1.244	20.24	25.10
1.244	20.23	25.10
1.244	20.22	25.10
1.244	20.22	25.10
1.244	20.20	25.10
1.244	20.21	25.10
1.244	20.20	25.10
1.244	20.18	25.10
1.244	20.17	25.10
1.245	20.16	25.10
1.245	20.15	25.10
1.245	20.12	25.10
1.245	20.11	25.10
1.245	20.11	25.10
1.245	20.10	25.10
1.245	20.09	25.10
1.245	20.07	25.10
1.245	20.10	25.10
1.245	20.09	25.10
1.246	20.08	25.10
1.246	20.09	25.10
1.246	20.05	25.10
1.246	20.06	25.10
1.246	20.10	25.10
1.247	20.11	25.10
1.247	20.11	25.10
1.247	20.13	25.10
1.247	20.13	25.10
1.247	20.14	25.10
1.247	20.12	25.10
1.247	20.11	25.10
1.247	20.09	25.10
1.248	20.09	25.10
1.248	20.09	25.10
1.248	20.06	25.10
1.248	20.04	25.10
1.248	20.05	25.10
1.248	20.05	25.10
1.248	20.06	25.10
1.249	20.06	25.10
1.249	20.06	25.10
1.249	20.06	25.10
1.249	20.04	25.10
1.249	20.05	25.10
1.249	20.06	25.10
1.249	20.06	25.10
1.250	20.06	25.10
1.250	20.06	25.10
1.250	20.06	25.10
1.250	20.04	25.10
1.250	20.03	25.10
1.250	20.01	25.10
1.251	19.78	25.10
1.251	18.78	25.10
1.251	18.88	25.10
1.251	18.69	25.10
1.251	18.31	25.10
1.252	18.57	25.10
1.252	19.50	25.10
1.252	19.59	25.10
1.252	18.94	25.10
1.252	18.78	25.10
1.252	19.90	25.10
1.252	19.63	25.10
1.252	19.30	25.10
1.253	19.34	25.10
1.253	19.24	25.10
1.253	19.79	25.10
1.253	19.75	25.10
1.253	19.85	25.10
1.253	19.89	25.10
1.253	19.90	25.10
1.253	19.92	25.10
1.253	19.86	25.10
1.253	19.89	25.10
1.253	19.60	25.10
1.253	19.78	25.10
1.253	19.70	25.10
1.253	19.57	25.10
1.253	19.75	25.10
1.253	19.82	25.10
1.253	19.94	25.10
1.253	19.99	25.10
1.253	20.01	25.10
1.253	20.03	25.10
1.253	20.04	25.10
1.253	20.04	25.10
1.253	20.02	25.10
1.253	20.02	25.10
1.254	20.01	25.10
1.254	20.02	25.10
1.254	19.99	25.10
1.254	19.96	25.10
1.254	19.96	25.10
1.254	19.98	25.10
1.254	19.98	25.10
1.255	19.99	25.10
1.255	19.97	25.10
1.255	19.97	25.10
1.255	19.97	25.10
1.255	19.97	25.10
1.255	19.98	25.10
1.255	19.95	25.10
1.255	19.93	25.10
1.256	19.94	25.10
1.256	19.95	25.10
1.256	19.95	25.10
1.256	19.96	25.10
1.256	19.99	25.10
1.256	19.96	25.10
1.257	19.98	25.10
1.257	20.00	25.10
1.257	20.02	25.10
1.258	20.02	25.10
1.258	20.01	25.10
1.258	20.00	25.10
1.258	20.03	25.10
1.259	20.01	25.10
1.259	20.00	25.10
1.259	19.95	25.10
1.259	19.91	25.10
1.260	19.91	25.10
1.260	19.91	25.10
1.260	19.92	25.10
1.260	19.91	25.10
1.261	19.91	25.10
1.261	19.90	25.10
1.261	19.91	25.10
1.261	19.91	25.10
1.261	19.92	25.10
1.262	19.92	25.10
1.262	19.92	25.10
1.262	19.92	25.10
1.262	19.90	25.10
1.262	19.85	25.10
1.262	19.83	25.10
1.262	19.82	25.10
1.262	19.83	25.10
1.262	19.84	25.10
1.262	19.85	25.10
1.263	19.87	25.10
1.263	19.87	25.10
1.263	19.88	25.10
1.263	19.87	25.10
1.263	19.88	25.10
1.263	19.88	25.10
1.263	19.88	25.10
1.263	19.88	25.10
1.263	19.86	25.10
1.264	19.87	25.10
1.264	19.86	25.10
1.264	19.85	25.10
1.264	19.85	25.10
1.264	19.86	25.10
1.264	19.86	25.10
1.264	19.86	25.10
1.264	19.85	25.10
1.264	19.85	25.10
1.264	19.83	25.10
1.264	19.83	25.10
1.265	19.85	25.10
1.265	19.86	25.10
1.265	19.83	25.10
1.265	19.83	25.10
1.265	19.83	25.10
1.265	19.81	25.10
1.265	19.81	25.10
1.265	19.82	25.10
1.265	19.81	25.10
1.265	19.81	25.10
1.265	19.80	25.10
1.266	19.81	25.10
1.266	19.81	25.10
1.266	19.80	25.10
1.266	19.80	25.10
1.266	19.80	25.10
1.266	19.79	25.10
1.266	19.76	25.10
1.266	19.77	25.10
1.266	19.77	25.10
1.266	19.79	25.10
1.266	19.80	25.10
1.267	19.81	25.10
1.267	19.81	25.10
1.267	19.81	25.10
1.267	19.84	25.10
1.267	19.85	25.10
1.267	19.85	25.10
1.268	19.84	25.10
1.268	19.82	25.10
1.268	19.82	25.10
1.268	19.78	25.10
1.268	19.80	25.10
1.269	19.81	25.10
1.269	19.80	25.10
1.269	19.80	25.10
1.269	19.79	25.10
1.269	19.80	25.10
1.270	19.81	25.10
1.270	19.83	25.10
1.270	19.83	25.10
1.270	19.84	25.10
1.270	19.85	25.10
1.270	19.85	25.10
1.270	19.84	25.10
1.270	19.81	25.10
1.270	19.80	25.10
1.271	19.79	25.10
1.271	19.81	25.10
1.271	19.81	25.10
1.272	19.81	25.10
1.272	19.80	25.10
1.272	19.79	25.10
1.272	19.79	25.10
1.272	19.78	25.10
1.272	19.77	25.10
1.273	19.77	25.10
1.273	19.77	25.10
1.273	19.77	25.10
1.273	19.77	25.10
1.273	19.77	25.10
1.273	19.76	25.10
1.273	19.74	25.10
1.273	19.75	25.10
1.273	19.74	25.10
1.273	19.74	25.10
1.274	19.74	25.10
1.274	19.75	25.10
1.274	19.74	25.10
1.274	19.74	25.10
1.274	19.73	25.10
1.274	19.71	25.10
1.275	19.71	25.10
1.275	19.71	25.10
1.275	19.71	25.10
1.275	19.70	25.10
1.275	19.70	25.10
1.275	19.68	25.10
1.275	19.67	25.10
1.276	19.67	25.10
1.276	19.68	25.10
1.276	19.64	25.10
1.276	19.63	25.10
1.276	19.63	25.10
1.276	19.59	25.10
1.276	19.60	25.10
1.276	19.65	25.10
1.276	19.65	25.10
1.276	19.65	25.10
1.276	19.62	25.10
1.276	19.62	25.10
1.276	19.62	25.10
1.277	19.62	25.10
1.277	19.61	25.10
1.277	19.61	25.10
1.277	19.62	25.10
1.277	19.62	25.10
1.277	19.61	25.10
1.277	19.60	25.10
1.277	19.59	25.10
1.277	19.57	25.10
1.278	19.57	25.10
1.278	19.56	25.10
1.278	19.56	25.10
1.278	19.55	25.10
1.278	19.55	25.10
1.279	19.58	25.10
1.279	19.58	25.10
1.279	19.58	25.10
1.279	19.58	25.10
1.279	19.58	25.10
1.279	19.57	25.10
1.279	19.57	25.10
1.279	19.58	25.10
1.280	19.58	25.10
1.280	19.58	25.10
1.280	19.57	25.10
1.280	19.57	25.10
1.280	19.57	25.10
1.280	19.54	25.10
1.280	19.55	25.10
1.281	19.54	25.10
1.281	19.54	25.10
1.281	19.53	25.10
1.281	19.53	25.10
1.281	19.52	25.10
1.281	19.52	25.10
1.281	19.51	25.10
1.281	19.52	25.10
1.281	19.52	25.10
1.282	19.50	25.10
1.282	19.53	25.10
1.282	19.54	25.10
1.282	19.54	25.10
1.282	19.53	25.10
1.282	19.52	25.10
1.282	19.51	25.10
1.282	19.51	25.10
1.282	19.50	25.10
1.282	19.51	25.10
1.282	19.50	25.10
1.282	19.51	25.10
1.283	19.49	25.10
1.283	19.50	25.10
1.283	19.48	25.10
1.283	19.48	25.10
1.283	19.48	25.10
1.283	19.47	25.10
1.284	19.46	25.10
1.284	19.45	25.10
1.284	19.44	25.10
1.284	19.45	25.10
1.284	19.44	25.10
1.284	19.46	25.10
1.285	19.45	25.10
1.285	19.46	25.10
1.285	19.50	25.10
1.285	19.51	25.10
1.285	19.48	25.10
1.286	19.46	25.10
1.286	19.46	25.10
1.286	19.48	25.10
1.287	19.49	25.10
1.287	19.49	25.10
1.288	19.49	25.10
1.288	19.49	25.10
1.288	19.48	25.10
1.288	19.48	25.10
1.288	19.49	25.10
1.288	19.49	25.10
1.288	19.48	25.10
1.288	19.48	25.10
1.288	19.49	25.10
1.288	19.49	25.10
1.288	19.49	25.10
1.288	19.48	25.10
1.288	19.45	25.10
1.288	19.44	25.10
1.288	19.44	25.10
1.289	19.45	25.10
1.289	19.46	25.10
1.289	19.44	25.10
1.289	19.42	25.10
1.289	19.42	25.10
1.289	19.44	25.10
1.289	19.45	25.10
1.289	19.44	25.10
1.290	19.45	25.10
1.290	19.41	25.10
1.290	19.43	25.10
1.290	19.43	25.10
1.291	19.40	25.10
1.291	19.37	25.10
1.291	19.45	25.10
1.291	19.44	25.10
1.291	19.43	25.10
1.291	19.42	25.10
1.291	19.40	25.10
1.291	19.40	25.10
1.291	19.41	25.10
1.292	19.40	25.10
1.292	19.37	25.10
1.292	19.36	25.10
1.292	19.35	25.10
1.292	19.35	25.10
1.292	19.36	25.10
1.292	19.36	25.10
1.292	19.36	25.10
1.293	19.37	25.10
1.293	19.36	25.10
1.293	19.36	25.10
1.293	19.33	25.10
1.293	19.34	25.10
1.293	19.34	25.10
1.293	19.34	25.10
1.293	19.35	25.10
1.293	19.31	25.10
1.293	19.32	25.10
1.293	19.35	25.10
1.293	19.39	25.10
1.293	19.40	25.10
1.293	19.43	25.10
1.293	19.43	25.10
1.293	19.42	25.10
1.293	19.42	25.10
1.293	19.40	25.10
1.293	19.40	25.10
1.293	19.40	25.10
1.293	19.42	25.10
1.293	19.42	25.10
1.293	19.42	25.10
1.293	19.42	25.10
1.293	19.42	25.10
1.293	19.43	25.10
1.293	19.44	25.10
1.293	19.44	25.10
1.293	19.43	25.10
1.293	19.42	25.10
1.293	19.42	25.10
1.293	19.42	25.10
1.293	19.40	25.10
1.293	19.40	25.10
1.293	19.39	25.10
1.293	19.39	25.10
1.293	19.40	25.10
1.293	19.38	25.10
1.293	19.38	25.10
1.293	19.38	25.10
1.293	19.38	25.10
1.293	19.36	25.10
1.293	19.36	25.10
1.294	19.33	25.10
1.294	19.32	25.10
1.294	19.31	25.10
1.294	19.33	25.10
1.294	19.33	25.10
1.294	19.33	25.10
1.294	19.34	25.10
1.294	19.32	25.10
1.294	19.32	25.10
1.295	19.33	25.10
1.295	19.33	25.10
1.295	19.32	25.10
1.295	19.33	25.10
1.295	19.35	25.10
1.295	19.35	25.10
1.295	19.36	25.10
1.296	19.36	25.10
1.296	19.37	25.10
1.296	19.37	25.10
1.296	19.37	25.10
1.296	19.36	25.10
1.297	19.36	25.10
1.297	19.36	25.10
1.297	19.36	25.10
1.297	19.36	25.10
1.297	19.35	25.10
1.297	19.35	25.10
1.297	19.36	25.10
1.297	19.35	25.10
1.298	19.35	25.10
1.298	19.34	25.10
1.298	19.34	25.10
1.298	19.34	25.10
1.298	19.31	25.10
1.298	19.21	25.10
1.298	19.27	25.10
1.298	19.30	25.10
1.299	19.34	25.10
1.299	19.34	25.10
1.299	19.35	25.10
1.299	19.35	25.10
1.299	19.34	25.10
1.299	19.35	25.10
1.299	19.35	25.10
1.299	19.34	25.10
1.300	19.34	25.10
1.300	19.33	25.10
1.300	19.34	25.10
1.300	19.33	25.10
1.300	19.32	25.10
1.300	19.31	25.10
1.300	19.32	25.10
1.300	19.33	25.10
1.300	19.33	25.10
1.300	19.33	25.10
1.300	19.32	25.10
1.301	19.31	25.10
1.301	19.31	25.10
1.301	19.31	25.10
1.301	19.31	25.10
1.301	19.30	25.10
1.301	19.30	25.10
1.301	19.30	25.10
1.301	19.28	25.10
1.302	19.30	25.10
1.302	19.30	25.10
1.302	19.29	25.10
1.302	19.30	25.10
1.302	19.30	25.10
1.302	19.30	25.10
1.302	19.29	25.10
1.302	19.28	25.10
1.302	19.26	25.10
1.302	19.27	25.10
1.302	19.27	25.10
1.302	19.25	25.10
1.303	19.26	25.10
1.303	19.26	25.10
1.303	19.25	25.10
1.303	19.25	25.10
1.303	19.25	25.10
1.303	19.24	25.10
1.303	19.23	25.10
1.303	19.23	25.10
1.303	19.22	25.10
1.303	19.20	25.10
1.303	19.20	25.10
1.304	19.20	25.10
1.304	19.20	25.10
1.304	19.15	25.10
1.304	19.10	25.10
1.304	19.06	25.10
1.304	19.07	25.10
1.305	19.09	25.10
1.305	19.10	25.10
1.305	19.08	25.10
1.305	19.09	25.10
1.305	19.06	25.10
1.305	19.05	25.10
1.305	19.04	25.10
1.306	19.06	25.10
1.306	19.04	25.10
1.306	19.03	25.10
1.306	19.00	25.10
1.306	18.97	25.10
1.306	18.91	25.10
1.306	18.92	25.10
1.307	18.01	25.10
1.307	18.25	25.10
1.307	18.39	25.10
1.307	18.58	25.10
1.307	18.40	25.10
1.308	18.77	25.10
1.308	18.75	25.10
1.308	18.46	25.10
1.308	18.82	25.10
1.308	18.76	25.10
1.308	18.80	25.10
1.308	18.47	25.10
1.308	18.01	25.10
1.309	18.10	25.10
1.309	18.97	25.10
1.309	18.92	25.10
1.309	19.01	25.10
1.309	18.98	25.10
1.309	18.98	25.10
1.309	18.99	25.10
1.309	19.02	25.10
1.309	19.02	25.10
1.309	18.99	25.10
1.309	18.99	25.10
1.309	18.98	25.10
1.310	19.01	25.10
1.310	19.02	25.10
1.310	19.04	25.10
1.310	18.99	25.10
1.310	18.99	25.10
1.310	18.97	25.10
1.311	18.91	25.10
1.311	18.75	25.10
1.311	18.68	25.10
1.311	18.84	25.10
1.311	19.00	25.10
1.311	18.94	25.10
1.311	18.98	25.10
1.311	19.01	25.10
1.311	18.97	25.10
1.312	18.93	25.10
1.312	18.95	25.10
1.312	18.90	25.10
1.312	18.87	25.10
1.312	18.87	25.10
1.312	18.85	25.10
1.313	18.95	25.10
1.313	18.96	25.10
1.313	18.98	25.10
1.313	18.98	25.10
1.313	18.99	25.10
1.313	19.00	25.10
1.313	18.99	25.10
1.314	18.97	25.10
1.314	18.96	25.10
1.314	18.92	25.10
1.314	18.94	25.10
1.314	18.97	25.10
1.314	18.98	25.10
1.314	18.98	25.10
1.314	18.99	25.10
1.314	18.99	25.10
1.314	18.99	25.10
1.314	18.97	25.10
1.314	19.01	25.10
1.314	18.99	25.10
1.315	18.98	25.10
1.315	18.98	25.10
1.315	18.97	25.10
1.315	18.98	25.10
1.315	18.98	25.10
1.316	18.98	25.10
1.316	19.00	25.10
1.316	19.00	25.10
1.316	18.99	25.10
1.317	18.99	25.10
1.317	18.98	25.10
1.317	18.98	25.10
1.317	18.98	25.10
1.317	18.99	25.10
1.318	18.99	25.10
1.318	18.98	25.10
1.318	18.98	25.10
1.318	18.98	25.10
1.318	19.02	25.10
1.318	19.02	25.10
1.318	19.02	25.10
1.318	19.02	25.10
1.319	18.98	25.10
1.319	18.96	25.10
1.319	18.96	25.10
1.319	18.97	25.10
1.319	18.97	25.10
1.319	18.97	25.10
1.320	18.97	25.10
1.320	18.96	25.10
1.320	18.95	25.10
1.320	18.91	25.10
1.320	18.93	25.10
1.320	18.93	25.10
1.320	18.93	25.10
1.320	18.93	25.10
1.320	18.95	25.10
1.320	18.96	25.10
1.321	18.95	25.09
1.321	18.94	25.10
1.321	18.94	25.10
1.321	18.94	25.10
1.321	18.94	25.10
1.321	18.94	25.09
1.321	18.93	25.09
1.321	18.91	25.09
1.321	18.91	25.09
1.321	18.91	25.09
1.321	18.91	25.09
1.322	18.91	25.09
1.322	18.92	25.09
1.322	18.90	25.09
1.322	18.86	25.09
1.322	18.85	25.09
1.323	18.85	25.09
1.323	18.86	25.09
1.323	18.86	25.09
1.323	18.86	25.09
1.323	18.85	25.09
1.324	18.85	25.09
1.324	18.85	25.09
1.324	18.86	25.09
1.324	18.86	25.09
1.324	18.87	25.09
1.324	18.88	25.09
1.324	18.88	25.09
1.324	18.87	25.09
1.325	18.87	25.09
1.325	18.86	25.09
1.325	18.75	25.09
1.325	18.46	25.09
1.326	18.80	25.09
1.326	18.69	25.09
1.326	18.78	25.09
1.326	18.81	25.09
1.326	18.83	25.09
1.326	18.85	25.09
1.326	18.85	25.09
1.327	18.88	25.09
1.327	18.88	25.09
1.327	18.88	25.09
1.327	18.88	25.09
1.327	18.86	25.09
1.327	18.87	25.09
1.327	18.88	25.09
1.327	18.88	25.09
1.327	18.88	25.09
1.327	18.89	25.09
1.327	18.87	25.09
1.328	18.88	25.09
1.328	18.87	25.09
1.328	18.86	25.09
1.328	18.85	25.09
1.328	18.85	25.09
1.329	18.84	25.09
1.329	18.85	25.09
1.329	18.85	25.09
1.329	18.85	25.09
1.329	18.84	25.09
1.329	18.84	25.09
1.330	18.85	25.09
1.330	18.86	25.09
1.330	18.87	25.09
1.331	18.86	25.09
1.331	18.86	25.09
1.331	18.87	25.09
1.331	18.86	25.09
1.331	18.83	25.09
1.332	18.82	25.09
1.332	18.82	25.09
1.332	18.81	25.09
1.332	18.81	25.09
1.332	18.82	25.09
1.333	18.82	25.09
1.333	18.79	25.09
1.333	18.78	25.09
1.333	18.79	25.09
1.333	18.78	25.09
1.333	18.79	25.09
1.333	18.79	25.09
1.334	18.79	25.09
1.334	18.79	25.09
1.334	18.79	25.09
1.334	18.80	25.09
1.334	18.80	25.09
1.334	18.78	25.09
1.334	18.78	25.09
1.335	18.79	25.09
1.335	18.78	25.09
1.335	18.77	25.09
1.335	18.76	25.09
1.335	18.76	25.09
1.335	18.75	25.09
1.335	18.76	25.09
1.335	18.76	25.09
1.335	18.75	25.09
1.335	18.74	25.09
1.336	18.74	25.09
1.336	18.74	25.09
1.336	18.73	25.09
1.336	18.73	25.09
1.336	18.73	25.09
1.336	18.73	25.09
1.337	18.73	25.09
1.337	18.73	25.09
1.337	18.73	25.09
1.337	18.70	25.09
1.337	18.71	25.09
1.337	18.69	25.09
1.338	18.70	25.09
1.338	18.70	25.09
1.338	18.68	25.09
1.338	18.67	25.09
1.338	18.67	25.09
1.338	18.67	25.09
1.338	18.69	25.09
1.338	18.70	25.09
1.338	18.70	25.09
1.338	18.70	25.09
1.338	18.66	25.09
1.339	18.65	25.09
1.339	18.65	25.09
1.339	18.65	25.09
1.339	18.67	25.09
1.339	18.67	25.09
1.339	18.65	25.09
1.339	18.66	25.09
1.340	18.66	25.09
1.340	18.67	25.09
1.340	18.65	25.09
1.340	18.64	25.09
1.340	18.64	25.09
1.340	18.64	25.09
1.340	18.63	25.09
1.341	18.62	25.09
1.341	18.64	25.09
1.341	18.65	25.09
1.341	18.62	25.09
1.341	18.62	25.09
1.341	18.54	25.09
1.341	18.60	25.09
1.341	18.62	25.09
1.341	18.54	25.09
1.342	18.48	25.09
1.342	18.48	25.09
1.342	18.56	25.09
1.342	18.51	25.09
1.342	18.50	25.09
1.342	18.54	25.09
1.342	18.54	25.09
1.343	18.56	25.09
1.343	18.62	25.09
1.343	18.62	25.09
1.343	18.63	25.09
1.343	18.63	25.09
1.343	18.62	25.09
1.343	18.62	25.09
1.343	18.62	25.09
1.343	18.62	25.09
1.343	18.61	25.09
1.344	18.61	25.09
1.344	18.59	25.09
1.344	18.58	25.09
1.344	18.55	25.09
1.344	18.54	25.09
1.344	18.55	25.09
1.344	18.55	25.09
1.344	18.58	25.09
1.344	18.58	25.09
1.345	18.59	25.09
1.345	18.57	25.09
1.345	18.58	25.09
1.345	18.58	25.09
1.345	18.56	25.09
1.346	18.60	25.09
1.346	18.59	25.09
1.346	18.59	25.09
1.346	18.59	25.09
1.346	18.59	25.09
1.346	18.59	25.09
1.347	18.58	25.09
1.347	18.57	25.09
1.347	18.53	25.09
1.347	18.52	25.09
1.347	18.51	25.09
1.347	18.53	25.09
1.347	18.54	25.09
1.347	18.52	25.09
1.348	18.54	25.09
1.348	18.54	25.09
1.348	18.54	25.09
1.348	18.54	25.09
1.349	18.56	25.09
1.349	18.56	25.09
1.349	18.56	25.09
1.349	18.57	25.09
1.349	18.56	25.09
1.350	18.55	25.09
1.350	18.54	25.09
1.350	18.54	25.09
1.350	18.54	25.09
1.350	18.54	25.09
1.350	18.54	25.09
1.350	18.54	25.09
1.351	18.55	25.09
1.351	18.55	25.09
1.351	18.56	25.09
1.351	18.55	25.09
1.351	18.53	25.09
1.351	18.54	25.09
1.352	18.53	25.09
1.352	18.52	25.09
1.352	18.53	25.09
1.352	18.54	25.09
1.352	18.54	25.09
1.352	18.54	25.09
1.352	18.54	25.09
1.352	18.52	25.09
1.352	18.52	25.09
1.352	18.52	25.09
1.352	18.52	25.09
1.352	18.51	25.09
1.353	18.49	25.09
1.353	18.49	25.09
1.353	18.50	25.09
1.353	18.49	25.09
1.353	18.49	25.09
1.353	18.48	25.09
1.354	18.47	25.09
1.354	18.46	25.09
1.354	18.44	25.09
1.354	18.40	25.09
1.355	18.32	25.09
1.355	18.37	25.09
1.356	18.41	25.09
1.356	18.42	25.09
1.356	18.42	25.09
1.356	18.38	25.09
1.357	18.43	25.09
1.357	18.45	25.09
1.357	18.46	25.09
1.357	18.45	25.09
1.358	18.44	25.09
1.358	18.45	25.09
1.358	18.45	25.09
1.358	18.44	25.09
1.359	18.44	25.09
1.359	18.45	25.09
1.359	18.45	25.09
1.359	18.44	25.09
1.359	18.44	25.09
1.359	18.44	25.09
1.359	18.45	25.09
1.359	18.45	25.09
1.359	18.45	25.09
1.360	18.45	25.09
1.360	18.45	25.09
1.360	18.45	25.09
1.360	18.45	25.09
1.360	18.45	25.09
1.361	18.44	25.09
1.361	18.43	25.08
1.361	18.42	25.08
1.361	18.42	25.09
1.362	18.40	25.08
1.362	18.40	25.08
1.362	18.35	25.08
1.362	18.24	25.08
1.362	18.32	25.08
1.363	18.40	25.08
1.363	18.41	25.08
1.363	18.41	25.08
1.363	18.41	25.08
1.363	18.41	25.08
1.364	18.41	25.08
1.364	18.40	25.08
1.364	18.40	25.08
1.364	18.40	25.08
1.364	18.39	25.08
1.364	18.39	25.08
1.365	18.40	25.08
1.365	18.39	25.08
1.365	18.39	25.08
1.365	18.38	25.08
1.365	18.38	25.08
1.366	18.38	25.08
1.366	18.38	25.08
1.366	18.38	25.08
1.366	18.38	25.08
1.366	18.37	25.08
1.366	18.37	25.08
1.367	18.35	25.08
1.367	18.35	25.08
1.367	18.33	25.08
1.368	18.32	25.08
1.368	18.31	25.08
1.368	18.30	25.08
1.368	18.28	25.08
1.369	18.28	25.08
1.369	18.27	25.08
1.370	18.29	25.08
1.370	18.30	25.08
1.371	18.30	25.08
1.371	18.29	25.08
1.371	18.30	25.08
1.371	18.30	25.08
1.371	18.27	25.08
1.371	18.22	25.08
1.372	18.14	25.08
1.372	18.23	25.08
1.372	18.29	25.08
1.372	18.29	25.08
1.373	18.29	25.08
1.373	18.29	25.08
1.373	18.29	25.08
1.373	18.28	25.08
1.374	18.28	25.08
1.374	18.27	25.08
1.374	18.27	25.08
1.374	18.27	25.08
1.374	18.26	25.08
1.374	18.26	25.08
1.374	18.26	25.08
1.375	18.27	25.08
1.375	18.26	25.08
1.375	18.26	25.08
1.375	18.26	25.08
1.376	18.25	25.08
1.376	18.25	25.08
1.376	18.24	25.08
1.376	18.21	25.08
1.377	18.20	25.08
1.377	18.20	25.08
1.377	18.21	25.08
1.378	18.20	25.08
1.378	18.20	25.08
1.378	18.21	25.08
1.378	18.21	25.08
1.379	18.20	25.08
1.379	18.17	25.08
1.379	18.16	25.08
1.379	18.13	25.08
1.379	18.05	25.08
1.379	18.14	25.08
1.380	18.15	25.08
1.380	18.15	25.08
1.380	18.14	25.08
1.380	18.01	25.08
1.380	18.15	25.08
1.380	18.15	25.08
1.380	18.15	25.08
1.381	18.16	25.08
1.381	18.18	25.08
1.381	18.18	25.08
1.381	18.17	25.08
1.381	18.18	25.08
1.382	18.18	25.08
1.382	18.15	25.08
1.382	18.16	25.08
1.382	18.16	25.08
1.382	18.15	25.08
1.383	18.15	25.08
1.383	18.15	25.08
1.383	18.15	25.08
1.383	18.13	25.08
1.384	18.12	25.08
1.384	18.13	25.08
1.384	18.13	25.08
1.384	18.13	25.08
1.384	18.13	25.08
1.384	18.12	25.08
1.384	18.12	25.08
1.384	18.12	25.08
1.384	18.12	25.08
1.385	18.12	25.08
1.385	18.12	25.08
1.385	18.12	25.08
1.385	18.12	25.08
1.385	18.10	25.08
1.385	18.08	25.08
1.385	18.07	25.08
1.386	18.06	25.08
1.386	18.04	25.08
1.387	18.02	25.08
1.387	18.01	25.08
1.387	18.00	25.08
1.388	18.00	25.08
1.388	18.00	25.08
1.389	17.99	25.08
1.389	17.99	25.08
1.389	18.00	25.08
1.390	18.00	25.08
1.390	18.00	25.08
1.390	18.00	25.08
1.390	18.01	25.08
1.390	18.00	25.08
1.390	18.01	25.08
1.390	18.01	25.08
1.390	18.01	25.08
1.390	18.01	25.08
1.390	18.01	25.08
1.390	18.01	25.08
1.390	18.00	25.08
1.390	18.00	25.08
1.390	18.01	25.08
1.390	18.01	25.08
1.390	18.01	25.08
1.390	18.00	25.08
1.390	18.00	25.08
1.390	18.01	25.08
1.390	18.00	25.08
1.390	18.00	25.08
1.390	18.01	25.08
1.390	17.99	25.08
1.390	17.99	25.08
1.390	18.00	25.08
1.391	18.00	25.08
1.391	18.00	25.08
1.391	17.99	25.08
1.391	17.99	25.08
1.391	18.00	25.08
1.391	18.00	25.08
1.391	17.99	25.08
1.392	17.99	25.08
1.392	17.99	25.08
1.393	18.00	25.08
1.393	18.00	25.08
1.393	18.00	25.08
1.393	18.00	25.08
1.393	18.00	25.08
1.394	18.00	25.08
1.394	18.00	25.08
1.394	18.00	25.08
1.394	18.00	25.08
1.394	17.99	25.08
1.394	17.99	25.08
1.394	17.99	25.08
1.394	17.98	25.08
1.395	17.97	25.08
1.395	17.97	25.08
1.395	17.94	25.08
1.396	17.92	25.08
1.396	17.92	25.08
1.396	17.94	25.08
1.396	17.95	25.08
1.397	17.95	25.08
1.397	17.95	25.08
1.397	17.93	25.08
1.397	17.94	25.08
1.397	17.94	25.08
1.397	17.94	25.08
1.397	17.95	25.08
1.397	17.95	25.08
1.397	17.95	25.08
1.398	17.95	25.08
1.398	17.92	25.08
1.398	17.91	25.08
1.398	17.87	25.08
1.399	17.85	25.08
1.399	17.85	25.08
1.399	17.85	25.08
1.400	17.85	25.08
1.400	17.85	25.08
1.400	17.84	25.08
1.400	17.84	25.08
1.400	17.84	25.08
1.400	17.84	25.08
1.400	17.83	25.08
1.401	17.83	25.08
1.401	17.83	25.08
1.401	17.83	25.08
1.401	17.83	25.08
1.401	17.83	25.08
1.401	17.83	25.08
1.401	17.83	25.08
1.401	17.83	25.08
1.401	17.83	25.08
1.401	17.83	25.08
1.401	17.82	25.08
1.401	17.82	25.08
1.402	17.81	25.08
1.402	17.80	25.08
1.402	17.80	25.08
1.402	17.81	25.08
1.402	17.81	25.08
1.402	17.81	25.08
1.402	17.81	25.08
1.402	17.81	25.08
1.402	17.81	25.08
1.402	17.80	25.08
1.402	17.80	25.08
1.402	17.80	25.08
1.403	17.80	25.08
1.403	17.80	25.08
1.403	17.80	25.08
1.403	17.80	25.08
1.403	17.79	25.08
1.403	17.79	25.08
1.404	17.78	25.08
1.405	17.78	25.08
1.405	17.78	25.08
1.406	17.78	25.08
1.406	17.78	25.08
1.406	17.78	25.08
1.406	17.77	25.08
1.406	17.77	25.08
1.406	17.77	25.08
1.406	17.77	25.08
1.406	17.77	25.08
1.406	17.77	25.08
1.406	17.76	25.08
1.407	17.76	25.08
1.407	17.76	25.08
1.407	17.76	25.08
1.407	17.76	25.08
1.407	17.76	25.08
1.407	17.76	25.08
1.407	17.76	25.08
1.407	17.75	25.08
1.407	17.75	25.08
1.407	17.75	25.08
1.408	17.74	25.08
1.408	17.74	25.08
1.408	17.73	25.08
1.408	17.73	25.08
1.408	17.73	25.08
1.409	17.74	25.08
1.409	17.74	25.08
1.409	17.73	25.08
1.409	17.73	25.08
1.409	17.73	25.08
1.409	17.73	25.08
1.409	17.73	25.08
1.409	17.73	25.08
1.410	17.72	25.08
1.410	17.72	25.08
1.410	17.72	25.08
1.410	17.72	25.08
1.410	17.72	25.08
1.411	17.72	25.08
1.411	17.72	25.08
1.411	17.72	25.08
1.411	17.72	25.08
1.411	17.72	25.08
1.411	17.71	25.08
1.411	17.71	25.08
1.411	17.71	25.08
1.411	17.71	25.08
1.412	17.71	25.08
1.412	17.71	25.08
1.412	17.71	25.08
1.412	17.71	25.08
1.412	17.71	25.08
1.412	17.70	25.08
1.412	17.70	25.08
1.412	17.70	25.08
1.412	17.69	25.08
1.413	17.70	25.08
1.413	17.69	25.08
1.413	17.70	25.08
1.413	17.69	25.08
1.413	17.69	25.08
1.413	17.69	25.08
1.414	17.69	25.08
1.414	17.68	25.08
1.414	17.68	25.08
1.414	17.67	25.08
1.414	17.67	25.08
1.415	17.66	25.08
1.415	17.66	25.08
1.415	17.66	25.08
1.415	17.66	25.08
1.415	17.66	25.08
1.415	17.66	25.08
1.416	17.65	25.08
1.416	17.65	25.08
1.416	17.65	25.08
1.416	17.65	25.08
1.416	17.65	25.08
1.417	17.64	25.08
1.417	17.64	25.08
1.417	17.64	25.08
1.417	17.64	25.08
1.417	17.64	25.08
1.417	17.64	25.08
1.418	17.64	25.08
1.418	17.64	25.08
1.418	17.64	25.08
1.418	17.63	25.08
1.418	17.63	25.08
1.418	17.62	25.08
1.419	17.62	25.08
1.419	17.62	25.08
1.419	17.61	25.08
1.419	17.61	25.08
1.420	17.61	25.08
1.420	17.61	25.08
1.420	17.61	25.08
1.420	17.61	25.08
1.420	17.60	25.08
1.420	17.60	25.08
1.421	17.60	25.08
1.421	17.60	25.08
1.421	17.60	25.08
1.421	17.60	25.08
1.421	17.60	25.08
1.421	17.59	25.08
1.421	17.59	25.08
1.421	17.59	25.08
1.421	17.59	25.08
1.422	17.58	25.08
1.422	17.58	25.08
1.422	17.58	25.08
1.422	17.57	25.08
1.423	17.57	25.08
1.423	17.56	25.08
1.423	17.56	25.08
1.424	17.56	25.08
1.424	17.54	25.08
1.424	17.53	25.08
1.424	17.53	25.08
1.425	17.54	25.08
1.425	17.54	25.08
1.425	17.53	25.08
1.426	17.52	25.08
1.426	17.51	25.08
1.426	17.51	25.08
1.427	17.50	25.08
1.427	17.49	25.08
1.427	17.49	25.08
1.427	17.49	25.08
1.428	17.49	25.08
1.428	17.49	25.08
1.428	17.49	25.08
1.428	17.48	25.08
1.429	17.48	25.08
1.429	17.47	25.08
1.429	17.47	25.08
1.429	17.46	25.08
1.430	17.46	25.08
1.430	17.45	25.08
1.430	17.44	25.08
1.431	17.44	25.08
1.431	17.44	25.08
1.431	17.44	25.08
1.431	17.44	25.08
1.431	17.43	25.08
1.432	17.43	25.08
1.432	17.43	25.08
1.432	17.42	25.08
1.432	17.42	25.08
1.433	17.41	25.08
1.433	17.41	25.08
1.433	17.41	25.08
1.433	17.40	25.08
1.433	17.40	25.08
1.434	17.40	25.08
1.434	17.40	25.08
1.434	17.39	25.08
1.434	17.39	25.08
1.435	17.38	25.08
1.435	17.38	25.08
1.435	17.38	25.08
1.436	17.38	25.08
1.436	17.37	25.08
1.436	17.37	25.08
1.436	17.36	25.08
1.436	17.35	25.08
1.437	17.35	25.08
1.437	17.35	25.08
1.437	17.34	25.08
1.437	17.34	25.08
1.438	17.34	25.08
1.438	17.34	25.08
1.438	17.33	25.08
1.438	17.33	25.08
1.439	17.33	25.08
1.439	17.32	25.08
1.439	17.32	25.08
1.439	17.32	25.08
1.439	17.31	25.08
1.439	17.31	25.08
1.439	17.31	25.08
1.440	17.31	25.08
1.440	17.31	25.08
1.440	17.30	25.08
1.440	17.30	25.08
1.440	17.30	25.08
1.441	17.29	25.08
1.441	17.29	25.08
1.441	17.29	25.08
1.441	17.29	25.08
1.441	17.28	25.08
1.442	17.28	25.08
1.442	17.27	25.08
1.442	17.27	25.08
1.442	17.27	25.08
1.442	17.26	25.08
1.443	17.25	25.08
1.443	17.26	25.08
1.443	17.21	25.08
1.443	17.23	25.08
1.444	17.24	25.08
1.444	17.25	25.08
1.444	17.26	25.08
1.444	17.26	25.08
1.444	17.26	25.08
1.445	17.26	25.08
1.445	17.26	25.08
1.445	17.26	25.08
1.445	17.26	25.08
1.445	17.26	25.08
1.445	17.25	25.08
1.445	17.25	25.08
1.446	17.25	25.08
1.446	17.25	25.08
1.446	17.25	25.08
1.446	17.25	25.08
1.446	17.24	25.08
1.447	17.24	25.08
1.447	17.24	25.08
1.447	17.24	25.08
1.448	17.24	25.08
1.448	17.24	25.08
1.448	17.23	25.08
1.448	17.23	25.08
1.449	17.22	25.08
1.449	17.22	25.08
1.449	17.22	25.08
1.450	17.22	25.08
1.450	17.22	25.08
1.450	17.21	25.08
1.450	17.21	25.08
1.451	17.21	25.08
1.451	17.21	25.08
1.451	17.20	25.08
1.451	17.20	25.08
1.451	17.19	25.08
1.451	17.19	25.08
1.451	17.19	25.08
1.452	17.19	25.08
1.452	17.19	25.08
1.452	17.19	25.08
1.452	17.18	25.08
1.453	17.18	25.08
1.453	17.17	25.08
1.453	17.17	25.08
1.454	17.17	25.08
1.454	17.17	25.08
1.454	17.17	25.08
1.454	17.17	25.08
1.454	17.16	25.08
1.454	17.16	25.08
1.454	17.16	25.08
1.454	17.16	25.08
1.454	17.15	25.08
1.455	17.15	25.08
1.455	17.15	25.08
1.455	17.15	25.08
1.455	17.14	25.08
1.455	17.14	25.08
1.456	17.14	25.08
1.456	17.13	25.08
1.456	17.13	25.08
1.456	17.13	25.08
1.456	17.13	25.08
1.456	17.13	25.08
1.457	17.13	25.08
1.457	17.13	25.08
1.457	17.13	25.08
1.457	17.12	25.08
1.457	17.12	25.08
1.458	17.12	25.08
1.458	17.11	25.08
1.458	17.11	25.08
1.459	17.10	25.08
1.459	17.10	25.08
1.459	17.09	25.08
1.459	17.09	25.08
1.459	17.09	25.08
1.460	17.09	25.08
1.460	17.07	25.08
1.460	17.07	25.08
1.461	17.07	25.08
1.461	17.07	25.08
1.461	17.06	25.08
1.462	17.06	25.08
1.462	17.06	25.08
1.462	17.06	25.08
1.462	17.05	25.08
1.462	17.05	25.08
1.463	17.04	25.08
1.463	17.04	25.08
1.463	17.04	25.08
1.463	17.03	25.08
1.464	17.04	25.08
1.464	17.04	25.08
1.464	17.03	25.08
1.464	17.03	25.08
1.464	17.03	25.08
1.464	17.02	25.08
1.465	17.02	25.08
1.465	17.02	25.08
1.465	17.01	25.08
1.465	17.01	25.08
1.465	17.01	25.08
1.465	17.00	25.08
1.465	17.00	25.08
1.465	17.00	25.08
1.465	17.00	25.08
1.465	17.00	25.08
1.465	17.00	25.08
1.466	17.00	25.08
1.466	16.99	25.08
1.466	16.99	25.08
1.466	16.99	25.08
1.466	16.99	25.08
1.466	16.99	25.08
1.467	16.99	25.08
1.467	16.99	25.08
1.467	16.98	25.08
1.467	16.98	25.08
1.467	16.98	25.08
1.467	16.98	25.08
1.467	16.98	25.08
1.467	16.98	25.08
1.468	16.98	25.08
1.468	16.97	25.08
1.468	16.98	25.08
1.468	16.97	25.08
1.468	16.97	25.08
1.468	16.97	25.08
1.468	16.96	25.08
1.468	16.96	25.08
1.468	16.96	25.08
1.469	16.96	25.08
1.469	16.96	25.08
1.469	16.96	25.08
1.469	16.96	25.08
1.469	16.95	25.08
1.470	16.95	25.08
1.470	16.95	25.08
1.470	16.95	25.08
1.470	16.94	25.08
1.470	16.94	25.08
1.470	16.94	25.08
1.470	16.94	25.08
1.471	16.94	25.08
1.471	16.93	25.08
1.471	16.93	25.08
1.471	16.93	25.08
1.471	16.93	25.08
1.471	16.92	25.08
1.471	16.92	25.08
1.472	16.91	25.08
1.472	16.91	25.08
1.472	16.91	25.08
1.472	16.91	25.08
1.472	16.90	25.08
1.473	16.90	25.08
1.473	16.90	25.08
1.473	16.89	25.08
1.473	16.89	25.08
1.474	16.89	25.08
1.474	16.89	25.08
1.474	16.89	25.08
1.474	16.88	25.08
1.474	16.88	25.08
1.474	16.88	25.08
1.474	16.87	25.08
1.475	16.88	25.08
1.475	16.88	25.08
1.475	16.87	25.08
1.476	16.87	25.08
1.476	16.86	25.08
1.476	16.86	25.08
1.477	16.86	25.08
1.477	16.85	25.08
1.477	16.84	25.08
1.477	16.84	25.08
1.477	16.84	25.08
1.477	16.84	25.08
1.478	16.84	25.08
1.478	16.84	25.08
1.478	16.83	25.08
1.478	16.83	25.08
1.478	16.83	25.08
1.478	16.83	25.08
1.478	16.83	25.08
1.479	16.82	25.08
1.479	16.82	25.08
1.479	16.82	25.08
1.479	16.81	25.08
1.480	16.81	25.08
1.480	16.81	25.08
1.480	16.80	25.08
1.480	16.80	25.08
1.480	16.80	25.08
1.481	16.79	25.08
1.481	16.79	25.08
1.481	16.79	25.08
1.481	16.79	25.08
1.481	16.79	25.08
1.482	16.79	25.08
1.482	16.78	25.08
1.482	16.78	25.08
1.482	16.78	25.08
1.483	16.78	25.08
1.483	16.78	25.08
1.483	16.78	25.08
1.483	16.78	25.08
1.483	16.78	25.08
1.484	16.77	25.08
1.484	16.77	25.08
1.484	16.77	25.08
1.485	16.77	25.08
1.485	16.77	25.08
1.485	16.76	25.08
1.485	16.76	25.08
1.485	16.76	25.08
1.486	16.76	25.08
1.486	16.75	25.08
1.486	16.76	25.08
1.486	16.75	25.08
1.487	16.75	25.08
1.487	16.75	25.08
1.487	16.75	25.08
1.488	16.74	25.08
1.488	16.74	25.08
1.488	16.74	25.08
1.488	16.72	25.08
1.489	16.73	25.08
1.489	16.73	25.08
1.489	16.72	25.08
1.489	16.72	25.08
1.489	16.72	25.08
1.490	16.72	25.08
1.490	16.72	25.08
1.490	16.72	25.08
1.490	16.71	25.08
1.491	16.70	25.08
1.491	16.70	25.08
1.491	16.70	25.08
1.492	16.70	25.08
1.492	16.69	25.08
1.492	16.69	25.08
1.492	16.69	25.08
1.493	16.69	25.08
1.493	16.69	25.08
1.493	16.68	25.08
1.494	16.68	25.08
1.494	16.67	25.08
1.494	16.67	25.08
1.495	16.67	25.08
1.495	16.67	25.08
1.495	16.67	25.08
1.495	16.66	25.08
1.496	16.66	25.08
1.496	16.65	25.08
1.496	16.65	25.08
1.496	16.65	25.08
1.497	16.64	25.08
1.497	16.64	25.08
1.498	16.63	25.08
1.498	16.63	25.08
1.498	16.63	25.08
1.499	16.61	25.08
1.499	16.61	25.08
1.499	16.61	25.08
1.500	16.60	25.08
1.500	16.59	25.08
1.500	16.58	25.08
1.501	16.58	25.08
1.501	16.57	25.08
1.502	16.57	25.08
1.502	16.56	25.08
1.503	16.56	25.08
1.503	16.56	25.08
1.504	16.56	25.08
1.504	16.55	25.08
1.504	16.55	25.08
1.504	16.55	25.08
1.504	16.55	25.08
1.504	16.54	25.08
1.505	16.54	25.08
1.505	16.54	25.08
1.505	16.53	25.08
1.505	16.52	25.08
1.506	16.52	25.08
1.506	16.52	25.08
1.506	16.51	25.08
1.506	16.51	25.08
1.507	16.50	25.08
1.507	16.50	25.08
1.507	16.50	25.08
1.507	16.50	25.08
1.507	16.49	25.08
1.508	16.49	25.08
1.508	16.48	25.08
1.508	16.48	25.08
1.509	16.48	25.08
1.509	16.47	25.08
1.509	16.47	25.08
1.510	16.47	25.08
1.510	16.47	25.08
1.510	16.46	25.08
1.510	16.46	25.08
1.511	16.46	25.08
1.511	16.46	25.08
1.511	16.45	25.08
1.511	16.44	25.08
1.512	16.44	25.08
1.512	16.44	25.08
1.512	16.43	25.08
1.513	16.43	25.08
1.513	16.42	25.08
1.514	16.42	25.08
1.514	16.41	25.08
1.514	16.41	25.08
1.515	16.41	25.08
1.515	16.40	25.08
1.516	16.40	25.08
1.516	16.39	25.08
1.516	16.39	25.08
1.516	16.38	25.08
1.517	16.38	25.08
1.517	16.38	25.08
1.517	16.38	25.08
1.517	16.38	25.08
1.518	16.37	25.08
1.518	16.37	25.08
1.518	16.37	25.08
1.518	16.36	25.08
1.518	16.36	25.08
1.518	16.36	25.08
1.519	16.35	25.08
1.519	16.34	25.08
1.519	16.34	25.07
1.520	16.34	25.08
1.520	16.34	25.07
1.521	16.33	25.08
1.521	16.33	25.07
1.522	16.33	25.08
1.522	16.32	25.07
1.522	16.32	25.07
1.523	16.32	25.07
1.523	16.32	25.07
1.523	16.32	25.07
1.524	16.32	25.07
1.524	16.32	25.07
1.524	16.32	25.07
1.524	16.32	25.07
1.525	16.32	25.07
1.525	16.31	25.07
1.525	16.31	25.07
1.526	16.31	25.07
1.526	16.31	25.07
1.526	16.30	25.07
1.527	16.29	25.07
1.527	16.29	25.07
1.527	16.29	25.07
1.528	16.28	25.07
1.528	16.28	25.07
1.528	16.28	25.07
1.529	16.28	25.07
1.529	16.27	25.07
1.529	16.27	25.07
1.530	16.27	25.07
1.530	16.27	25.07
1.530	16.26	25.07
1.530	16.26	25.07
1.531	16.26	25.07
1.531	16.26	25.07
1.531	16.26	25.07
1.532	16.25	25.07
1.532	16.25	25.07
1.532	16.24	25.07
1.533	16.24	25.07
1.533	16.23	25.07
1.533	16.22	25.07
1.533	16.22	25.07
1.534	16.22	25.07
1.534	16.21	25.07
1.535	16.20	25.07
1.535	16.20	25.07
1.535	16.20	25.07
1.536	16.19	25.07
1.536	16.19	25.07
1.537	16.19	25.07
1.537	16.19	25.07
1.538	16.18	25.07
1.538	16.18	25.07
1.538	16.17	25.07
1.539	16.16	25.07
1.539	16.16	25.07
1.539	16.16	25.07
1.540	16.15	25.07
1.540	16.15	25.07
1.541	16.14	25.07
1.541	16.13	25.07
1.542	16.13	25.07
1.542	16.12	25.07
1.542	16.11	25.07
1.543	16.09	25.07
1.544	16.08	25.07
1.544	16.07	25.07
1.545	16.07	25.07
1.545	16.07	25.07
1.546	16.06	25.07
1.546	16.06	25.07
1.546	16.06	25.07
1.547	16.05	25.07
1.547	16.05	25.07
1.548	16.04	25.07
1.548	16.03	25.07
1.548	16.02	25.07
1.549	16.02	25.07
1.549	16.02	25.07
1.550	16.02	25.07
1.550	16.00	25.07
1.551	15.99	25.07
1.551	15.99	25.07
1.552	15.99	25.07
1.552	15.98	25.07
1.552	15.97	25.07
1.553	15.97	25.07
1.553	15.97	25.07
1.553	15.97	25.07
1.554	15.97	25.07
1.554	15.97	25.07
1.554	15.97	25.07
1.554	15.96	25.07
1.555	15.96	25.07
1.555	15.96	25.07
1.555	15.96	25.07
1.555	15.95	25.07
1.555	15.95	25.07
1.556	15.95	25.07
1.556	15.94	25.07
1.556	15.94	25.07
1.557	15.93	25.07
1.557	15.94	25.07
1.557	15.93	25.07
1.557	15.93	25.07
1.557	15.92	25.07
1.558	15.92	25.07
1.558	15.92	25.07
1.558	15.92	25.07
1.558	15.92	25.07
1.558	15.92	25.07
1.558	15.92	25.07
1.558	15.91	25.07
1.559	15.90	25.07
1.559	15.89	25.07
1.560	15.88	25.07
1.561	15.89	25.07
1.561	15.88	25.07
1.561	15.89	25.07
1.561	15.88	25.07
1.562	15.88	25.07
1.562	15.89	25.07
1.562	15.89	25.07
1.562	15.88	25.07
1.563	15.88	25.07
1.563	15.85	25.07
1.563	15.87	25.07
1.563	15.87	25.07
1.564	15.86	25.07
1.564	15.86	25.07
1.564	15.86	25.07
1.564	15.85	25.07
1.564	15.85	25.07
1.565	15.84	25.07
1.566	15.84	25.07
1.566	15.83	25.07
1.567	15.83	25.07
1.567	15.83	25.07
1.567	15.84	25.07
1.568	15.83	25.07
1.568	15.83	25.07
1.569	15.82	25.07
1.569	15.82	25.07
1.569	15.82	25.07
1.570	15.82	25.07
1.570	15.82	25.07
1.571	15.81	25.07
1.571	15.80	25.07
1.572	15.80	25.07
1.572	15.80	25.07
1.572	15.79	25.07
1.573	15.79	25.07
1.573	15.79	25.07
1.573	15.80	25.07
1.574	15.79	25.07
1.574	15.78	25.07
1.574	15.78	25.07
1.574	15.78	25.07
1.574	15.78	25.07
1.575	15.77	25.07
1.575	15.77	25.07
1.575	15.77	25.07
1.575	15.77	25.07
1.575	15.77	25.07
1.575	15.77	25.07
1.576	15.75	25.07
1.576	15.74	25.07
1.577	15.74	25.07
1.578	15.73	25.07
1.578	15.73	25.07
1.579	15.73	25.07
1.579	15.72	25.07
1.580	15.73	25.07
1.580	15.72	25.07
1.580	15.72	25.07
1.580	15.71	25.07
1.581	15.70	25.07
1.582	15.70	25.07
1.582	15.70	25.07
1.582	15.70	25.07
1.582	15.70	25.07
1.582	15.70	25.07
1.582	15.70	25.07
1.582	15.70	25.07
1.583	15.69	25.07
1.583	15.69	25.07
1.583	15.69	25.07
1.583	15.69	25.07
1.584	15.68	25.07
1.584	15.67	25.07
1.585	15.66	25.07
1.585	15.65	25.07
1.586	15.64	25.07
1.586	15.62	25.07
1.587	15.62	25.07
1.588	15.54	25.07
1.590	15.57	25.07
1.591	15.57	25.07
1.592	15.55	25.07
1.593	15.55	25.07
1.594	15.55	25.07
1.594	15.54	25.07
1.595	15.53	25.07
1.595	15.53	25.07
1.595	15.53	25.07
1.596	15.52	25.07
1.596	15.52	25.07
1.596	15.53	25.07
1.596	15.52	25.07
1.596	15.52	25.07
1.597	15.52	25.07
1.597	15.51	25.07
1.597	15.51	25.07
1.597	15.51	25.07
1.598	15.50	25.07
1.598	15.50	25.07
1.598	15.49	25.07
1.599	15.48	25.07
1.599	15.47	25.07
1.600	15.47	25.07
1.600	15.46	25.07
1.601	15.46	25.07
1.601	15.45	25.07
1.602	15.44	25.07
1.602	15.44	25.07
1.603	15.44	25.07
1.603	15.44	25.07
1.604	15.43	25.07
1.604	15.43	25.07
1.605	15.42	25.07
1.605	15.43	25.07
1.605	15.42	25.07
1.606	15.42	25.07
1.606	15.41	25.07
1.607	15.40	25.07
1.607	15.40	25.07
1.608	15.40	25.07
1.608	15.38	25.07
1.609	15.38	25.07
1.610	15.38	25.07
1.610	15.37	25.07
1.611	15.37	25.07
1.611	15.37	25.07
1.612	15.37	25.07
1.613	15.37	25.07
1.613	15.36	25.07
1.613	15.36	25.07
1.614	15.35	25.07
1.614	15.34	25.07
1.615	15.34	25.07
1.615	15.34	25.07
1.616	15.34	25.07
1.616	15.34	25.07
1.616	15.34	25.07
1.616	15.34	25.07
1.617	15.33	25.07
1.617	15.33	25.07
1.617	15.33	25.07
1.618	15.33	25.07
1.618	15.33	25.07
1.618	15.33	25.07
1.619	15.32	25.07
1.619	15.33	25.07
1.619	15.32	25.07
1.619	15.32	25.07
1.620	15.32	25.07
1.620	15.31	25.07
1.620	15.30	25.07
1.621	15.30	25.07
1.621	15.30	25.07
1.622	15.29	25.07
1.622	15.29	25.07
1.622	15.29	25.07
1.622	15.28	25.07
1.623	15.28	25.07
1.623	15.28	25.07
1.623	15.27	25.07
1.624	15.26	25.07
1.624	15.26	25.07
1.625	15.26	25.07
1.625	15.26	25.07
1.625	15.25	25.07
1.626	15.24	25.07
1.626	15.25	25.07
1.626	15.25	25.07
1.627	15.24	25.07
1.627	15.23	25.07
1.628	15.24	25.07
1.628	15.23	25.07
1.629	15.22	25.07
1.629	15.22	25.07
1.629	15.22	25.07
1.630	15.20	25.07
1.630	15.20	25.07
1.631	15.20	25.07
1.631	15.19	25.07
1.631	15.19	25.07
1.632	15.19	25.07
1.632	15.18	25.07
1.632	15.18	25.07
1.633	15.16	25.07
1.633	15.15	25.07
1.634	15.15	25.07
1.634	15.16	25.07
1.635	15.14	25.07
1.635	15.13	25.07
1.635	15.13	25.07
1.636	15.12	25.07
1.637	15.11	25.07
1.637	15.12	25.07
1.637	15.12	25.07
1.638	15.11	25.07
1.638	15.10	25.07
1.638	15.10	25.07
1.639	15.10	25.07
1.639	15.09	25.07
1.639	15.09	25.07
1.639	15.08	25.07
1.640	15.08	25.07
1.640	15.07	25.07
1.641	15.07	25.07
1.641	15.07	25.07
1.641	15.06	25.07
1.642	15.06	25.07
1.642	15.07	25.07
1.642	15.06	25.07
1.642	15.06	25.07
1.642	15.06	25.07
1.643	15.05	25.07
1.643	15.04	25.07
1.644	15.04	25.07
1.644	15.03	25.07
1.644	15.03	25.07
1.645	15.03	25.07
1.645	15.03	25.07
1.645	15.02	25.07
1.646	15.01	25.07
1.646	15.01	25.07
1.647	15.00	25.07
1.647	15.00	25.07
1.647	15.00	25.07
1.648	14.99	25.07
1.648	14.99	25.07
1.648	14.99	25.07
1.649	14.98	25.07
1.649	14.98	25.07
1.649	14.97	25.07
1.650	14.97	25.07
1.650	14.97	25.07
1.650	14.96	25.07
1.650	14.96	25.07
1.651	14.96	25.07
1.651	14.95	25.07
1.652	14.95	25.07
1.652	14.95	25.07
1.653	14.95	25.07
1.653	14.94	25.07
1.653	14.93	25.07
1.654	14.93	25.07
1.654	14.93	25.07
1.654	14.93	25.07
1.654	14.93	25.07
1.654	14.93	25.07
1.654	14.93	25.07
1.654	14.93	25.07
1.654	14.93	25.07
1.654	14.93	25.07
1.654	14.93	25.07
1.655	14.93	25.07
1.655	14.92	25.07
1.656	14.91	25.07
1.656	14.90	25.07
1.657	14.90	25.07
1.657	14.90	25.07
1.657	14.91	25.07
1.658	14.90	25.07
1.658	14.90	25.07
1.658	14.90	25.07
1.659	14.90	25.07
1.659	14.90	25.07
1.659	14.90	25.07
1.659	14.89	25.07
1.660	14.89	25.07
1.660	14.89	25.07
1.660	14.88	25.07
1.660	14.88	25.07
1.661	14.88	25.07
1.661	14.89	25.07
1.661	14.88	25.07
1.662	14.88	25.07
1.662	14.88	25.07
1.662	14.88	25.07
1.662	14.88	25.07
1.663	14.88	25.07
1.663	14.88	25.07
1.663	14.88	25.07
1.663	14.86	25.07
1.663	14.87	25.07
1.663	14.87	25.07
1.664	14.87	25.07
1.664	14.87	25.07
1.664	14.89	25.07
1.664	14.86	25.07
1.664	14.87	25.07
1.664	14.87	25.07
1.665	14.86	25.07
1.665	14.86	25.07
1.665	14.86	25.07
1.666	14.85	25.07
1.667	14.84	25.07
1.667	14.84	25.07
1.668	14.85	25.07
1.669	14.82	25.07
1.670	14.81	25.07
1.670	14.81	25.07
1.671	14.81	25.07
1.671	14.80	25.07
1.672	14.81	25.07
1.672	14.80	25.07
1.672	14.79	25.07
1.673	14.81	25.07
1.673	14.80	25.07
1.674	14.78	25.07
1.675	14.78	25.07
1.675	14.77	25.07
1.676	14.77	25.07
1.676	14.77	25.07
1.677	14.76	25.07
1.677	14.75	25.07
1.678	14.75	25.07
1.678	14.73	25.07
1.679	14.74	25.07
1.679	14.73	25.07
1.680	14.72	25.07
1.680	14.73	25.07
1.681	14.72	25.07
1.681	14.72	25.07
1.681	14.71	25.07
1.681	14.69	25.07
1.682	14.70	25.07
1.682	14.69	25.07
1.682	14.69	25.07
1.683	14.68	25.07
1.684	14.67	25.07
1.684	14.68	25.07
1.684	14.67	25.07
1.684	14.66	25.07
1.685	14.66	25.07
1.685	14.66	25.07
1.686	14.65	25.07
1.687	14.65	25.07
1.687	14.64	25.07
1.688	14.62	25.07
1.688	14.62	25.07
1.689	14.62	25.07
1.689	14.62	25.07
1.690	14.61	25.07
1.690	14.61	25.07
1.691	14.59	25.07
1.691	14.60	25.07
1.691	14.59	25.07
1.692	14.59	25.07
1.692	14.59	25.07
1.693	14.59	25.07
1.693	14.58	25.07
1.694	14.56	25.07
1.694	14.56	25.07
1.695	14.54	25.07
1.695	14.55	25.07
1.696	14.55	25.07
1.696	14.54	25.07
1.696	14.54	25.07
1.697	14.53	25.07
1.697	14.52	25.07
1.698	14.51	25.07
1.699	14.51	25.07
1.699	14.50	25.07
1.700	14.50	25.07
1.700	14.51	25.07
1.701	14.50	25.07
1.701	14.49	25.07
1.702	14.50	25.07
1.702	14.49	25.07
1.703	14.48	25.07
1.703	14.47	25.07
1.703	14.48	25.07
1.704	14.48	25.07
1.704	14.47	25.07
1.704	14.46	25.07
1.705	14.45	25.07
1.705	14.47	25.07
1.706	14.44	25.07
1.706	14.44	25.07
1.708	14.44	25.07
1.709	14.44	25.07
1.709	14.42	25.07
1.710	14.43	25.07
1.710	14.43	25.07
1.711	14.42	25.07
1.711	14.41	25.07
1.712	14.41	25.07
1.712	14.42	25.07
1.712	14.42	25.07
1.713	14.42	25.07
1.713	14.42	25.07
1.714	14.40	25.07
1.714	14.41	25.07
1.715	14.40	25.07
1.715	14.41	25.07
1.715	14.40	25.07
1.716	14.42	25.07
1.716	14.40	25.07
1.716	14.40	25.07
1.717	14.39	25.07
1.718	14.40	25.07
1.718	14.40	25.07
1.718	14.39	25.07
1.719	14.38	25.07
1.719	14.37	25.07
1.720	14.37	25.07
1.720	14.36	25.07
1.721	14.36	25.07
1.721	14.34	25.07
1.722	14.35	25.07
1.722	14.34	25.07
1.723	14.34	25.07
1.723	14.34	25.07
1.724	14.34	25.07
1.724	14.33	25.07
1.725	14.32	25.07
1.725	14.32	25.07
1.726	14.32	25.07
1.726	14.33	25.07
1.727	14.29	25.07
1.727	14.30	25.07
1.728	14.30	25.07
1.728	14.30	25.07
1.728	14.28	25.07
1.729	14.29	25.07
1.730	14.28	25.07
1.730	14.28	25.07
1.731	14.28	25.07
1.732	14.26	25.07
1.732	14.26	25.07
1.733	14.24	25.07
1.734	14.23	25.07
1.734	14.24	25.07
1.735	14.22	25.07
1.735	14.22	25.07
1.736	14.21	25.07
1.737	14.21	25.07
1.738	14.18	25.07
1.739	14.20	25.07
1.739	14.19	25.07
1.740	14.19	25.07
1.740	14.18	25.07
1.740	14.18	25.07
1.740	14.17	25.07
1.740	14.19	25.07
1.740	14.18	25.07
1.740	14.16	25.07
1.740	14.18	25.07
1.740	14.18	25.07
1.740	14.17	25.07
1.741	14.17	25.07
1.741	14.16	25.07
1.741	14.16	25.07
1.742	14.17	25.07
1.742	14.16	25.07
1.742	14.18	25.07
1.742	14.18	25.07
1.741	14.15	25.07
1.741	14.17	25.07
1.741	14.16	25.07
1.741	14.15	25.07
1.742	14.15	25.07
1.742	14.14	25.07
1.742	14.14	25.07
1.743	14.14	25.07
1.744	14.15	25.07
1.744	14.14	25.07
1.744	14.12	25.07
1.745	14.12	25.07
1.745	14.13	25.07
1.745	14.11	25.07
1.746	14.11	25.07
1.746	14.11	25.07
1.746	14.10	25.07
1.747	14.11	25.07
1.747	14.11	25.07
1.747	14.09	25.07
1.748	14.10	25.07
1.748	14.09	25.07
1.749	14.09	25.07
1.749	14.08	25.07
1.750	14.08	25.07
1.750	14.08	25.07
1.750	14.08	25.07
1.751	14.08	25.07
1.751	14.08	25.07
1.752	14.06	25.07
1.752	14.05	25.07
1.753	14.06	25.07
1.753	14.04	25.07
1.754	14.05	25.07
1.754	14.03	25.07
1.755	14.03	25.07
1.755	14.03	25.07
1.756	14.01	25.07
1.757	14.00	25.07
1.758	14.00	25.07
1.758	13.98	25.07
1.758	14.00	25.07
1.759	13.99	25.07
1.759	13.98	25.07
1.760	13.98	25.07
1.761	13.99	25.07
1.762	13.97	25.07
1.762	13.98	25.07
1.763	13.97	25.07
1.763	13.97	25.07
1.763	13.95	25.07
1.763	13.96	25.07
1.763	13.97	25.07
1.763	13.97	25.07
1.763	13.97	25.07
1.763	13.96	25.07
1.763	13.97	25.07
1.763	13.97	25.07
1.763	13.97	25.07
1.763	13.95	25.07
1.764	13.96	25.07
1.764	13.97	25.07
1.765	13.96	25.07
1.765	13.96	25.07
1.765	13.95	25.07
1.765	13.95	25.07
1.765	13.97	25.07
1.766	13.96	25.07
1.766	13.94	25.07
1.766	13.93	25.07
1.766	13.94	25.07
1.766	13.89	25.07
1.766	13.79	25.07
1.767	13.92	25.07
1.767	13.94	25.07
1.767	13.84	25.07
1.768	13.81	25.07
1.768	13.86	25.07
1.769	13.89	25.07
1.769	13.89	25.07
1.770	13.94	25.07
1.770	13.94	25.07
1.770	13.94	25.07
1.771	13.93	25.07
1.771	13.92	25.07
1.771	13.93	25.07
1.771	13.93	25.07
1.772	13.93	25.07
1.772	13.92	25.07
1.772	13.93	25.07
1.773	13.93	25.07
1.773	13.92	25.07
1.773	13.91	25.07
1.774	13.92	25.07
1.774	13.91	25.07
1.774	13.90	25.07
1.775	13.89	25.07
1.775	13.91	25.07
1.776	13.89	25.07
1.777	13.89	25.07
1.777	13.89	25.07
1.778	13.89	25.07
1.778	13.87	25.07
1.779	13.86	25.07
1.780	13.85	25.07
1.780	14.22	25.07
1.781	13.95	25.07
1.782	13.86	25.07
1.782	13.85	25.07
1.782	13.85	25.07
1.783	13.84	25.07
1.783	13.85	25.07
1.783	13.83	25.07
1.783	13.84	25.07
1.783	13.84	25.07
1.784	13.83	25.07
1.784	13.83	25.07
1.784	13.82	25.07
1.784	13.82	25.07
1.785	13.81	25.07
1.785	13.81	25.07
1.785	13.79	25.07
1.786	13.81	25.07
1.786	13.80	25.07
1.787	13.80	25.07
1.788	13.79	25.07
1.788	13.77	25.07
1.789	13.77	25.07
1.789	13.76	25.07
1.790	13.75	25.07
1.791	13.75	25.07
1.792	13.73	25.07
1.792	13.73	25.07
1.793	13.73	25.07
1.793	13.72	25.07
1.794	13.71	25.07
1.794	13.72	25.07
1.795	13.72	25.07
1.795	13.71	25.07
1.796	13.70	25.07
1.797	13.70	25.07
1.797	13.69	25.07
1.797	13.70	25.07
1.798	13.69	25.07
1.798	13.69	25.07
1.799	13.70	25.07
1.799	13.67	25.07
1.800	13.67	25.07
1.800	13.66	25.07
1.801	13.65	25.07
1.801	13.65	25.07
1.801	13.65	25.07
1.802	13.65	25.07
1.802	13.64	25.07
1.802	13.64	25.07
1.803	13.63	25.07
1.803	13.63	25.07
1.803	13.63	25.07
1.804	13.62	25.07
1.805	13.62	25.07
1.805	13.62	25.07
1.806	13.61	25.07
1.807	13.62	25.07
1.807	13.59	25.07
1.807	13.59	25.07
1.808	13.60	25.07
1.808	13.58	25.07
1.809	13.58	25.07
1.809	13.58	25.07
1.810	13.57	25.07
1.810	13.57	25.07
1.811	13.56	25.07
1.811	13.56	25.07
1.812	13.56	25.07
1.812	13.56	25.07
1.812	13.56	25.07
1.813	13.55	25.07
1.814	13.54	25.07
1.814	13.54	25.07
1.815	13.54	25.07
1.815	13.53	25.07
1.816	13.52	25.07
1.816	13.52	25.07
1.817	13.52	25.07
1.818	13.52	25.07
1.818	13.51	25.07
1.818	13.50	25.07
1.819	13.51	25.07
1.819	13.51	25.07
1.820	13.51	25.07
1.820	13.50	25.07
1.820	13.50	25.07
1.821	13.50	25.07
1.821	13.50	25.07
1.822	13.49	25.07
1.822	13.50	25.07
1.822	13.50	25.07
1.822	13.49	25.07
1.823	13.49	25.07
1.824	13.48	25.07
1.824	13.48	25.07
1.824	13.48	25.07
1.825	13.48	25.07
1.825	13.47	25.07
1.826	13.47	25.07
1.826	13.48	25.07
1.827	13.45	25.07
1.827	13.47	25.07
1.827	13.46	25.07
1.828	13.47	25.07
1.829	13.46	25.07
1.829	13.46	25.07
1.830	13.46	25.07
1.830	13.45	25.07
1.831	13.45	25.07
1.831	13.45	25.07
1.832	13.45	25.07
1.832	13.44	25.07
1.833	13.45	25.07
1.834	13.45	25.07
1.834	13.42	25.07
1.835	13.43	25.07
1.836	13.42	25.07
1.837	13.41	25.07
1.837	13.41	25.07
1.838	13.41	25.07
1.839	13.40	25.07
1.839	13.40	25.07
1.840	13.38	25.07
1.840	13.37	25.07
1.841	13.39	25.07
1.841	13.38	25.07
1.841	13.38	25.07
1.842	13.39	25.07
1.842	13.38	25.07
1.842	13.38	25.07
1.843	13.37	25.07
1.843	13.36	25.07
1.843	13.36	25.07
1.843	13.36	25.07
1.844	13.36	25.07
1.845	13.35	25.07
1.845	13.35	25.07
1.845	13.35	25.07
1.846	13.32	25.07
1.846	13.33	25.07
1.847	13.32	25.07
1.848	13.31	25.07
1.848	13.29	25.07
1.849	13.30	25.07
1.849	13.29	25.07
1.850	13.30	25.07
1.850	13.31	25.07
1.851	13.28	25.07
1.852	13.27	25.07
1.853	13.25	25.07
1.853	13.27	25.07
1.854	13.24	25.07
1.854	13.25	25.07
1.854	13.25	25.07
1.855	13.23	25.07
1.855	13.23	25.07
1.855	13.23	25.07
1.856	13.24	25.07
1.856	13.23	25.07
1.857	13.24	25.07
1.857	13.21	25.07
1.858	13.21	25.07
1.858	13.22	25.07
1.859	13.21	25.07
1.859	13.20	25.07
1.859	13.23	25.07
1.860	13.22	25.07
1.860	13.22	25.07
1.860	13.20	25.07
1.861	13.19	25.07
1.861	13.20	25.07
1.862	13.19	25.07
1.862	13.18	25.07
1.863	13.16	25.07
1.863	13.15	25.07
1.864	13.16	25.07
1.864	13.15	25.07
1.865	13.15	25.07
1.865	13.13	25.07
1.866	13.12	25.07
1.866	13.13	25.07
1.867	13.13	25.07
1.867	13.13	25.07
1.867	13.12	25.07
1.868	13.12	25.07
1.868	13.12	25.07
1.868	13.12	25.07
1.869	13.12	25.07
1.869	13.12	25.07
1.870	13.11	25.07
1.870	13.10	25.07
1.870	13.09	25.07
1.871	13.12	25.07
1.871	13.11	25.07
1.872	13.09	25.07
1.872	13.09	25.07
1.873	13.07	25.07
1.873	13.10	25.07
1.874	13.06	25.07
1.875	13.07	25.07
1.875	13.06	25.07
1.876	13.06	25.07
1.877	13.05	25.07
1.878	13.05	25.07
1.879	13.04	25.07
1.879	13.05	25.07
1.880	13.03	25.07
1.880	13.04	25.07
1.880	13.03	25.07
1.881	13.03	25.07
1.882	13.04	25.07
1.882	13.03	25.07
1.883	13.05	25.07
1.883	13.02	25.07
1.884	13.03	25.07
1.884	13.04	25.07
1.884	13.01	25.07
1.884	13.03	25.07
1.885	13.02	25.07
1.886	13.03	25.07
1.886	13.01	25.07
1.887	13.01	25.07
1.887	13.02	25.07
1.888	13.01	25.07
1.888	13.03	25.07
1.889	13.00	25.07
1.889	13.01	25.07
1.890	13.01	25.07
1.891	13.00	25.07
1.891	12.99	25.07
1.892	12.99	25.07
1.892	12.99	25.07
1.893	12.98	25.07
1.893	12.98	25.07
1.894	12.97	25.07
1.894	12.98	25.07
1.895	12.97	25.07
1.895	12.97	25.07
1.895	12.96	25.07
1.895	12.97	25.07
1.896	12.96	25.07
1.897	12.96	25.07
1.897	12.96	25.07
1.897	12.97	25.07
1.898	12.93	25.07
1.899	12.95	25.07
1.900	12.94	25.07
1.900	12.94	25.07
1.901	12.95	25.07
1.902	12.93	25.07
1.903	12.92	25.07
1.904	12.92	25.07
1.904	12.93	25.07
1.905	12.90	25.07
1.905	12.90	25.07
1.905	12.91	25.07
1.906	12.90	25.07
1.906	12.88	25.07
1.907	12.88	25.07
1.908	12.88	25.07
1.909	12.88	25.07
1.909	12.87	25.07
1.910	12.86	25.07
1.911	12.88	25.07
1.911	12.86	25.07
1.912	12.85	25.07
1.912	12.86	25.07
1.913	12.85	25.07
1.913	12.83	25.07
1.914	12.83	25.07
1.915	12.82	25.07
1.915	12.82	25.07
1.916	12.80	25.07
1.917	12.79	25.07
1.918	12.79	25.07
1.918	12.78	25.07
1.918	12.78	25.07
1.919	12.76	25.07
1.919	12.78	25.07
1.920	12.77	25.07
1.920	12.76	25.07
1.921	12.78	25.07
1.921	12.74	25.07
1.922	12.75	25.07
1.922	12.75	25.07
1.923	12.73	25.07
1.923	12.74	25.07
1.924	12.75	25.07
1.924	12.74	25.07
1.925	12.73	25.07
1.925	12.73	25.07
1.925	12.73	25.07
1.925	12.73	25.07
1.925	12.73	25.07
1.926	12.73	25.07
1.926	12.73	25.07
1.927	12.72	25.07
1.927	12.72	25.07
1.928	12.71	25.07
1.928	12.71	25.07
1.928	12.70	25.07
1.929	12.69	25.07
1.929	12.69	25.07
1.930	12.68	25.07
1.930	12.68	25.07
1.931	12.68	25.07
1.931	12.67	25.07
1.932	12.67	25.07
1.932	12.67	25.07
1.933	12.66	25.07
1.933	12.66	25.07
1.933	12.67	25.07
1.933	12.66	25.07
1.934	12.65	25.07
1.934	12.63	25.07
1.934	12.64	25.07
1.935	12.63	25.07
1.935	12.63	25.07
1.936	12.61	25.07
1.936	12.62	25.07
1.937	12.62	25.07
1.937	12.62	25.07
1.938	12.62	25.07
1.939	12.60	25.07
1.939	12.60	25.07
1.940	12.60	25.07
1.941	12.59	25.07
1.942	12.59	25.07
1.942	12.59	25.07
1.943	12.59	25.07
1.943	12.58	25.07
1.944	12.59	25.07
1.944	12.59	25.07
1.945	12.56	25.07
1.945	12.58	25.07
1.945	12.58	25.07
1.945	12.57	25.07
1.945	12.57	25.07
1.946	12.56	25.07
1.946	12.56	25.07
1.946	12.56	25.07
1.947	12.55	25.07
1.947	12.56	25.07
1.947	12.56	25.07
1.947	12.56	25.07
1.947	12.56	25.07
1.947	12.56	25.07
1.947	12.55	25.07
1.947	12.56	25.07
1.947	12.55	25.07
1.948	12.56	25.07
1.948	12.55	25.07
1.948	12.55	25.07
1.948	12.55	25.07
1.948	12.54	25.07
1.948	12.55	25.07
1.949	12.55	25.07
1.949	12.55	25.07
1.949	12.55	25.07
1.949	12.55	25.07
1.950	12.55	25.07
1.950	12.55	25.07
1.950	12.55	25.07
1.951	12.54	25.07
1.951	12.54	25.07
1.951	12.54	25.07
1.951	12.55	25.07
1.951	12.54	25.07
1.951	12.54	25.07
1.951	12.55	25.07
1.952	12.54	25.07
1.952	12.54	25.07
1.952	12.54	25.07
1.952	12.54	25.07
1.952	12.53	25.07
1.952	12.54	25.07
1.953	12.54	25.07
1.953	12.54	25.07
1.953	12.53	25.07
1.954	12.54	25.07
1.954	12.53	25.07
1.954	12.53	25.07
1.955	12.53	25.07
1.955	12.53	25.07
1.956	12.52	25.07
1.956	12.53	25.07
1.957	12.53	25.07
1.957	12.52	25.07
1.958	12.52	25.07
1.958	12.52	25.07
1.959	12.52	25.07
1.959	12.52	25.07
1.959	12.52	25.07
1.960	12.50	25.07
1.961	12.52	25.07
1.962	12.51	25.07
1.962	12.50	25.07
1.963	12.51	25.07
1.963	12.50	25.07
1.964	12.50	25.07
1.964	12.50	25.07
1.964	12.48	25.07
1.965	12.48	25.07
1.966	12.48	25.07
1.967	12.47	25.07
1.968	12.46	25.07
1.969	12.46	25.07
1.969	12.45	25.07
1.970	12.45	25.07
1.971	12.45	25.07
1.971	12.44	25.07
1.972	12.44	25.07
1.972	12.44	25.07
1.972	12.44	25.07
1.972	12.44	25.07
1.972	12.43	25.07
1.973	12.42	25.07
1.974	12.44	25.07
1.974	12.42	25.07
1.974	12.42	25.07
1.975	12.42	25.07
1.975	12.42	25.07
1.975	12.42	25.07
1.976	12.42	25.07
1.976	12.41	25.07
1.976	12.40	25.07
1.976	12.40	25.07
1.977	12.39	25.07
1.977	12.39	25.07
1.977	12.39	25.07
1.978	12.39	25.07
1.978	12.38	25.07
1.979	12.38	25.07
1.980	12.38	25.07
1.980	12.38	25.07
1.981	12.38	25.07
1.981	12.35	25.07
1.982	12.35	25.07
1.982	12.35	25.07
1.982	12.35	25.07
1.982	12.34	25.07
1.983	12.34	25.07
1.983	12.33	25.07
1.984	12.33	25.07
1.984	12.32	25.07
1.985	12.31	25.07
1.987	12.29	25.07
1.988	12.29	25.07
1.988	12.29	25.07
1.989	12.28	25.07
1.989	12.28	25.07
1.989	12.28	25.07
1.990	12.28	25.07
1.990	12.28	25.07
1.990	12.27	25.07
1.991	12.26	25.07
1.991	12.27	25.07
1.992	12.25	25.07
1.992	12.25	25.07
1.993	12.26	25.07
1.993	12.25	25.07
1.994	12.25	25.07
1.994	12.25	25.07
1.995	12.24	25.07
1.996	12.25	25.07
1.996	12.23	25.07
1.997	12.23	25.07
1.997	12.23	25.07
1.997	12.23	25.07
1.998	12.22	25.07
1.999	12.20	25.07
2.000	12.20	25.07
2.000	12.20	25.07
2.001	12.19	25.07
2.001	12.19	25.07
2.002	12.19	25.07
2.002	12.19	25.07
2.002	12.19	25.07
2.003	12.17	25.07
2.003	12.17	25.07
2.003	12.18	25.07
2.004	12.17	25.07
2.004	12.17	25.07
2.004	12.16	25.07
2.005	12.16	25.07
2.005	12.16	25.07
2.005	12.16	25.07
2.006	12.15	25.07
2.006	12.15	25.07
2.006	12.14	25.07
2.006	12.14	25.07
2.007	12.14	25.07
2.007	12.14	25.07
2.007	12.14	25.07
2.007	12.13	25.07
2.007	12.13	25.07
2.007	12.13	25.07
2.007	12.13	25.07
2.007	12.13	25.07
2.007	12.14	25.07
2.007	12.14	25.07
2.007	12.14	25.07
2.007	12.13	25.07
2.007	12.14	25.07
2.007	12.13	25.07
2.008	12.13	25.07
2.008	12.12	25.07
2.009	12.13	25.07
2.009	12.13	25.07
2.010	12.12	25.07
2.010	12.12	25.07
2.011	12.12	25.07
2.011	12.10	25.07
2.012	12.10	25.07
2.013	12.11	25.06
2.013	12.10	25.07
2.014	12.10	25.06
2.014	12.10	25.07
2.014	12.10	25.07
2.015	12.11	25.07
2.015	12.10	25.06
2.015	12.10	25.07
2.016	12.10	25.07
2.016	12.09	25.07
2.016	12.10	25.06
2.017	12.10	25.06
2.017	12.09	25.06
2.017	12.09	25.06
2.018	12.10	25.06
2.018	12.09	25.06
2.018	12.09	25.06
2.019	12.09	25.06
2.019	12.08	25.06
2.020	12.08	25.06
2.020	12.08	25.06
2.021	12.08	25.06
2.021	12.09	25.06
2.021	12.08	25.06
2.021	12.08	25.06
2.022	12.08	25.06
2.021	12.08	25.06
2.021	12.09	25.06
2.021	12.08	25.06
2.021	12.08	25.06
2.021	12.08	25.06
2.021	12.08	25.06
2.021	12.09	25.06
2.021	12.09	25.06
2.021	12.08	25.06
2.021	12.08	25.06
2.021	12.08	25.06
2.021	12.08	25.06
2.021	12.08	25.06
2.021	12.08	25.06
2.021	12.07	25.06
2.021	12.08	25.06
2.021	12.09	25.06
2.021	12.08	25.06
2.021	12.08	25.06
2.021	12.08	25.06
2.021	12.08	25.06
2.021	12.08	25.06
2.021	12.08	25.06
2.021	12.08	25.06
2.021	12.08	25.06
2.021	12.08	25.06
2.022	12.08	25.06
2.023	12.08	25.06
2.025	12.08	25.06
2.026	12.07	25.06
2.027	12.06	25.06
2.028	12.06	25.06
2.028	12.07	25.06
2.028	12.07	25.06
2.029	12.07	25.06
2.029	12.07	25.06
2.030	12.05	25.06
2.030	12.06	25.06
2.031	12.05	25.06
2.031	12.03	25.06
2.032	12.03	25.06
2.032	12.03	25.06
2.033	12.02	25.06
2.034	12.02	25.06
2.034	12.02	25.06
2.035	12.01	25.06
2.036	12.01	25.06
2.036	12.01	25.06
2.037	12.01	25.06
2.038	12.01	25.06
2.038	11.99	25.06
2.039	12.00	25.06
2.040	11.99	25.06
2.041	11.98	25.06
2.042	11.97	25.06
2.043	11.98	25.06
2.044	11.98	25.06
2.045	11.97	25.06
2.045	11.96	25.06
2.046	11.97	25.06
2.047	11.95	25.06
2.048	11.95	25.06
2.048	11.94	25.06
2.049	11.95	25.06
2.050	11.94	25.06
2.050	11.93	25.06
2.051	11.94	25.06
2.051	11.92	25.06
2.052	11.93	25.06
2.053	11.91	25.06
2.053	11.90	25.06
2.054	11.89	25.06
2.055	11.87	25.06
2.056	11.86	25.06
2.057	11.87	25.06
2.058	11.87	25.06
2.059	11.85	25.06
2.059	11.84	25.06
2.060	11.83	25.06
2.061	11.83	25.06
2.062	11.83	25.06
2.062	11.83	25.06
2.063	11.82	25.06
2.063	11.81	25.06
2.064	11.81	25.06
2.064	11.80	25.06
2.065	11.80	25.06
2.065	11.80	25.06
2.066	11.78	25.06
2.067	11.79	25.06
2.067	11.77	25.06
2.069	11.77	25.06
2.070	11.75	25.06
2.072	11.74	25.06
2.073	11.73	25.06
2.074	11.73	25.06
2.075	11.72	25.06
2.076	11.71	25.06
2.076	11.71	25.06
2.077	11.71	25.06
2.077	11.71	25.06
2.077	11.71	25.06
2.078	11.69	25.06
2.079	11.68	25.06
2.080	11.69	25.06
2.081	11.68	25.06
2.081	11.68	25.06
2.082	11.68	25.06
2.082	11.67	25.06
2.083	11.65	25.06
2.084	11.66	25.06
2.085	11.66	25.06
2.085	11.66	25.06
2.085	11.66	25.06
2.086	11.65	25.06
2.086	11.66	25.06
2.086	11.65	25.06
2.087	11.65	25.06
2.087	11.65	25.06
2.087	11.64	25.06
2.087	11.65	25.06
2.087	11.65	25.06
2.087	11.64	25.06
2.087	11.63	25.06
2.088	11.64	25.06
2.088	11.64	25.06
2.089	11.63	25.06
2.091	11.63	25.06
2.092	11.62	25.06
2.092	11.62	25.06
2.093	11.62	25.06
2.093	11.63	25.06
2.093	11.62	25.06
2.094	11.62	25.06
2.095	11.62	25.06
2.096	11.61	25.06
2.097	11.61	25.06
2.098	11.61	25.06
2.098	11.61	25.06
2.099	11.60	25.06
2.100	11.60	25.06
2.100	11.60	25.06
2.101	11.59	25.06
2.102	11.59	25.06
2.103	11.59	25.06
2.103	11.59	25.06
2.104	11.59	25.06
2.105	11.58	25.06
2.106	11.58	25.06
2.107	11.58	25.06
2.108	11.57	25.06
2.109	11.57	25.06
2.110	11.56	25.06
2.111	11.56	25.06
2.111	11.56	25.06
2.112	11.55	25.06
2.112	11.55	25.06
2.113	11.55	25.06
2.113	11.55	25.06
2.114	11.55	25.06
2.115	11.54	25.06
2.116	11.54	25.06
2.117	11.53	25.06
2.118	11.54	25.06
2.119	11.53	25.06
2.119	11.53	25.06
2.120	11.52	25.06
2.121	11.51	25.06
2.122	11.51	25.06
2.123	11.50	25.06
2.124	11.50	25.06
2.125	11.48	25.06
2.126	11.48	25.06
2.127	11.48	25.06
2.128	11.48	25.06
2.129	11.48	25.06
2.129	11.46	25.06
2.129	11.46	25.06
2.130	11.45	25.06
2.130	11.44	25.06
2.131	11.44	25.06
2.132	11.43	25.06
2.132	11.42	25.06
2.133	11.41	25.06
2.134	11.41	25.06
2.135	11.38	25.06
2.137	11.39	25.06
2.138	11.37	25.06
2.140	11.35	25.06
2.142	11.34	25.06
2.144	11.33	25.06
2.145	11.32	25.06
2.146	11.32	25.06
2.147	11.30	25.06
2.148	11.30	25.06
2.149	11.29	25.06
2.150	11.28	25.06
2.151	11.27	25.06
2.152	11.27	25.06
2.153	11.26	25.06
2.155	11.25	25.06
2.156	11.24	25.06
2.158	11.23	25.06
2.159	11.22	25.06
2.160	11.22	25.06
2.160	11.22	25.06
2.161	11.21	25.06
2.162	11.21	25.06
2.164	11.19	25.06
2.165	11.18	25.06
2.166	11.18	25.06
2.167	11.18	25.06
2.168	11.17	25.06
2.169	11.18	25.06
2.170	11.16	25.06
2.171	11.16	25.06
2.172	11.16	25.06
2.172	11.16	25.06
2.172	11.16	25.06
2.173	11.15	25.06
2.175	11.15	25.06
2.176	11.14	25.06
2.176	11.14	25.06
2.177	11.14	25.06
2.178	11.13	25.06
2.179	11.13	25.06
2.179	11.13	25.06
2.180	11.13	25.06
2.180	11.13	25.06
2.181	11.13	25.06
2.182	11.12	25.06
2.183	11.12	25.06
2.183	11.12	25.06
2.184	11.12	25.06
2.185	11.12	25.06
2.186	11.12	25.06
2.186	11.12	25.06
2.186	11.12	25.06
2.187	11.12	25.06
2.187	11.12	25.06
2.188	11.12	25.06
2.188	11.12	25.06
2.189	11.11	25.06
2.190	11.12	25.06
2.190	11.12	25.06
2.191	11.12	25.06
2.192	11.12	25.06
2.192	11.11	25.06
2.193	11.10	25.06
2.194	11.09	25.06
2.194	11.09	25.06
2.195	11.08	25.06
2.196	11.07	25.06
2.196	11.07	25.06
2.197	11.07	25.06
2.197	11.07	25.06
2.198	11.07	25.06
2.198	11.07	25.06
2.199	11.07	25.06
2.200	11.06	25.06
2.200	11.05	25.06
2.201	11.06	25.06
2.202	11.05	25.06
2.202	11.05	25.06
2.203	11.05	25.06
2.204	11.05	25.06
2.204	11.05	25.06
2.205	11.04	25.06
2.205	11.04	25.06
2.206	11.03	25.06
2.207	11.03	25.06
2.207	11.02	25.06
2.207	11.02	25.06
2.208	11.03	25.06
2.208	11.01	25.06
2.209	11.02	25.06
2.209	11.01	25.06
2.210	11.01	25.06
2.210	11.00	25.06
2.211	11.00	25.06
2.211	11.00	25.06
2.212	10.99	25.06
2.212	10.99	25.06
2.213	10.99	25.06
2.213	10.98	25.06
2.213	10.98	25.06
2.213	10.98	25.06
2.213	10.98	25.06
2.213	10.97	25.06
2.214	10.97	25.06
2.214	10.96	25.06
2.215	10.96	25.06
2.216	10.96	25.06
2.216	10.96	25.06
2.217	10.95	25.06
2.217	10.95	25.06
2.218	10.94	25.06
2.218	10.95	25.06
2.219	10.94	25.06
2.220	10.92	25.06
2.221	10.91	25.06
2.223	10.91	25.06
2.223	10.91	25.06
2.224	10.89	25.06
2.224	10.89	25.06
2.225	10.88	25.06
2.226	10.88	25.06
2.227	10.87	25.06
2.227	10.87	25.06
2.228	10.86	25.06
2.229	10.87	25.06
2.229	10.85	25.06
2.230	10.85	25.06
2.231	10.85	25.06
2.232	10.83	25.06
2.232	10.83	25.06
2.233	10.83	25.06
2.234	10.82	25.06
2.234	10.82	25.06
2.235	10.81	25.06
2.235	10.81	25.06
2.236	10.80	25.06
2.236	10.80	25.06
2.237	10.80	25.06
2.238	10.79	25.06
2.238	10.78	25.06
2.239	10.78	25.06
2.239	10.78	25.06
2.240	10.77	25.06
2.241	10.76	25.06
2.242	10.76	25.06
2.242	10.76	25.06
2.243	10.75	25.06
2.244	10.75	25.06
2.245	10.75	25.06
2.246	10.75	25.06
2.246	10.74	25.06
2.247	10.73	25.06
2.248	10.73	25.06
2.248	10.73	25.06
2.249	10.73	25.06
2.249	10.73	25.06
2.250	10.72	25.06
2.251	10.72	25.06
2.252	10.71	25.06
2.252	10.71	25.06
2.253	10.70	25.06
2.254	10.70	25.06
2.254	10.69	25.06
2.255	10.70	25.06
2.255	10.70	25.06
2.256	10.69	25.06
2.257	10.69	25.06
2.257	10.68	25.06
2.257	10.68	25.06
2.258	10.68	25.06
2.258	10.69	25.06
2.258	10.68	25.06
2.258	10.68	25.06
2.258	10.68	25.06
2.258	10.68	25.06
2.258	10.68	25.06
2.259	10.68	25.06
2.260	10.67	25.06
2.261	10.67	25.06
2.261	10.66	25.06
2.262	10.66	25.06
2.262	10.66	25.06
2.262	10.66	25.06
2.262	10.66	25.06
2.263	10.65	25.06
2.264	10.65	25.06
2.264	10.65	25.06
2.265	10.65	25.06
2.267	10.65	25.06
2.267	10.65	25.06
2.268	10.65	25.06
2.269	10.64	25.06
2.270	10.64	25.06
2.271	10.64	25.06
2.272	10.63	25.06
2.273	10.64	25.06
2.274	10.63	25.06
2.275	10.63	25.06
2.276	10.63	25.06
2.277	10.63	25.06
2.278	10.62	25.06
2.279	10.63	25.06
2.280	10.63	25.06
2.281	10.62	25.06
2.282	10.62	25.06
2.282	10.62	25.06
2.283	10.61	25.06
2.284	10.61	25.06
2.284	10.62	25.06
2.285	10.61	25.06
2.286	10.61	25.06
2.286	10.60	25.06
2.287	10.59	25.06
2.288	10.59	25.06
2.289	10.58	25.06
2.290	10.58	25.06
2.290	10.58	25.06
2.291	10.57	25.06
2.293	10.57	25.06
2.293	10.56	25.06
2.294	10.56	25.06
2.295	10.56	25.06
2.295	10.56	25.06
2.296	10.56	25.06
2.296	10.56	25.06
2.297	10.55	25.06
2.298	10.55	25.06
2.298	10.54	25.06
2.298	10.54	25.06
2.299	10.54	25.06
2.299	10.54	25.06
2.300	10.53	25.06
2.301	10.53	25.06
2.302	10.53	25.06
2.302	10.52	25.06
2.302	10.52	25.06
2.303	10.51	25.06
2.304	10.52	25.06
2.304	10.52	25.06
2.305	10.51	25.06
2.305	10.50	25.06
2.307	10.48	25.06
2.308	10.48	25.06
2.309	10.47	25.06
2.310	10.47	25.06
2.311	10.46	25.06
2.311	10.46	25.06
2.311	10.45	25.06
2.312	10.45	25.06
2.313	10.44	25.06
2.314	10.42	25.06
2.315	10.42	25.06
2.317	10.41	25.06
2.318	10.40	25.06
2.319	10.40	25.06
2.320	10.39	25.06
2.322	10.38	25.06
2.323	10.37	25.06
2.324	10.36	25.06
2.325	10.36	25.06
2.326	10.36	25.06
2.327	10.34	25.06
2.328	10.33	25.06
2.329	10.33	25.06
2.330	10.32	25.06
2.331	10.32	25.06
2.332	10.31	25.06
2.333	10.30	25.06
2.334	10.29	25.06
2.336	10.28	25.06
2.338	10.27	25.06
2.340	10.26	25.06
2.341	10.26	25.06
2.343	10.26	25.06
2.344	10.24	25.06
2.345	10.24	25.06
2.347	10.23	25.06
2.348	10.23	25.06
2.350	10.22	25.06
2.351	10.22	25.06
2.352	10.21	25.06
2.353	10.21	25.06
2.355	10.21	25.06
2.355	10.21	25.06
2.356	10.21	25.06
2.356	10.21	25.06
2.357	10.20	25.06
2.357	10.20	25.06
2.358	10.19	25.06
2.358	10.19	25.06
2.359	10.19	25.06
2.359	10.18	25.06
2.359	10.18	25.06
2.359	10.18	25.06
2.360	10.18	25.06
2.363	10.17	25.06
2.365	10.16	25.06
2.366	10.16	25.06
2.367	10.16	25.06
2.368	10.16	25.06
2.368	10.16	25.06
2.369	10.16	25.06
2.371	10.16	25.06
2.372	10.16	25.06
2.373	10.16	25.06
2.374	10.15	25.06
2.375	10.16	25.06
2.376	10.15	25.06
2.377	10.15	25.06
2.378	10.15	25.06
2.379	10.14	25.06
2.380	10.13	25.06
2.381	10.13	25.06
2.383	10.12	25.06
2.384	10.12	25.06
2.386	10.12	25.06
2.387	10.12	25.06
2.388	10.11	25.06
2.389	10.11	25.06
2.389	10.11	25.06
2.390	10.10	25.06
2.390	10.10	25.06
2.391	10.10	25.06
2.392	10.10	25.06
2.392	10.09	25.06
2.393	10.09	25.06
2.394	10.08	25.06
2.395	10.08	25.06
2.396	10.07	25.06
2.396	10.07	25.06
2.398	10.07	25.06
2.399	10.06	25.06
2.401	10.06	25.06
2.402	10.04	25.06
2.404	10.03	25.06
2.405	10.03	25.06
2.407	10.02	25.06
2.408	10.01	25.06
2.409	10.00	25.06
2.410	10.00	25.06
2.411	10.00	25.06
2.412	9.99	25.06
2.414	9.98	25.06
2.414	9.97	25.06
2.415	9.96	25.06
2.417	9.95	25.06
2.418	9.94	25.06
2.420	9.92	25.06
2.422	9.92	25.06
2.423	9.91	25.06
2.424	9.90	25.06
2.426	9.89	25.06
2.427	9.89	25.06
2.428	9.89	25.06
2.429	9.88	25.06
2.430	9.87	25.06
2.432	9.85	25.06
2.433	9.85	25.06
2.434	9.84	25.06
2.435	9.83	25.06
2.436	9.82	25.06
2.438	9.82	25.06
2.439	9.81	25.06
2.441	9.81	25.06
2.442	9.80	25.06
2.444	9.79	25.06
2.445	9.78	25.06
2.447	9.78	25.06
2.448	9.77	25.06
2.449	9.77	25.06
2.450	9.76	25.06
2.451	9.76	25.06
2.452	9.75	25.06
2.452	9.74	25.06
2.453	9.74	25.06
2.454	9.73	25.06
2.455	9.72	25.06
2.456	9.72	25.06
2.457	9.71	25.06
2.458	9.71	25.06
2.458	9.71	25.06
2.458	9.71	25.06
2.458	9.71	25.06
2.458	9.71	25.06
2.457	9.71	25.06
2.457	9.71	25.06
2.457	9.71	25.06
2.457	9.71	25.06
2.457	9.71	25.06
2.457	9.71	25.06
2.457	9.71	25.06
2.457	9.71	25.06
2.457	9.71	25.06
2.457	9.71	25.06
2.456	9.71	25.06
2.456	9.71	25.06
2.456	9.71	25.06
2.456	9.71	25.06
2.456	9.71	25.06
2.456	9.71	25.06
2.456	9.71	25.06
2.456	9.71	25.06
2.456	9.71	25.06
2.455	9.71	25.06
2.455	9.71	25.06
2.455	9.71	25.06
2.455	9.71	25.06
2.455	9.71	25.06
2.455	9.71	25.06
2.455	9.71	25.06
2.455	9.71	25.06
2.455	9.71	25.06
2.455	9.71	25.06
2.455	9.71	25.06
2.455	9.71	25.06
2.455	9.71	25.06
2.455	9.71	25.06
2.455	9.71	25.06
2.455	9.71	25.06
2.455	9.71	25.06
2.456	9.71	25.06
2.457	9.70	25.06
2.458	9.70	25.06
2.460	9.69	25.06
2.462	9.68	25.06
2.464	9.68	25.06
2.466	9.67	25.06
2.467	9.67	25.06
2.468	9.67	25.06
2.469	9.67	25.06
2.469	9.67	25.06
2.471	9.66	25.06
2.472	9.66	25.06
2.473	9.66	25.06
2.475	9.66	25.06
2.476	9.65	25.06
2.477	9.65	25.06
2.479	9.65	25.06
2.480	9.65	25.06
2.481	9.65	25.06
2.482	9.64	25.06
2.482	9.64	25.06
2.483	9.65	25.06
2.484	9.64	25.06
2.486	9.64	25.06
2.487	9.63	25.06
2.489	9.62	25.06
2.491	9.60	25.06
2.493	9.59	25.06
2.495	9.58	25.06
2.496	9.58	25.06
2.498	9.58	25.06
2.499	9.58	25.06
2.500	9.58	25.06
2.502	9.58	25.06
2.503	9.57	25.06
2.504	9.56	25.06
2.506	9.55	25.06
2.507	9.53	25.06
2.508	9.53	25.06
2.509	9.51	25.06
2.509	9.50	25.06
2.511	9.49	25.06
2.512	9.50	25.06
2.513	9.50	25.06
2.515	9.49	25.06
2.516	9.51	25.06
2.518	9.51	25.06
2.518	9.50	25.06
2.519	9.49	25.06
2.519	9.49	25.06
2.519	9.48	25.06
2.519	9.47	25.06
2.519	9.47	25.06
2.520	9.46	25.06
2.520	9.45	25.06
2.521	9.45	25.06
2.521	9.45	25.06
2.522	9.45	25.06
2.523	9.45	25.06
2.524	9.45	25.06
2.524	9.45	25.06
2.525	9.44	25.06
2.526	9.44	25.06
2.527	9.44	25.06
2.528	9.44	25.06
2.529	9.43	25.06
2.531	9.43	25.06
2.532	9.43	25.06
2.533	9.42	25.06
2.535	9.42	25.06
2.536	9.42	25.06
2.537	9.41	25.06
2.538	9.41	25.06
2.539	9.41	25.06
2.540	9.40	25.06
2.540	9.41	25.06
2.541	9.40	25.06
2.541	9.41	25.06
2.542	9.41	25.06
2.543	9.41	25.06
2.544	9.41	25.06
2.545	9.41	25.06
2.547	9.40	25.06
2.548	9.40	25.06
2.549	9.39	25.06
2.551	9.39	25.06
2.553	9.39	25.06
2.555	9.39	25.06
2.557	9.37	25.06
2.558	9.32	25.06
2.559	9.27	25.06
2.561	9.26	25.06
2.562	9.26	25.06
2.563	9.26	25.06
2.565	9.25	25.06
2.566	9.23	25.06
2.567	9.24	25.06
2.568	9.23	25.06
2.569	9.24	25.06
2.570	9.25	25.06
2.571	9.25	25.06
2.572	9.25	25.06
2.572	9.23	25.06
2.573	9.21	25.06
2.573	9.23	25.06
2.574	9.23	25.06
2.575	9.22	25.06
2.576	9.23	25.06
2.577	9.22	25.06
2.578	9.19	25.06
2.580	9.16	25.06
2.582	9.17	25.06
2.584	9.17	25.06
2.586	9.16	25.06
2.587	9.17	25.06
2.588	9.14	25.06
2.590	9.16	25.06
2.591	9.19	25.06
2.594	9.20	25.06
2.596	9.19	25.06
2.597	9.19	25.06
2.597	9.20	25.06
2.598	9.21	25.06
2.599	9.23	25.06
2.600	9.23	25.06
2.601	9.22	25.06
2.602	9.19	25.06
2.603	9.21	25.06
2.604	9.23	25.06
2.605	9.25	25.06
2.605	9.20	25.06
2.606	9.21	25.06
2.607	9.22	25.06
2.607	9.21	25.06
2.608	9.22	25.06
2.608	9.20	25.06
2.608	9.20	25.06
2.608	9.19	25.06
2.608	9.19	25.06
2.608	9.18	25.06
2.609	9.13	25.06
2.610	9.13	25.06
2.611	9.12	25.06
2.611	9.15	25.06
2.612	9.13	25.06
2.614	9.12	25.06
2.615	9.10	25.06
2.616	9.11	25.06
2.618	9.10	25.06
2.619	9.10	25.06
2.620	9.09	25.06
2.622	9.08	25.06
2.623	9.09	25.06
2.624	9.07	25.06
2.625	9.08	25.06
2.625	9.08	25.06
2.625	9.08	25.06
2.625	9.07	25.06
2.625	9.07	25.06
2.626	9.06	25.06
2.628	9.05	25.06
2.629	9.05	25.06
2.630	9.06	25.06
2.632	9.09	25.06
2.633	9.06	25.06
2.634	9.05	25.06
2.635	9.04	25.06
2.637	8.99	25.06
2.639	9.00	25.06
2.640	8.99	25.06
2.642	8.97	25.06
2.644	8.96	25.06
2.647	8.96	25.06
2.649	8.96	25.06
2.650	8.95	25.06
2.652	8.93	25.06
2.653	8.91	25.06
2.655	8.91	25.06
2.657	8.90	25.06
2.659	8.91	25.06
2.661	8.91	25.06
2.663	8.90	25.06
2.664	8.89	25.06
2.665	8.89	25.06
2.666	8.87	25.06
2.667	8.88	25.06
2.669	8.90	25.06
2.670	8.88	25.06
2.672	8.86	25.06
2.673	8.87	25.06
2.675	8.86	25.06
2.677	8.84	25.06
2.678	8.81	25.06
2.680	8.81	25.06
2.682	8.82	25.06
2.683	8.79	25.06
2.684	8.84	25.06
2.685	8.81	25.06
2.685	8.81	25.06
2.685	8.84	25.06
2.686	8.81	25.06
2.687	8.83	25.06
2.687	8.82	25.06
2.688	8.81	25.06
2.688	8.84	25.06
2.689	8.81	25.06
2.689	8.79	25.06
2.690	8.76	25.06
2.691	8.73	25.06
2.692	8.71	25.06
2.692	8.71	25.06
2.693	8.71	25.06
2.694	8.71	25.06
2.694	8.70	25.06
2.695	8.69	25.06
2.696	8.70	25.06
2.697	8.70	25.06
2.699	8.71	25.06
2.700	8.71	25.06
2.701	8.68	25.06
2.701	8.67	25.06
2.701	8.70	25.06
2.700	8.71	25.06
2.700	8.68	25.06
2.700	8.70	25.06
2.700	8.70	25.06
2.700	8.70	25.06
2.700	8.71	25.06
2.700	8.71	25.06
2.701	8.70	25.06
2.702	8.71	25.06
2.703	8.70	25.06
2.704	8.69	25.06
2.705	8.70	25.06
2.706	8.70	25.06
2.707	8.70	25.06
2.708	8.70	25.06
2.709	8.72	25.06
2.710	8.71	25.06
2.711	8.70	25.06
2.711	8.69	25.06
2.712	8.70	25.06
2.713	8.70	25.06
2.714	8.69	25.06
2.716	8.70	25.06
2.717	8.71	25.06
2.719	8.72	25.06
2.720	8.70	25.06
2.720	8.69	25.06
2.720	8.71	25.06
2.721	8.72	25.06
2.722	8.71	25.06
2.723	8.71	25.06
2.724	8.70	25.06
2.725	8.72	25.06
2.726	8.70	25.06
2.727	8.70	25.06
2.728	8.69	25.06
2.730	8.71	25.06
2.731	8.73	25.06
2.733	8.75	25.06
2.734	8.80	25.06
2.736	8.75	25.06
2.737	8.71	25.06
2.738	8.71	25.06
2.740	8.71	25.06
2.741	8.68	25.06
2.743	8.67	25.06
2.744	8.68	25.06
2.744	8.68	25.06
2.745	8.66	25.06
2.746	8.65	25.06
2.747	8.66	25.06
2.747	8.65	25.06
2.748	8.66	25.06
2.749	8.64	25.06
2.750	8.67	25.06
2.750	8.62	25.06
2.752	8.65	25.06
2.753	8.62	25.06
2.754	8.65	25.06
2.755	8.64	25.06
2.756	8.61	25.06
2.757	8.63	25.06
2.758	8.67	25.06
2.760	8.63	25.06
2.761	8.61	25.06
2.763	8.64	25.06
2.765	8.57	25.06
2.767	8.61	25.06
2.769	8.58	25.06
2.770	8.58	25.06
2.771	8.57	25.06
2.772	8.58	25.06
2.772	8.58	25.06
2.772	8.57	25.06
2.772	8.57	25.06
2.773	8.58	25.06
2.773	8.56	25.06
2.773	8.54	25.06
2.774	8.55	25.06
2.774	8.55	25.06
2.774	8.54	25.06
2.774	8.52	25.06
2.774	8.57	25.06
2.774	8.54	25.06
2.773	8.54	25.06
2.773	8.54	25.06
2.773	8.54	25.06
2.773	8.58	25.06
2.773	8.56	25.06
2.774	8.54	25.06
2.774	8.52	25.06
2.775	8.53	25.06
2.776	8.50	25.06
2.777	8.51	25.06
2.778	8.50	25.06
2.780	8.50	25.06
2.781	8.49	25.06
2.783	8.49	25.06
2.785	8.48	25.06
2.787	8.45	25.06
2.789	8.47	25.06
2.790	8.45	25.06
2.791	8.47	25.06
2.791	8.45	25.06
2.792	8.46	25.06
2.793	8.47	25.06
2.793	8.46	25.06
2.794	8.47	25.06
2.795	8.44	25.06
2.795	8.46	25.06
2.796	8.44	25.06
2.796	8.46	25.06
2.797	8.44	25.06
2.798	8.45	25.06
2.798	8.43	25.05
2.800	8.43	25.06
2.800	8.44	25.06
2.801	8.42	25.06
2.802	8.42	25.05
2.803	8.44	25.06
2.804	8.42	25.06
2.805	8.45	25.05
2.806	8.40	25.06
2.807	8.40	25.06
2.808	8.41	25.05
2.809	8.41	25.05
2.810	8.41	25.06
2.811	8.41	25.05
2.813	8.40	25.05
2.817	8.36	25.05
2.819	8.38	25.05
2.819	8.40	25.05
2.819	8.38	25.05
2.819	8.38	25.05
2.819	8.39	25.05
2.819	8.37	25.05
2.819	8.38	25.05
2.820	8.37	25.05
2.821	8.39	25.05
2.822	8.38	25.05
2.823	8.35	25.05
2.824	8.36	25.05
2.824	8.37	25.05
2.825	8.36	25.05
2.829	8.36	25.05
2.832	8.32	25.05
2.835	8.34	25.05
2.837	8.30	25.05
2.839	8.34	25.05
2.842	8.36	25.05
2.845	8.33	25.05
2.848	8.31	25.05
2.851	8.31	25.05
2.852	8.31	25.05
2.854	8.29	25.05
2.856	8.29	25.05
2.857	8.28	25.05
2.858	8.33	25.05
2.861	8.32	25.05
2.862	8.34	25.05
2.863	8.29	25.05
2.865	8.31	25.05
2.867	8.34	25.05
2.869	8.34	25.05
2.871	8.38	25.05
2.873	8.34	25.05
2.875	8.38	25.05
2.877	8.35	25.05
2.879	8.33	25.05
2.880	8.33	25.05
2.882	8.37	25.05
2.883	8.32	25.05
2.885	8.29	25.05
2.886	8.29	25.05
2.886	8.28	25.05
2.888	8.29	25.05
2.889	8.23	25.05
2.890	8.26	25.05
2.893	8.25	25.05
2.894	8.24	25.05
2.896	8.26	25.05
2.898	8.23	25.05
2.900	8.18	25.05
2.902	8.20	25.05
2.903	8.20	25.05
2.905	8.19	25.05
2.907	8.20	25.05
2.909	8.24	25.05
2.912	8.21	25.05
2.914	8.18	25.05
2.917	8.15	25.05
2.920	8.16	25.05
2.922	8.17	25.05
2.923	8.13	25.05
2.925	8.15	25.05
2.926	8.14	25.05
2.928	8.16	25.05
2.931	8.10	25.05
2.935	8.03	25.05
2.939	8.00	25.05
2.941	8.00	25.05
2.943	8.00	25.05
2.946	7.99	25.05
2.949	7.99	25.05
2.951	7.93	25.05
2.953	7.96	25.05
2.956	7.99	25.05
2.960	7.95	25.05
2.962	7.94	25.05
2.965	7.94	25.05
2.969	7.94	25.05
2.971	7.92	25.05
2.972	7.90	25.05
2.973	7.91	25.05
2.974	7.92	25.05
2.975	7.91	25.05
2.976	7.89	25.05
2.978	7.91	25.05
2.979	7.86	25.05
2.981	7.84	25.05
2.983	7.83	25.05
2.984	7.88	25.05
2.987	7.92	25.05
2.990	7.91	25.05
2.995	7.84	25.05
3.001	7.84	25.05
3.005	7.78	25.05
3.005	7.75	25.05
3.005	7.77	25.05
3.005	7.78	25.05
3.006	7.79	25.05
3.006	7.81	25.05
3.008	7.84	25.05
3.010	7.81	25.05
3.013	7.80	25.05
3.017	7.80	25.05
3.019	7.85	25.05
3.021	7.84	25.05
3.023	7.85	25.05
3.025	7.89	25.05
3.028	7.86	25.05
3.030	7.82	25.05
3.031	7.82	25.05
3.033	7.89	25.05
3.035	7.90	25.05
3.038	7.92	25.05
3.041	7.89	25.05
3.044	7.85	25.05
3.046	7.86	25.05
3.047	7.87	25.05
3.049	7.82	25.05
3.052	7.72	25.05
3.056	7.70	25.05
3.059	7.68	25.05
3.060	7.68	25.05
3.061	7.69	25.05
3.062	7.71	25.05
3.065	7.71	25.05
3.066	7.68	25.05
3.068	7.67	25.05
3.070	7.75	25.05
3.072	7.77	25.05
3.074	7.76	25.05
3.076	7.73	25.05
3.077	7.71	25.05
3.080	7.66	25.05
3.082	7.65	25.05
3.083	7.62	25.05
3.085	7.64	25.05
3.085	7.67	25.05
3.086	7.63	25.05
3.086	7.61	25.05
3.087	7.56	25.05
3.087	7.59	25.05
3.088	7.61	25.05
3.089	7.63	25.05
3.092	7.61	25.05
3.094	7.55	25.05
3.097	7.54	25.05
3.100	7.53	25.05
3.102	7.49	25.05
3.105	7.49	25.05
3.108	7.51	25.05
3.109	7.48	25.05
3.111	7.48	25.05
3.112	7.49	25.05
3.112	7.45	25.05
3.113	7.49	25.05
3.114	7.46	25.05
3.114	7.47	25.05
3.115	7.48	25.05
3.117	7.43	25.05
3.118	7.47	25.05
3.120	7.46	25.05
3.122	7.44	25.05
3.124	7.36	25.05
3.125	7.39	25.05
3.125	7.43	25.05
3.126	7.40	25.05
3.127	7.38	25.05
3.128	7.42	25.05
3.129	7.40	25.05
3.130	7.39	25.05
3.131	7.41	25.05
3.133	7.40	25.05
3.134	7.42	25.05
3.136	7.39	25.05
3.137	7.38	25.05
3.139	7.36	25.05
3.140	7.40	25.05
3.140	7.39	25.05
3.141	7.38	25.05
3.142	7.37	25.05
3.142	7.36	25.05
3.142	7.32	25.05
3.142	7.38	25.05
3.144	7.37	25.05
3.146	7.36	25.05
3.148	7.39	25.05
3.151	7.35	25.05
3.154	7.37	25.05
3.156	7.35	25.05
3.158	7.36	25.05
3.162	7.37	25.05
3.167	7.28	25.05
3.169	7.31	25.05
3.170	7.31	25.05
3.172	7.33	25.05
3.176	7.30	25.05
3.181	7.34	25.05
3.183	7.29	25.05
3.184	7.27	25.05
3.184	7.28	25.05
3.185	7.30	25.05
3.187	7.32	25.05
3.187	7.27	25.05
3.188	7.25	25.05
3.189	7.33	25.05
3.191	7.34	25.05
3.193	7.30	25.05
3.194	7.31	25.05
3.195	7.34	25.05
3.197	7.30	25.05
3.199	7.32	25.05
3.200	7.33	25.05
3.202	7.34	25.05
3.203	7.33	25.05
3.205	7.33	25.05
3.207	7.38	25.05
3.209	7.39	25.05
3.211	7.38	25.05
3.214	7.30	25.05
3.215	7.28	25.05
3.215	7.32	25.05
3.217	7.32	25.05
3.219	7.27	25.05
3.220	7.36	25.05
3.222	7.31	25.05
3.224	7.30	25.05
3.227	7.29	25.05
3.230	7.30	25.05
3.234	7.29	25.05
3.236	7.27	25.05
3.238	7.34	25.05
3.239	7.31	25.05
3.241	7.29	25.05
3.242	7.23	25.05
3.243	7.26	25.05
3.244	7.23	25.05
3.245	7.25	25.05
3.246	7.22	25.05
3.248	7.27	25.05
3.250	7.29	25.05
3.252	7.25	25.05
3.254	7.22	25.05
3.257	7.23	25.05
3.259	7.20	25.05
3.260	7.23	25.05
3.262	7.16	25.05
3.265	7.18	25.05
3.267	7.11	25.05
3.269	7.13	25.05
3.270	7.14	25.05
3.273	7.17	25.05
3.276	7.06	25.05
3.278	7.08	25.05
3.280	7.11	25.05
3.283	7.11	25.05
3.286	7.11	25.05
3.288	7.05	25.05
3.290	7.07	25.05
3.291	7.04	25.05
3.292	7.03	25.05
3.292	7.04	25.05
3.293	7.00	25.05
3.294	7.02	25.05
3.295	7.02	25.05
3.296	7.00	25.05
3.297	6.96	25.05
3.299	7.00	25.05
3.301	7.00	25.05
3.303	6.99	25.05
3.305	6.96	25.05
3.306	7.01	25.05
3.307	7.00	25.05
3.308	6.99	25.05
3.310	7.00	25.05
3.312	6.97	25.05
3.314	6.96	25.05
3.316	6.94	25.05
3.316	6.94	25.05
3.317	6.95	25.05
3.317	6.91	25.05
3.317	6.87	25.05
3.317	6.93	25.05
3.316	6.94	25.05
3.316	6.92	25.05
3.316	6.88	25.05
3.315	6.93	25.05
3.315	6.93	25.05
3.315	6.92	25.05
3.314	6.89	25.05
3.314	6.95	25.05
3.314	6.92	25.05
3.314	6.92	25.05
3.314	6.95	25.05
3.313	6.95	25.05
3.313	6.92	25.05
3.313	6.92	25.05
3.313	6.92	25.05
3.313	6.92	25.05
3.313	6.94	25.05
3.312	6.90	25.05
3.312	6.94	25.05
3.312	6.93	25.05
3.312	6.93	25.05
3.312	6.95	25.05
3.312	6.97	25.05
3.311	6.91	25.05
3.311	6.90	25.05
3.311	6.90	25.05
3.311	6.94	25.05
3.311	6.92	25.05
3.311	6.92	25.05
3.311	6.92	25.05
3.311	6.94	25.05
3.311	6.91	25.05
3.311	6.92	25.05
