3.364	7.15	35.20
3.364	7.18	35.20
3.364	7.17	35.20
3.364	7.17	35.20
3.364	7.19	35.20
3.364	7.19	35.20
3.364	7.17	35.20
3.364	7.20	35.20
3.364	7.18	35.20
3.364	7.18	35.20
3.364	7.16	35.20
3.364	7.19	35.20
3.364	7.19	35.20
3.364	7.19	35.20
3.364	7.15	35.19
3.364	7.18	35.19
3.364	7.19	35.19
3.364	7.20	35.19
3.364	7.18	35.19
3.363	7.15	35.19
3.363	7.16	35.19
3.363	7.18	35.19
3.363	7.17	35.19
3.363	7.19	35.19
3.362	7.24	35.19
3.361	7.24	35.19
3.359	7.22	35.19
3.357	7.24	35.19
3.355	7.26	35.19
3.352	7.25	35.19
3.350	7.25	35.19
3.347	7.27	35.19
3.345	7.30	35.19
3.343	7.27	35.19
3.341	7.26	35.19
3.339	7.27	35.19
3.338	7.25	35.19
3.336	7.25	35.19
3.334	7.26	35.19
3.332	7.25	35.19
3.331	7.26	35.19
3.329	7.27	35.19
3.327	7.28	35.19
3.326	7.28	35.19
3.324	7.27	35.19
3.323	7.26	35.19
3.322	7.26	35.19
3.321	7.28	35.19
3.320	7.27	35.19
3.320	7.26	35.19
3.319	7.28	35.19
3.318	7.27	35.19
3.317	7.28	35.19
3.316	7.27	35.19
3.314	7.28	35.19
3.314	7.29	35.19
3.313	7.29	35.19
3.312	7.28	35.19
3.312	7.28	35.19
3.311	7.28	35.19
3.311	7.28	35.19
3.309	7.27	35.19
3.308	7.33	35.19
3.307	7.34	35.19
3.305	7.32	35.19
3.304	7.36	35.19
3.302	7.33	35.19
3.300	7.30	35.19
3.298	7.31	35.19
3.297	7.27	35.19
3.296	7.28	35.19
3.294	7.30	35.19
3.293	7.32	35.19
3.291	7.30	35.19
3.289	7.29	35.19
3.287	7.29	35.19
3.285	7.29	35.19
3.283	7.28	35.19
3.281	7.30	35.19
3.280	7.29	35.19
3.278	7.30	35.19
3.276	7.32	35.19
3.274	7.32	35.19
3.272	7.31	35.19
3.271	7.29	35.19
3.270	7.31	35.19
3.269	7.32	35.19
3.269	7.32	35.19
3.268	7.34	35.19
3.267	7.33	35.19
3.266	7.34	35.19
3.266	7.34	35.19
3.265	7.34	35.19
3.265	7.33	35.19
3.264	7.30	35.19
3.264	7.33	35.19
3.264	7.29	35.19
3.265	7.30	35.19
3.265	7.30	35.19
3.265	7.31	35.19
3.265	7.32	35.19
3.265	7.39	35.18
3.264	7.35	35.19
3.263	7.35	35.19
3.263	7.39	35.18
3.261	7.34	35.18
3.260	7.35	35.19
3.260	7.31	35.18
3.258	7.36	35.18
3.257	7.35	35.18
3.256	7.36	35.18
3.255	7.34	35.18
3.254	7.36	35.18
3.254	7.37	35.18
3.253	7.36	35.18
3.252	7.39	35.18
3.251	7.36	35.18
3.251	7.37	35.18
3.250	7.36	35.18
3.250	7.40	35.18
3.249	7.36	35.18
3.249	7.38	35.18
3.248	7.37	35.18
3.246	7.38	35.18
3.245	7.37	35.18
3.244	7.38	35.18
3.243	7.37	35.18
3.242	7.41	35.18
3.240	7.38	35.18
3.239	7.36	35.18
3.238	7.38	35.18
3.238	7.37	35.18
3.236	7.41	35.18
3.235	7.39	35.18
3.234	7.41	35.18
3.233	7.40	35.18
3.232	7.40	35.18
3.231	7.42	35.18
3.230	7.39	35.18
3.229	7.40	35.18
3.228	7.37	35.18
3.227	7.40	35.18
3.226	7.39	35.18
3.225	7.41	35.18
3.224	7.41	35.18
3.223	7.43	35.18
3.223	7.40	35.18
3.222	7.40	35.18
3.220	7.39	35.18
3.219	7.41	35.18
3.218	7.44	35.18
3.216	7.46	35.18
3.215	7.46	35.18
3.213	7.46	35.18
3.212	7.46	35.18
3.210	7.51	35.18
3.208	7.49	35.18
3.206	7.53	35.18
3.204	7.52	35.18
3.203	7.52	35.18
3.202	7.52	35.18
3.200	7.50	35.18
3.200	7.50	35.18
3.199	7.51	35.18
3.199	7.52	35.18
3.200	7.49	35.18
3.200	7.47	35.18
3.200	7.50	35.18
3.200	7.49	35.18
3.200	7.48	35.18
3.200	7.50	35.18
3.200	7.49	35.18
3.199	7.52	35.18
3.198	7.54	35.18
3.196	7.57	35.18
3.194	7.58	35.18
3.192	7.65	35.18
3.190	7.68	35.18
3.187	7.68	35.18
3.185	7.66	35.18
3.184	7.66	35.18
3.182	7.66	35.18
3.181	7.65	35.18
3.180	7.65	35.18
3.178	7.64	35.18
3.177	7.65	35.18
3.175	7.67	35.18
3.174	7.67	35.18
3.172	7.67	35.18
3.171	7.68	35.18
3.169	7.71	35.18
3.167	7.71	35.18
3.165	7.72	35.18
3.163	7.71	35.18
3.161	7.73	35.18
3.160	7.72	35.18
3.157	7.74	35.18
3.155	7.78	35.18
3.153	7.80	35.18
3.150	7.72	35.18
3.148	7.72	35.18
3.146	7.75	35.18
3.143	7.82	35.18
3.140	7.82	35.18
3.138	7.87	35.18
3.136	7.83	35.18
3.134	7.83	35.18
3.133	7.82	35.18
3.131	7.82	35.18
3.129	7.81	35.18
3.128	7.82	35.18
3.127	7.84	35.18
3.125	7.87	35.18
3.124	7.87	35.18
3.123	7.84	35.18
3.122	7.83	35.18
3.121	7.85	35.18
3.120	7.83	35.18
3.118	7.87	35.18
3.118	7.86	35.18
3.116	7.84	35.18
3.115	7.81	35.18
3.114	7.79	35.18
3.112	7.76	35.18
3.111	7.79	35.18
3.110	7.80	35.18
3.109	7.82	35.18
3.109	7.80	35.18
3.109	7.79	35.18
3.109	7.78	35.18
3.109	7.78	35.18
3.110	7.77	35.18
3.110	7.75	35.18
3.110	7.89	35.18
3.109	7.87	35.18
3.109	7.86	35.18
3.109	7.82	35.18
3.107	7.82	35.18
3.106	7.78	35.18
3.105	7.78	35.18
3.104	7.78	35.18
3.103	7.80	35.18
3.102	7.81	35.18
3.101	7.79	35.18
3.099	7.82	35.18
3.098	7.80	35.18
3.097	7.80	35.18
3.096	7.79	35.18
3.095	7.81	35.18
3.094	7.80	35.18
3.093	7.84	35.18
3.092	7.84	35.18
3.091	7.83	35.18
3.090	7.84	35.18
3.090	7.86	35.18
3.089	7.88	35.18
3.088	7.87	35.18
3.087	7.87	35.18
3.086	7.87	35.18
3.085	7.89	35.18
3.084	7.89	35.18
3.083	7.89	35.18
3.082	7.90	35.18
3.080	7.88	35.18
3.078	7.88	35.18
3.077	7.86	35.18
3.076	7.89	35.18
3.075	7.89	35.18
3.074	7.86	35.18
3.074	7.86	35.18
3.073	7.87	35.18
3.073	7.85	35.18
3.072	7.86	35.18
3.071	7.86	35.18
3.071	7.88	35.18
3.070	7.88	35.18
3.069	7.89	35.18
3.069	7.87	35.18
3.068	7.88	35.18
3.067	7.88	35.18
3.066	7.89	35.18
3.064	7.91	35.18
3.063	7.90	35.18
3.062	7.90	35.18
3.061	7.90	35.18
3.061	7.89	35.18
3.060	7.90	35.18
3.060	7.92	35.18
3.059	7.90	35.18
3.059	7.91	35.18
3.058	7.93	35.18
3.057	7.94	35.18
3.057	7.94	35.18
3.056	7.93	35.18
3.054	7.93	35.18
3.054	7.95	35.18
3.053	7.91	35.18
3.053	7.93	35.18
3.053	7.92	35.18
3.052	7.94	35.18
3.051	7.94	35.18
3.051	7.94	35.18
3.049	7.96	35.18
3.049	7.95	35.18
3.048	7.94	35.18
3.047	7.95	35.18
3.046	7.95	35.18
3.045	7.94	35.18
3.044	7.96	35.18
3.043	7.95	35.18
3.043	7.94	35.18
3.043	7.94	35.18
3.043	7.94	35.18
3.043	7.95	35.18
3.043	7.97	35.18
3.043	7.96	35.18
3.043	7.94	35.18
3.043	7.93	35.18
3.043	7.95	35.18
3.043	7.96	35.18
3.044	7.94	35.18
3.044	7.94	35.18
3.044	7.94	35.18
3.044	7.96	35.18
3.043	7.94	35.18
3.043	7.97	35.18
3.043	7.97	35.18
3.042	7.96	35.18
3.041	7.99	35.18
3.039	7.99	35.18
3.037	7.98	35.18
3.035	7.98	35.18
3.035	7.97	35.18
3.034	7.98	35.18
3.033	7.99	35.18
3.033	8.00	35.18
3.032	8.00	35.18
3.031	8.01	35.18
3.030	7.98	35.18
3.029	8.03	35.18
3.029	8.05	35.18
3.028	8.06	35.18
3.027	8.09	35.18
3.026	8.09	35.18
3.025	8.15	35.18
3.024	8.23	35.18
3.023	8.25	35.18
3.022	8.26	35.18
3.021	8.16	35.18
3.020	8.14	35.18
3.019	8.17	35.18
3.018	8.18	35.18
3.017	8.20	35.18
3.016	8.21	35.18
3.014	8.19	35.18
3.013	8.18	35.18
3.012	8.19	35.18
3.011	8.17	35.18
3.011	8.16	35.18
3.010	8.17	35.18
3.009	8.16	35.18
3.007	8.17	35.18
3.006	8.19	35.18
3.006	8.19	35.18
3.005	8.16	35.18
3.003	8.20	35.18
3.003	8.23	35.18
3.001	8.24	35.18
3.000	8.21	35.18
2.999	8.17	35.18
2.998	8.24	35.18
2.996	8.21	35.18
2.995	8.23	35.18
2.994	8.20	35.18
2.993	8.22	35.18
2.993	8.20	35.18
2.993	8.20	35.18
2.993	8.20	35.18
2.993	8.20	35.18
2.993	8.22	35.18
2.992	8.21	35.18
2.991	8.22	35.17
2.991	8.25	35.18
2.990	8.24	35.17
2.989	8.27	35.17
2.988	8.26	35.17
2.987	8.26	35.17
2.986	8.24	35.17
2.984	8.26	35.17
2.983	8.25	35.17
2.981	8.25	35.17
2.980	8.26	35.17
2.979	8.26	35.17
2.978	8.28	35.17
2.977	8.30	35.17
2.976	8.32	35.17
2.975	8.33	35.17
2.974	8.34	35.17
2.974	8.35	35.17
2.973	8.33	35.17
2.973	8.32	35.17
2.972	8.33	35.17
2.972	8.32	35.17
2.971	8.31	35.17
2.970	8.32	35.17
2.970	8.29	35.17
2.969	8.31	35.17
2.968	8.30	35.17
2.967	8.32	35.17
2.967	8.33	35.17
2.965	8.35	35.17
2.964	8.35	35.17
2.963	8.34	35.17
2.962	8.32	35.17
2.961	8.34	35.17
2.959	8.33	35.17
2.958	8.32	35.17
2.957	8.30	35.17
2.957	8.35	35.17
2.956	8.32	35.17
2.955	8.33	35.17
2.954	8.33	35.17
2.952	8.30	35.17
2.951	8.30	35.17
2.950	8.30	35.17
2.948	8.29	35.17
2.947	8.28	35.17
2.946	8.29	35.17
2.945	8.28	35.17
2.943	8.29	35.17
2.941	8.31	35.17
2.940	8.31	35.17
2.938	8.30	35.17
2.937	8.31	35.17
2.936	8.32	35.17
2.935	8.33	35.17
2.933	8.30	35.17
2.932	8.34	35.17
2.931	8.31	35.17
2.930	8.32	35.17
2.929	8.34	35.17
2.927	8.32	35.17
2.926	8.31	35.17
2.924	8.35	35.17
2.923	8.35	35.17
2.922	8.34	35.17
2.921	8.34	35.17
2.920	8.34	35.17
2.920	8.33	35.17
2.920	8.32	35.17
2.920	8.32	35.17
2.920	8.33	35.17
2.921	8.28	35.17
2.921	8.34	35.17
2.921	8.34	35.17
2.920	8.34	35.17
2.919	8.36	35.17
2.919	8.38	35.17
2.918	8.36	35.17
2.917	8.37	35.17
2.916	8.37	35.17
2.915	8.39	35.17
2.914	8.36	35.17
2.914	8.37	35.17
2.912	8.36	35.17
2.911	8.37	35.17
2.911	8.38	35.17
2.910	8.38	35.17
2.909	8.39	35.17
2.909	8.39	35.17
2.908	8.39	35.17
2.907	8.38	35.17
2.906	8.38	35.17
2.905	8.37	35.17
2.905	8.40	35.17
2.904	8.40	35.17
2.903	8.36	35.17
2.902	8.39	35.17
2.901	8.40	35.17
2.900	8.39	35.17
2.898	8.41	35.17
2.896	8.43	35.17
2.895	8.42	35.17
2.894	8.42	35.17
2.894	8.44	35.17
2.892	8.43	35.17
2.891	8.43	35.17
2.890	8.43	35.17
2.889	8.43	35.17
2.888	8.42	35.17
2.886	8.45	35.17
2.885	8.45	35.17
2.884	8.47	35.17
2.883	8.45	35.17
2.882	8.45	35.17
2.881	8.48	35.17
2.879	8.49	35.17
2.878	8.47	35.17
2.876	8.48	35.17
2.875	8.50	35.17
2.874	8.49	35.17
2.873	8.51	35.17
2.872	8.50	35.17
2.871	8.54	35.17
2.870	8.53	35.17
2.869	8.54	35.17
2.869	8.55	35.17
2.868	8.52	35.17
2.868	8.57	35.17
2.866	8.58	35.17
2.865	8.63	35.17
2.862	8.62	35.17
2.860	8.62	35.17
2.859	8.60	35.17
2.858	8.59	35.17
2.857	8.61	35.17
2.856	8.58	35.17
2.855	8.62	35.17
2.855	8.61	35.17
2.854	8.59	35.17
2.853	8.62	35.17
2.852	8.59	35.17
2.851	8.60	35.17
2.850	8.61	35.17
2.849	8.64	35.17
2.848	8.65	35.17
2.846	8.65	35.17
2.845	8.67	35.17
2.843	8.65	35.17
2.841	8.64	35.17
2.840	8.63	35.17
2.838	8.62	35.17
2.837	8.64	35.17
2.836	8.63	35.17
2.836	8.64	35.17
2.836	8.63	35.17
2.836	8.64	35.17
2.836	8.68	35.17
2.835	8.68	35.17
2.834	8.68	35.17
2.832	8.68	35.17
2.831	8.69	35.17
2.830	8.71	35.17
2.828	8.70	35.17
2.826	8.71	35.17
2.825	8.71	35.17
2.824	8.71	35.17
2.823	8.72	35.17
2.823	8.74	35.17
2.822	8.71	35.17
2.821	8.73	35.17
2.821	8.71	35.17
2.820	8.71	35.17
2.819	8.72	35.17
2.818	8.73	35.17
2.816	8.71	35.17
2.814	8.70	35.17
2.812	8.69	35.17
2.811	8.71	35.17
2.810	8.72	35.17
2.808	8.70	35.17
2.807	8.70	35.17
2.806	8.72	35.17
2.805	8.72	35.17
2.804	8.70	35.17
2.802	8.71	35.17
2.801	8.69	35.17
2.800	8.70	35.17
2.798	8.67	35.17
2.797	8.69	35.17
2.796	8.70	35.17
2.795	8.74	35.17
2.795	8.70	35.17
2.794	8.69	35.17
2.793	8.71	35.17
2.792	8.68	35.17
2.791	8.71	35.17
2.790	8.73	35.17
2.788	8.70	35.17
2.787	8.71	35.17
2.785	8.72	35.17
2.784	8.69	35.17
2.782	8.72	35.17
2.781	8.73	35.17
2.780	8.73	35.17
2.779	8.72	35.17
2.778	8.72	35.17
2.778	8.74	35.17
2.777	8.73	35.17
2.777	8.74	35.16
2.777	8.71	35.16
2.776	8.75	35.16
2.776	8.75	35.17
2.776	8.74	35.17
2.775	8.74	35.17
2.775	8.73	35.16
2.774	8.74	35.16
2.774	8.72	35.16
2.774	8.72	35.16
2.775	8.72	35.16
2.775	8.74	35.16
2.775	8.73	35.16
2.775	8.72	35.16
2.775	8.73	35.16
2.775	8.76	35.16
2.775	8.74	35.17
2.774	8.77	35.17
2.773	8.77	35.16
2.772	8.78	35.16
2.771	8.83	35.16
2.770	8.82	35.16
2.769	8.81	35.16
2.768	8.82	35.16
2.767	8.84	35.16
2.767	8.82	35.16
2.766	8.80	35.16
2.765	8.79	35.16
2.764	8.79	35.16
2.763	8.80	35.16
2.762	8.80	35.16
2.761	8.83	35.16
2.760	8.84	35.16
2.760	8.85	35.16
2.759	8.85	35.16
2.758	8.86	35.16
2.757	8.87	35.16
2.756	8.87	35.16
2.755	8.88	35.16
2.754	8.86	35.16
2.752	8.87	35.16
2.751	8.88	35.16
2.750	8.88	35.16
2.749	8.88	35.16
2.748	8.89	35.16
2.746	8.90	35.16
2.745	8.91	35.16
2.745	8.90	35.16
2.744	8.91	35.16
2.743	8.92	35.16
2.742	8.92	35.16
2.741	8.92	35.16
2.740	8.94	35.16
2.739	8.95	35.16
2.737	8.95	35.16
2.736	8.97	35.16
2.735	8.98	35.16
2.734	8.98	35.16
2.733	9.00	35.16
2.732	8.99	35.16
2.731	8.98	35.16
2.729	8.98	35.16
2.728	8.99	35.16
2.727	8.98	35.16
2.726	9.03	35.16
2.725	9.10	35.16
2.724	9.07	35.16
2.722	9.07	35.16
2.721	9.10	35.16
2.719	9.11	35.16
2.716	9.11	35.16
2.715	9.13	35.16
2.714	9.14	35.16
2.713	9.12	35.16
2.712	9.12	35.16
2.711	9.11	35.16
2.711	9.12	35.16
2.709	9.14	35.16
2.707	9.11	35.16
2.705	9.11	35.16
2.705	9.11	35.16
2.703	9.17	35.16
2.702	9.16	35.16
2.701	9.13	35.16
2.700	9.14	35.16
2.699	9.14	35.16
2.698	9.13	35.16
2.696	9.15	35.16
2.695	9.16	35.16
2.695	9.17	35.16
2.694	9.18	35.16
2.693	9.18	35.16
2.692	9.16	35.16
2.692	9.17	35.16
2.692	9.16	35.16
2.691	9.16	35.16
2.691	9.18	35.16
2.691	9.16	35.16
2.691	9.17	35.16
2.690	9.19	35.16
2.690	9.20	35.16
2.689	9.21	35.16
2.689	9.19	35.16
2.688	9.19	35.16
2.687	9.19	35.16
2.686	9.18	35.16
2.685	9.18	35.16
2.685	9.19	35.16
2.685	9.19	35.16
2.685	9.18	35.16
2.685	9.18	35.16
2.685	9.16	35.16
2.685	9.17	35.16
2.685	9.18	35.16
2.684	9.19	35.16
2.683	9.21	35.16
2.683	9.21	35.16
2.682	9.20	35.16
2.681	9.20	35.16
2.679	9.17	35.16
2.678	9.17	35.16
2.677	9.17	35.16
2.676	9.16	35.16
2.675	9.17	35.16
2.674	9.16	35.16
2.673	9.16	35.16
2.672	9.15	35.16
2.672	9.16	35.16
2.671	9.15	35.16
2.670	9.15	35.16
2.669	9.15	35.16
2.668	9.15	35.16
2.667	9.15	35.16
2.666	9.16	35.16
2.665	9.19	35.16
2.663	9.22	35.16
2.662	9.24	35.16
2.661	9.25	35.16
2.660	9.24	35.16
2.660	9.24	35.16
2.659	9.24	35.16
2.658	9.24	35.16
2.657	9.25	35.16
2.657	9.24	35.16
2.656	9.25	35.16
2.655	9.26	35.16
2.654	9.26	35.16
2.653	9.25	35.16
2.653	9.25	35.16
2.652	9.25	35.16
2.652	9.25	35.16
2.652	9.27	35.16
2.651	9.26	35.16
2.651	9.25	35.16
2.650	9.26	35.16
2.649	9.25	35.16
2.649	9.26	35.16
2.648	9.25	35.16
2.648	9.26	35.16
2.647	9.25	35.16
2.646	9.25	35.16
2.646	9.25	35.16
2.646	9.25	35.16
2.646	9.23	35.16
2.646	9.24	35.16
2.646	9.24	35.16
2.646	9.23	35.16
2.646	9.24	35.16
2.646	9.25	35.16
2.645	9.26	35.16
2.644	9.25	35.16
2.642	9.26	35.16
2.641	9.27	35.16
2.639	9.32	35.16
2.637	9.36	35.16
2.635	9.38	35.16
2.634	9.39	35.16
2.632	9.40	35.16
2.631	9.39	35.16
2.630	9.40	35.16
2.628	9.40	35.16
2.627	9.40	35.16
2.626	9.40	35.16
2.625	9.41	35.16
2.623	9.41	35.16
2.622	9.41	35.16
2.620	9.41	35.16
2.619	9.42	35.16
2.617	9.42	35.16
2.616	9.42	35.16
2.614	9.44	35.16
2.613	9.45	35.16
2.611	9.45	35.16
2.609	9.45	35.16
2.607	9.45	35.16
2.605	9.46	35.16
2.603	9.46	35.16
2.602	9.46	35.16
2.600	9.46	35.16
2.599	9.46	35.16
2.598	9.48	35.16
2.597	9.51	35.16
2.595	9.51	35.16
2.594	9.50	35.16
2.593	9.48	35.16
2.592	9.50	35.16
2.592	9.49	35.16
2.591	9.50	35.16
2.591	9.50	35.16
2.590	9.52	35.16
2.589	9.52	35.16
2.589	9.53	35.16
2.588	9.55	35.16
2.588	9.56	35.16
2.587	9.56	35.16
2.586	9.57	35.16
2.586	9.57	35.16
2.585	9.57	35.16
2.585	9.57	35.16
2.585	9.58	35.16
2.585	9.58	35.16
2.584	9.58	35.16
2.584	9.58	35.16
2.584	9.58	35.16
2.584	9.58	35.16
2.584	9.58	35.16
2.584	9.61	35.16
2.583	9.58	35.16
2.582	9.58	35.16
2.581	9.58	35.16
2.579	9.58	35.16
2.578	9.59	35.16
2.577	9.60	35.16
2.576	9.61	35.16
2.575	9.61	35.16
2.574	9.62	35.16
2.573	9.62	35.16
2.573	9.62	35.16
2.572	9.62	35.16
2.571	9.62	35.16
2.571	9.62	35.16
2.570	9.63	35.16
2.570	9.63	35.15
2.569	9.63	35.16
2.568	9.63	35.15
2.568	9.63	35.16
2.567	9.64	35.15
2.566	9.64	35.16
2.565	9.64	35.15
2.564	9.64	35.15
2.564	9.64	35.15
2.563	9.65	35.15
2.562	9.65	35.15
2.561	9.65	35.15
2.560	9.65	35.15
2.559	9.65	35.15
2.558	9.65	35.15
2.557	9.66	35.15
2.557	9.66	35.15
2.556	9.66	35.15
2.555	9.66	35.15
2.554	9.67	35.15
2.554	9.67	35.15
2.553	9.67	35.15
2.553	9.67	35.15
2.552	9.67	35.15
2.552	9.67	35.15
2.551	9.67	35.15
2.551	9.67	35.15
2.550	9.67	35.15
2.549	9.67	35.15
2.548	9.68	35.15
2.548	9.68	35.15
2.547	9.69	35.15
2.546	9.69	35.15
2.545	9.70	35.15
2.544	9.70	35.15
2.544	9.70	35.15
2.543	9.70	35.15
2.542	9.71	35.15
2.541	9.71	35.15
2.540	9.71	35.15
2.539	9.71	35.15
2.538	9.71	35.15
2.538	9.72	35.15
2.537	9.72	35.15
2.536	9.73	35.15
2.535	9.73	35.15
2.534	9.73	35.15
2.534	9.74	35.15
2.533	9.74	35.15
2.532	9.74	35.15
2.532	9.75	35.15
2.531	9.76	35.15
2.531	9.77	35.15
2.530	9.76	35.15
2.530	9.76	35.15
2.530	9.76	35.15
2.530	9.76	35.15
2.530	9.76	35.15
2.530	9.77	35.15
2.531	9.76	35.15
2.531	9.76	35.15
2.531	9.77	35.15
2.531	9.77	35.15
2.530	9.77	35.15
2.529	9.77	35.15
2.529	9.78	35.15
2.528	9.78	35.15
2.527	9.78	35.15
2.526	9.79	35.15
2.525	9.79	35.15
2.524	9.79	35.15
2.523	9.80	35.15
2.521	9.81	35.15
2.520	9.81	35.15
2.519	9.81	35.15
2.518	9.82	35.15
2.517	9.82	35.15
2.515	9.82	35.15
2.514	9.83	35.15
2.513	9.84	35.15
2.511	9.85	35.15
2.510	9.85	35.15
2.509	9.85	35.15
2.509	9.85	35.15
2.508	9.86	35.15
2.508	9.87	35.15
2.507	9.88	35.15
2.505	9.89	35.15
2.504	9.89	35.15
2.503	9.90	35.15
2.502	9.90	35.15
2.502	9.91	35.15
2.501	9.92	35.15
2.500	9.93	35.15
2.499	9.93	35.15
2.498	9.94	35.15
2.497	9.95	35.15
2.496	9.96	35.15
2.494	9.96	35.15
2.493	9.97	35.15
2.492	9.99	35.15
2.490	9.99	35.15
2.489	10.00	35.15
2.487	10.01	35.15
2.486	10.02	35.15
2.484	10.03	35.15
2.483	10.04	35.15
2.481	10.05	35.15
2.480	10.06	35.15
2.478	10.06	35.15
2.477	10.07	35.15
2.475	10.08	35.15
2.474	10.08	35.15
2.473	10.09	35.15
2.471	10.09	35.15
2.470	10.09	35.15
2.470	10.09	35.15
2.469	10.09	35.15
2.469	10.10	35.15
2.469	10.10	35.15
2.468	10.10	35.15
2.468	10.10	35.15
2.468	10.11	35.15
2.467	10.12	35.15
2.466	10.12	35.15
2.465	10.12	35.15
2.464	10.12	35.15
2.463	10.12	35.15
2.462	10.12	35.15
2.461	10.12	35.15
2.460	10.12	35.15
2.459	10.13	35.15
2.458	10.13	35.15
2.458	10.13	35.15
2.456	10.14	35.15
2.455	10.14	35.15
2.455	10.14	35.15
2.454	10.14	35.15
2.453	10.14	35.15
2.452	10.14	35.15
2.452	10.14	35.15
2.452	10.14	35.15
2.452	10.14	35.15
2.452	10.14	35.15
2.452	10.14	35.15
2.452	10.14	35.15
2.452	10.14	35.15
2.453	10.14	35.15
2.453	10.14	35.15
2.453	10.15	35.15
2.452	10.15	35.15
2.452	10.16	35.15
2.451	10.16	35.15
2.450	10.16	35.15
2.449	10.16	35.15
2.448	10.16	35.15
2.447	10.16	35.15
2.446	10.16	35.15
2.446	10.16	35.15
2.445	10.16	35.15
2.445	10.16	35.15
2.445	10.16	35.15
2.445	10.16	35.15
2.445	10.16	35.15
2.445	10.16	35.15
2.445	10.17	35.15
2.445	10.17	35.15
2.444	10.18	35.15
2.443	10.18	35.15
2.443	10.18	35.15
2.442	10.19	35.15
2.440	10.18	35.15
2.439	10.18	35.15
2.439	10.19	35.15
2.438	10.19	35.15
2.437	10.20	35.15
2.436	10.21	35.15
2.435	10.21	35.15
2.434	10.21	35.15
2.433	10.21	35.15
2.432	10.21	35.15
2.432	10.21	35.15
2.431	10.22	35.15
2.430	10.22	35.15
2.429	10.22	35.15
2.428	10.23	35.15
2.427	10.23	35.15
2.426	10.23	35.15
2.426	10.23	35.15
2.425	10.23	35.15
2.425	10.24	35.15
2.424	10.24	35.15
2.424	10.24	35.15
2.423	10.25	35.15
2.422	10.25	35.15
2.422	10.26	35.15
2.421	10.26	35.15
2.420	10.27	35.15
2.419	10.27	35.15
2.419	10.27	35.15
2.418	10.27	35.15
2.417	10.27	35.15
2.417	10.27	35.15
2.417	10.27	35.15
2.417	10.28	35.15
2.416	10.28	35.15
2.416	10.28	35.15
2.415	10.28	35.15
2.415	10.28	35.15
2.414	10.28	35.15
2.413	10.29	35.15
2.412	10.30	35.15
2.411	10.31	35.15
2.410	10.32	35.15
2.409	10.32	35.15
2.408	10.32	35.15
2.408	10.33	35.15
2.407	10.33	35.15
2.406	10.34	35.15
2.405	10.35	35.15
2.404	10.35	35.15
2.403	10.36	35.15
2.402	10.36	35.15
2.402	10.37	35.15
2.401	10.38	35.15
2.400	10.38	35.15
2.400	10.38	35.15
2.400	10.39	35.15
2.400	10.38	35.15
2.400	10.38	35.15
2.400	10.38	35.15
2.400	10.38	35.15
2.400	10.38	35.15
2.400	10.39	35.15
2.399	10.40	35.15
2.398	10.40	35.15
2.397	10.40	35.15
2.397	10.40	35.15
2.397	10.40	35.15
2.396	10.40	35.15
2.396	10.40	35.15
2.396	10.40	35.15
2.395	10.41	35.15
2.394	10.42	35.15
2.394	10.43	35.15
2.393	10.43	35.15
2.392	10.43	35.15
2.392	10.44	35.15
2.391	10.45	35.15
2.390	10.46	35.15
2.389	10.47	35.15
2.387	10.47	35.15
2.387	10.47	35.15
2.386	10.47	35.15
2.385	10.48	35.15
2.385	10.49	35.15
2.384	10.48	35.15
2.383	10.49	35.15
2.383	10.50	35.15
2.382	10.51	35.15
2.381	10.51	35.15
2.381	10.52	35.15
2.380	10.52	35.15
2.379	10.52	35.15
2.379	10.52	35.15
2.378	10.53	35.15
2.378	10.53	35.15
2.377	10.54	35.15
2.376	10.54	35.15
2.375	10.55	35.15
2.375	10.55	35.15
2.374	10.55	35.15
2.373	10.56	35.15
2.372	10.56	35.15
2.371	10.56	35.15
2.370	10.56	35.15
2.370	10.56	35.15
2.370	10.56	35.15
2.370	10.57	35.15
2.370	10.57	35.15
2.369	10.58	35.15
2.369	10.58	35.15
2.368	10.59	35.15
2.367	10.59	35.15
2.367	10.59	35.15
2.366	10.59	35.15
2.365	10.60	35.15
2.364	10.60	35.15
2.363	10.60	35.15
2.362	10.61	35.15
2.361	10.61	35.15
2.360	10.61	35.15
2.360	10.61	35.15
2.359	10.62	35.15
2.358	10.62	35.15
2.357	10.62	35.15
2.356	10.62	35.15
2.355	10.62	35.15
2.355	10.62	35.15
2.354	10.62	35.15
2.354	10.62	35.15
2.354	10.62	35.15
2.354	10.62	35.15
2.354	10.62	35.15
2.355	10.62	35.15
2.355	10.62	35.15
2.355	10.63	35.15
2.354	10.63	35.15
2.354	10.64	35.15
2.353	10.64	35.15
2.351	10.64	35.15
2.350	10.64	35.15
2.349	10.65	35.15
2.348	10.65	35.15
2.347	10.65	35.15
2.346	10.65	35.15
2.345	10.65	35.15
2.345	10.65	35.14
2.344	10.66	35.15
2.343	10.66	35.14
2.342	10.67	35.14
2.341	10.67	35.14
2.340	10.67	35.15
2.339	10.68	35.14
2.338	10.68	35.14
2.337	10.68	35.14
2.336	10.68	35.14
2.336	10.69	35.14
2.335	10.69	35.15
2.334	10.69	35.14
2.334	10.70	35.14
2.333	10.70	35.14
2.332	10.69	35.14
2.332	10.70	35.14
2.332	10.70	35.14
2.331	10.70	35.14
2.331	10.71	35.14
2.330	10.71	35.14
2.330	10.71	35.14
2.329	10.71	35.14
2.329	10.72	35.14
2.328	10.73	35.14
2.327	10.73	35.14
2.327	10.73	35.14
2.326	10.74	35.14
2.326	10.73	35.14
2.325	10.74	35.14
2.325	10.73	35.14
2.325	10.74	35.14
2.324	10.73	35.14
2.324	10.74	35.14
2.324	10.74	35.14
2.323	10.75	35.14
2.323	10.75	35.14
2.322	10.75	35.14
2.321	10.76	35.14
2.320	10.76	35.14
2.320	10.76	35.14
2.319	10.76	35.14
2.319	10.76	35.14
2.319	10.77	35.14
2.318	10.76	35.14
2.318	10.77	35.14
2.318	10.77	35.14
2.317	10.77	35.14
2.317	10.77	35.14
2.316	10.78	35.14
2.315	10.78	35.14
2.315	10.78	35.14
2.315	10.79	35.14
2.314	10.79	35.14
2.314	10.79	35.14
2.313	10.79	35.14
2.313	10.79	35.14
2.313	10.80	35.14
2.312	10.80	35.14
2.312	10.80	35.14
2.312	10.80	35.14
2.311	10.81	35.14
2.311	10.81	35.14
2.311	10.81	35.14
2.311	10.81	35.14
2.311	10.81	35.14
2.311	10.80	35.14
2.311	10.82	35.14
2.311	10.82	35.14
2.311	10.82	35.14
2.310	10.82	35.14
2.310	10.82	35.14
2.309	10.83	35.14
2.309	10.83	35.14
2.308	10.83	35.14
2.308	10.84	35.14
2.307	10.84	35.14
2.306	10.85	35.14
2.306	10.85	35.14
2.305	10.86	35.14
2.304	10.86	35.14
2.304	10.87	35.14
2.303	10.87	35.14
2.303	10.87	35.14
2.303	10.87	35.14
2.303	10.88	35.14
2.302	10.88	35.14
2.302	10.88	35.14
2.302	10.89	35.14
2.301	10.90	35.14
2.301	10.90	35.14
2.300	10.91	35.14
2.299	10.92	35.14
2.299	10.92	35.14
2.298	10.92	35.14
2.298	10.92	35.14
2.297	10.92	35.14
2.297	10.92	35.14
2.297	10.93	35.14
2.297	10.94	35.14
2.297	10.95	35.14
2.296	10.95	35.14
2.295	10.95	35.14
2.294	10.96	35.14
2.293	10.96	35.14
2.292	10.96	35.14
2.292	10.97	35.14
2.291	10.97	35.14
2.291	10.97	35.14
2.290	10.96	35.14
2.290	10.97	35.14
2.290	10.97	35.14
2.290	10.97	35.14
2.289	10.97	35.14
2.289	10.98	35.14
2.288	10.98	35.14
2.288	10.99	35.14
2.287	10.99	35.14
2.287	10.99	35.14
2.287	10.99	35.14
2.286	11.01	35.14
2.286	11.01	35.14
2.285	11.01	35.14
2.285	11.01	35.14
2.285	11.02	35.14
2.284	11.02	35.14
2.283	11.03	35.14
2.282	11.04	35.14
2.281	11.05	35.14
2.280	11.05	35.14
2.279	11.05	35.14
2.278	11.05	35.14
2.277	11.06	35.14
2.277	11.06	35.14
2.276	11.07	35.14
2.275	11.07	35.14
2.275	11.07	35.14
2.274	11.07	35.14
2.274	11.07	35.14
2.273	11.07	35.14
2.272	11.07	35.14
2.272	11.08	35.14
2.271	11.08	35.14
2.271	11.08	35.14
2.270	11.09	35.14
2.270	11.09	35.14
2.269	11.10	35.14
2.269	11.10	35.14
2.268	11.10	35.14
2.267	11.10	35.14
2.267	11.10	35.14
2.266	11.11	35.14
2.266	11.10	35.14
2.266	11.10	35.14
2.266	11.11	35.14
2.266	11.10	35.14
2.266	11.10	35.14
2.266	11.10	35.14
2.266	11.10	35.14
2.266	11.10	35.14
2.266	11.10	35.14
2.266	11.10	35.14
2.266	11.10	35.14
2.266	11.10	35.14
2.266	11.10	35.14
2.266	11.10	35.14
2.266	11.11	35.14
2.266	11.11	35.14
2.266	11.11	35.14
2.265	11.11	35.14
2.265	11.11	35.14
2.264	11.11	35.14
2.264	11.12	35.14
2.263	11.12	35.14
2.263	11.12	35.14
2.262	11.12	35.14
2.261	11.12	35.14
2.261	11.12	35.14
2.261	11.12	35.14
2.260	11.12	35.14
2.260	11.12	35.14
2.259	11.12	35.14
2.258	11.12	35.14
2.258	11.13	35.14
2.258	11.13	35.14
2.257	11.13	35.14
2.256	11.12	35.14
2.256	11.12	35.14
2.255	11.13	35.14
2.255	11.13	35.14
2.255	11.13	35.14
2.254	11.13	35.14
2.254	11.14	35.14
2.253	11.14	35.14
2.253	11.14	35.14
2.252	11.14	35.14
2.252	11.14	35.14
2.252	11.14	35.14
2.252	11.14	35.14
2.251	11.14	35.14
2.251	11.14	35.14
2.251	11.14	35.14
2.251	11.14	35.14
2.251	11.14	35.14
2.251	11.14	35.14
2.251	11.14	35.14
2.251	11.15	35.14
2.250	11.16	35.14
2.249	11.16	35.14
2.249	11.16	35.14
2.248	11.16	35.14
2.248	11.16	35.14
2.247	11.16	35.14
2.246	11.17	35.14
2.246	11.17	35.14
2.246	11.17	35.14
2.245	11.17	35.14
2.245	11.17	35.14
2.245	11.17	35.14
2.245	11.17	35.14
2.244	11.17	35.14
2.244	11.17	35.14
2.244	11.17	35.14
2.244	11.18	35.14
2.243	11.17	35.14
2.243	11.18	35.14
2.243	11.18	35.14
2.242	11.19	35.14
2.242	11.18	35.14
2.242	11.19	35.14
2.242	11.19	35.14
2.241	11.19	35.14
2.241	11.19	35.14
2.240	11.19	35.14
2.240	11.20	35.14
2.239	11.20	35.14
2.239	11.20	35.14
2.238	11.20	35.14
2.238	11.21	35.14
2.237	11.21	35.14
2.237	11.21	35.14
2.237	11.21	35.14
2.237	11.21	35.14
2.237	11.21	35.14
2.237	11.22	35.14
2.236	11.22	35.14
2.236	11.23	35.14
2.236	11.23	35.14
2.235	11.23	35.14
2.234	11.23	35.14
2.233	11.24	35.14
2.233	11.24	35.14
2.232	11.25	35.14
2.231	11.25	35.14
2.230	11.25	35.14
2.230	11.25	35.14
2.229	11.26	35.14
2.228	11.26	35.14
2.228	11.26	35.14
2.227	11.27	35.14
2.226	11.27	35.14
2.226	11.27	35.14
2.225	11.27	35.14
2.225	11.27	35.14
2.224	11.27	35.14
2.224	11.27	35.14
2.224	11.28	35.14
2.223	11.29	35.14
2.222	11.29	35.14
2.222	11.30	35.14
2.221	11.30	35.14
2.221	11.31	35.14
2.220	11.31	35.14
2.220	11.31	35.14
2.219	11.32	35.14
2.219	11.32	35.14
2.219	11.32	35.14
2.218	11.33	35.13
2.217	11.33	35.14
2.217	11.34	35.14
2.216	11.34	35.13
2.216	11.35	35.13
2.215	11.36	35.13
2.214	11.37	35.13
2.213	11.37	35.13
2.213	11.37	35.13
2.212	11.38	35.13
2.211	11.38	35.13
2.210	11.38	35.13
2.210	11.39	35.13
2.209	11.40	35.13
2.209	11.41	35.13
2.208	11.41	35.13
2.208	11.41	35.13
2.207	11.42	35.13
2.207	11.43	35.13
2.206	11.43	35.13
2.205	11.43	35.13
2.204	11.43	35.13
2.204	11.43	35.13
2.204	11.43	35.13
2.204	11.43	35.13
2.204	11.44	35.13
2.204	11.43	35.13
2.204	11.43	35.13
2.204	11.44	35.13
2.203	11.46	35.13
2.203	11.47	35.13
2.202	11.48	35.13
2.200	11.49	35.13
2.199	11.51	35.13
2.197	11.52	35.13
2.196	11.52	35.13
2.195	11.52	35.13
2.193	11.53	35.13
2.192	11.54	35.13
2.191	11.55	35.13
2.189	11.55	35.13
2.188	11.55	35.13
2.187	11.56	35.13
2.186	11.56	35.13
2.185	11.56	35.13
2.184	11.56	35.13
2.183	11.56	35.13
2.183	11.56	35.13
2.182	11.57	35.13
2.182	11.57	35.13
2.182	11.56	35.13
2.181	11.57	35.13
2.181	11.57	35.13
2.180	11.57	35.13
2.180	11.57	35.13
2.180	11.57	35.13
2.179	11.57	35.13
2.179	11.57	35.13
2.179	11.58	35.13
2.178	11.58	35.13
2.178	11.58	35.13
2.177	11.58	35.13
2.177	11.58	35.13
2.176	11.58	35.13
2.176	11.58	35.13
2.175	11.59	35.13
2.175	11.59	35.13
2.174	11.59	35.13
2.173	11.59	35.13
2.173	11.60	35.13
2.172	11.60	35.13
2.171	11.61	35.13
2.170	11.61	35.13
2.170	11.62	35.13
2.169	11.62	35.13
2.168	11.63	35.13
2.168	11.62	35.13
2.167	11.63	35.13
2.166	11.63	35.13
2.166	11.63	35.13
2.165	11.64	35.13
2.164	11.64	35.13
2.163	11.64	35.13
2.162	11.64	35.13
2.162	11.64	35.13
2.162	11.64	35.13
2.162	11.64	35.13
2.162	11.64	35.13
2.162	11.64	35.13
2.162	11.64	35.13
2.162	11.64	35.13
2.162	11.64	35.13
2.162	11.64	35.13
2.162	11.64	35.13
2.162	11.65	35.13
2.162	11.65	35.13
2.162	11.65	35.13
2.161	11.65	35.13
2.160	11.66	35.13
2.159	11.66	35.13
2.159	11.67	35.13
2.158	11.67	35.13
2.157	11.67	35.13
2.156	11.68	35.13
2.156	11.68	35.13
2.155	11.68	35.13
2.155	11.68	35.13
2.155	11.68	35.13
2.154	11.69	35.13
2.154	11.68	35.13
2.154	11.68	35.13
2.153	11.69	35.13
2.153	11.69	35.13
2.152	11.69	35.13
2.152	11.69	35.13
2.151	11.70	35.13
2.150	11.70	35.13
2.150	11.71	35.13
2.149	11.72	35.13
2.148	11.72	35.13
2.148	11.72	35.13
2.147	11.73	35.13
2.146	11.73	35.13
2.146	11.74	35.13
2.145	11.75	35.13
2.144	11.75	35.13
2.143	11.75	35.13
2.143	11.75	35.13
2.142	11.75	35.13
2.141	11.76	35.13
2.141	11.76	35.13
2.140	11.78	35.13
2.139	11.78	35.13
2.138	11.79	35.13
2.137	11.79	35.13
2.136	11.80	35.13
2.136	11.80	35.13
2.135	11.81	35.13
2.135	11.82	35.13
2.134	11.82	35.13
2.134	11.82	35.13
2.133	11.83	35.13
2.133	11.83	35.13
2.133	11.83	35.13
2.132	11.84	35.13
2.132	11.84	35.13
2.131	11.86	35.13
2.130	11.86	35.13
2.130	11.87	35.13
2.130	11.87	35.13
2.129	11.88	35.13
2.128	11.88	35.13
2.128	11.88	35.13
2.127	11.89	35.13
2.126	11.90	35.13
2.125	11.90	35.13
2.125	11.90	35.13
2.125	11.90	35.13
2.124	11.91	35.13
2.124	11.91	35.13
2.123	11.92	35.13
2.123	11.92	35.13
2.122	11.93	35.13
2.122	11.93	35.13
2.122	11.94	35.13
2.122	11.93	35.13
2.121	11.94	35.13
2.121	11.93	35.13
2.121	11.93	35.13
2.121	11.94	35.13
2.121	11.93	35.13
2.122	11.94	35.13
2.121	11.95	35.13
2.121	11.95	35.13
2.120	11.95	35.13
2.120	11.95	35.13
2.119	11.96	35.13
2.118	11.97	35.13
2.117	11.98	35.13
2.116	11.98	35.13
2.115	11.99	35.13
2.114	11.99	35.13
2.113	11.99	35.13
2.112	12.00	35.13
2.112	12.00	35.13
2.111	12.00	35.13
2.111	12.00	35.13
2.110	12.01	35.13
2.109	12.01	35.13
2.109	12.01	35.13
2.109	12.02	35.13
2.108	12.02	35.13
2.107	12.03	35.13
2.107	12.03	35.13
2.107	12.04	35.13
2.106	12.03	35.13
2.106	12.04	35.13
2.105	12.04	35.13
2.105	12.05	35.13
2.104	12.06	35.13
2.104	12.06	35.13
2.103	12.06	35.13
2.103	12.06	35.13
2.103	12.06	35.13
2.102	12.06	35.13
2.101	12.07	35.13
2.101	12.07	35.13
2.100	12.07	35.13
2.100	12.07	35.13
2.100	12.07	35.13
2.100	12.07	35.13
2.099	12.07	35.13
2.099	12.07	35.13
2.099	12.07	35.13
2.098	12.07	35.13
2.098	12.07	35.13
2.098	12.08	35.13
2.098	12.07	35.13
2.097	12.08	35.13
2.097	12.08	35.13
2.096	12.08	35.13
2.096	12.08	35.13
2.095	12.08	35.13
2.095	12.08	35.13
2.094	12.08	35.13
2.094	12.08	35.13
2.093	12.08	35.13
2.093	12.09	35.13
2.092	12.09	35.13
2.092	12.10	35.13
2.091	12.10	35.13
2.091	12.10	35.13
2.090	12.09	35.13
2.090	12.10	35.13
2.089	12.10	35.13
2.089	12.10	35.13
2.088	12.10	35.13
2.088	12.10	35.13
2.087	12.11	35.13
2.087	12.11	35.13
2.086	12.12	35.13
2.085	12.11	35.13
2.085	12.12	35.13
2.084	12.12	35.13
2.083	12.12	35.13
2.083	12.13	35.13
2.082	12.13	35.13
2.081	12.13	35.13
2.080	12.14	35.13
2.079	12.15	35.13
2.079	12.16	35.13
2.078	12.16	35.13
2.077	12.17	35.13
2.077	12.17	35.13
2.076	12.18	35.13
2.076	12.17	35.13
2.076	12.18	35.13
2.075	12.18	35.13
2.075	12.18	35.13
2.074	12.18	35.13
2.074	12.18	35.13
2.074	12.19	35.13
2.074	12.19	35.13
2.073	12.19	35.13
2.073	12.19	35.13
2.073	12.19	35.13
2.073	12.19	35.13
2.073	12.19	35.13
2.073	12.19	35.13
2.073	12.19	35.13
2.073	12.20	35.13
2.072	12.21	35.13
2.072	12.21	35.13
2.071	12.22	35.13
2.070	12.21	35.13
2.070	12.22	35.13
2.069	12.22	35.12
2.068	12.22	35.12
2.067	12.23	35.12
2.067	12.24	35.12
2.066	12.24	35.12
2.065	12.25	35.12
2.064	12.25	35.12
2.064	12.25	35.12
2.063	12.26	35.12
2.062	12.26	35.12
2.062	12.26	35.12
2.061	12.27	35.12
2.061	12.28	35.12
2.060	12.28	35.12
2.059	12.28	35.12
2.058	12.29	35.12
2.058	12.29	35.12
2.057	12.29	35.12
2.057	12.31	35.12
2.056	12.32	35.12
2.055	12.33	35.12
2.054	12.33	35.12
2.054	12.34	35.12
2.053	12.34	35.12
2.052	12.35	35.12
2.052	12.35	35.12
2.051	12.36	35.12
2.051	12.37	35.12
2.050	12.38	35.12
2.050	12.38	35.12
2.049	12.38	35.12
2.049	12.39	35.12
2.048	12.39	35.12
2.048	12.39	35.12
2.048	12.40	35.12
2.047	12.39	35.12
2.047	12.39	35.12
2.046	12.40	35.12
2.046	12.41	35.12
2.045	12.42	35.12
2.045	12.41	35.12
2.044	12.42	35.12
2.044	12.43	35.12
2.043	12.43	35.12
2.043	12.43	35.12
2.042	12.44	35.12
2.042	12.44	35.12
2.041	12.45	35.12
2.041	12.45	35.12
2.040	12.45	35.12
2.040	12.46	35.12
2.039	12.45	35.12
2.039	12.46	35.12
2.038	12.47	35.12
2.038	12.47	35.12
2.037	12.48	35.12
2.037	12.48	35.12
2.036	12.48	35.12
2.036	12.48	35.12
2.036	12.48	35.12
2.035	12.49	35.12
2.035	12.49	35.12
2.034	12.50	35.12
2.034	12.49	35.12
2.034	12.50	35.12
2.033	12.50	35.12
2.033	12.50	35.12
2.033	12.50	35.12
2.033	12.50	35.12
2.033	12.50	35.12
2.032	12.50	35.12
2.032	12.50	35.12
2.032	12.50	35.12
2.032	12.51	35.12
2.031	12.51	35.12
2.031	12.50	35.12
2.031	12.51	35.12
2.031	12.50	35.12
2.031	12.51	35.12
2.030	12.51	35.12
2.030	12.51	35.12
2.030	12.51	35.12
2.030	12.51	35.12
2.030	12.51	35.12
2.029	12.52	35.12
2.029	12.51	35.12
2.028	12.52	35.12
2.028	12.52	35.12
2.028	12.52	35.12
2.027	12.52	35.12
2.027	12.52	35.12
2.026	12.52	35.12
2.026	12.52	35.12
2.025	12.52	35.12
2.025	12.52	35.12
2.025	12.53	35.12
2.024	12.53	35.12
2.024	12.53	35.12
2.023	12.53	35.12
2.023	12.53	35.12
2.022	12.53	35.12
2.022	12.54	35.12
2.021	12.54	35.12
2.020	12.54	35.12
2.020	12.55	35.12
2.019	12.56	35.12
2.018	12.56	35.12
2.017	12.57	35.12
2.017	12.56	35.12
2.016	12.57	35.12
2.015	12.58	35.12
2.014	12.57	35.12
2.013	12.59	35.12
2.013	12.59	35.12
2.012	12.59	35.12
2.011	12.60	35.12
2.011	12.60	35.12
2.010	12.60	35.12
2.009	12.61	35.12
2.008	12.61	35.12
2.007	12.62	35.12
2.007	12.62	35.12
2.006	12.62	35.12
2.006	12.62	35.12
2.005	12.63	35.12
2.005	12.63	35.12
2.004	12.63	35.12
2.004	12.63	35.12
2.003	12.64	35.12
2.003	12.64	35.12
2.003	12.65	35.12
2.002	12.67	35.12
2.002	12.67	35.12
2.001	12.67	35.12
2.000	12.67	35.12
1.999	12.68	35.12
1.999	12.68	35.12
1.999	12.68	35.12
1.998	12.68	35.12
1.998	12.68	35.12
1.998	12.68	35.12
1.998	12.69	35.12
1.997	12.70	35.12
1.996	12.71	35.12
1.996	12.71	35.12
1.995	12.73	35.12
1.993	12.73	35.12
1.992	12.74	35.12
1.991	12.74	35.12
1.991	12.74	35.12
1.990	12.75	35.12
1.989	12.76	35.12
1.988	12.76	35.12
1.988	12.77	35.12
1.987	12.77	35.12
1.986	12.78	35.12
1.986	12.78	35.12
1.985	12.78	35.12
1.985	12.79	35.12
1.984	12.80	35.12
1.984	12.81	35.12
1.983	12.82	35.12
1.982	12.83	35.12
1.981	12.84	35.12
1.980	12.85	35.12
1.978	12.86	35.12
1.978	12.86	35.12
1.977	12.87	35.12
1.976	12.88	35.12
1.975	12.88	35.12
1.975	12.88	35.12
1.974	12.89	35.12
1.973	12.90	35.12
1.973	12.91	35.12
1.972	12.92	35.12
1.972	12.91	35.12
1.971	12.93	35.12
1.970	12.94	35.12
1.969	12.95	35.12
1.968	12.95	35.12
1.967	12.95	35.12
1.966	12.95	35.12
1.966	12.95	35.12
1.965	12.96	35.12
1.964	12.96	35.12
1.963	12.96	35.12
1.963	12.96	35.12
1.962	12.97	35.12
1.962	12.96	35.12
1.962	12.97	35.12
1.961	12.97	35.12
1.961	12.97	35.12
1.960	12.97	35.12
1.960	12.97	35.12
1.960	12.98	35.12
1.959	12.97	35.12
1.959	12.97	35.12
1.959	12.98	35.12
1.958	12.98	35.12
1.958	12.98	35.12
1.958	12.98	35.12
1.958	12.98	35.12
1.958	12.97	35.12
1.958	12.98	35.12
1.958	12.98	35.12
1.957	12.99	35.12
1.957	12.99	35.12
1.957	13.00	35.12
1.956	13.00	35.12
1.956	13.00	35.12
1.955	13.00	35.12
1.955	13.01	35.12
1.954	13.03	35.12
1.953	13.02	35.12
1.953	13.03	35.12
1.952	13.03	35.12
1.952	13.03	35.12
1.951	13.04	35.12
1.950	13.05	35.12
1.949	13.04	35.12
1.949	13.04	35.12
1.948	13.04	35.12
1.946	13.05	35.12
1.945	13.06	35.12
1.944	13.06	35.12
1.944	13.07	35.12
1.943	13.07	35.12
1.942	13.07	35.12
1.942	13.07	35.12
1.941	13.08	35.12
1.940	13.09	35.12
1.939	13.09	35.12
1.939	13.09	35.12
1.938	13.09	35.12
1.938	13.09	35.12
1.938	13.09	35.12
1.938	13.09	35.12
1.938	13.09	35.12
1.938	13.10	35.12
1.937	13.10	35.12
1.937	13.11	35.12
1.937	13.11	35.12
1.936	13.11	35.12
1.936	13.12	35.12
1.936	13.11	35.12
1.935	13.12	35.12
1.935	13.12	35.12
1.935	13.12	35.12
1.934	13.13	35.12
1.934	13.13	35.12
1.933	13.13	35.12
1.933	13.14	35.12
1.932	13.15	35.12
1.932	13.16	35.12
1.931	13.16	35.12
1.931	13.16	35.12
1.930	13.16	35.12
1.930	13.16	35.12
1.929	13.17	35.12
1.928	13.17	35.12
1.928	13.17	35.12
1.927	13.19	35.12
1.927	13.20	35.12
1.926	13.20	35.12
1.926	13.20	35.12
1.925	13.21	35.12
1.925	13.21	35.12
1.924	13.21	35.11
1.924	13.22	35.12
1.924	13.21	35.12
1.924	13.22	35.12
1.923	13.22	35.11
1.923	13.22	35.11
1.922	13.23	35.11
1.922	13.23	35.11
1.921	13.24	35.11
1.921	13.24	35.11
1.920	13.25	35.11
1.919	13.25	35.12
1.919	13.25	35.11
1.918	13.27	35.11
1.917	13.27	35.11
1.917	13.28	35.11
1.916	13.29	35.11
1.916	13.29	35.11
1.915	13.31	35.11
1.915	13.29	35.11
1.914	13.29	35.11
1.913	13.30	35.11
1.913	13.31	35.11
1.912	13.32	35.11
1.912	13.32	35.11
1.911	13.33	35.11
1.911	13.33	35.11
1.910	13.34	35.11
1.910	13.35	35.11
1.909	13.36	35.11
1.909	13.37	35.11
1.909	13.37	35.11
1.908	13.37	35.11
1.908	13.38	35.11
1.908	13.37	35.11
1.907	13.37	35.11
1.907	13.38	35.11
1.907	13.38	35.11
1.907	13.37	35.11
1.907	13.38	35.11
1.906	13.38	35.11
1.906	13.39	35.11
1.906	13.39	35.11
1.906	13.39	35.11
1.905	13.39	35.11
1.905	13.39	35.11
1.905	13.41	35.11
1.904	13.41	35.11
1.904	13.41	35.11
1.903	13.42	35.11
1.903	13.42	35.11
1.902	13.42	35.11
1.902	13.42	35.11
1.902	13.42	35.11
1.901	13.42	35.11
1.901	13.43	35.11
1.900	13.44	35.11
1.900	13.44	35.11
1.900	13.44	35.11
1.900	13.44	35.11
1.899	13.44	35.11
1.899	13.45	35.11
1.898	13.45	35.11
1.898	13.44	35.11
1.898	13.45	35.11
1.897	13.45	35.11
1.897	13.45	35.11
1.897	13.45	35.11
1.896	13.45	35.11
1.896	13.45	35.11
1.896	13.45	35.11
1.895	13.45	35.11
1.895	13.46	35.11
1.895	13.46	35.11
1.894	13.46	35.11
1.893	13.46	35.11
1.893	13.46	35.11
1.892	13.47	35.11
1.892	13.47	35.11
1.891	13.47	35.11
1.891	13.48	35.11
1.890	13.48	35.11
1.890	13.57	35.11
1.889	13.63	35.11
1.889	13.48	35.11
1.888	13.49	35.11
1.887	13.49	35.11
1.887	13.50	35.11
1.887	13.50	35.11
1.886	13.50	35.11
1.886	13.50	35.11
1.885	13.54	35.11
1.885	13.51	35.11
1.884	13.51	35.11
1.884	13.52	35.11
1.883	13.52	35.11
1.883	13.53	35.11
1.882	13.52	35.11
1.882	13.52	35.11
1.881	13.53	35.11
1.881	13.53	35.11
1.880	13.53	35.11
1.880	13.54	35.11
1.879	13.55	35.11
1.879	13.55	35.11
1.878	13.54	35.11
1.878	13.55	35.11
1.878	13.56	35.11
1.877	13.56	35.11
1.877	13.56	35.11
1.877	13.56	35.11
1.876	13.56	35.11
1.876	13.57	35.11
1.876	13.57	35.11
1.875	13.57	35.11
1.875	13.57	35.11
1.875	13.58	35.11
1.874	13.58	35.11
1.874	13.58	35.11
1.874	13.59	35.11
1.874	13.59	35.11
1.874	13.59	35.11
1.874	13.59	35.11
1.874	13.59	35.11
1.874	13.59	35.11
1.874	13.59	35.11
1.874	13.60	35.11
1.874	13.60	35.11
1.873	13.60	35.11
1.873	13.60	35.11
1.872	13.61	35.11
1.872	13.61	35.11
1.871	13.61	35.11
1.871	13.61	35.11
1.870	13.62	35.11
1.870	13.62	35.11
1.870	13.62	35.11
1.869	13.63	35.11
1.869	13.63	35.11
1.869	13.63	35.11
1.868	13.63	35.11
1.868	13.64	35.11
1.867	13.64	35.11
1.867	13.64	35.11
1.866	13.65	35.11
1.865	13.66	35.11
1.864	13.67	35.11
1.864	13.66	35.11
1.863	13.67	35.11
1.863	13.68	35.11
1.862	13.69	35.11
1.861	13.70	35.11
1.861	13.70	35.11
1.860	13.71	35.11
1.860	13.71	35.11
1.859	13.72	35.11
1.858	13.72	35.11
1.858	13.72	35.11
1.857	13.73	35.11
1.857	13.73	35.11
1.856	13.74	35.11
1.855	13.74	35.11
1.855	13.75	35.11
1.854	13.76	35.11
1.854	13.76	35.11
1.853	13.78	35.11
1.853	13.79	35.11
1.852	13.79	35.11
1.852	13.79	35.11
1.851	13.80	35.11
1.850	13.80	35.11
1.850	13.81	35.11
1.849	13.80	35.11
1.849	13.81	35.11
1.848	13.81	35.11
1.848	13.82	35.11
1.848	13.82	35.11
1.848	13.83	35.11
1.847	13.83	35.11
1.847	13.84	35.11
1.847	13.84	35.11
1.847	13.84	35.11
1.847	13.84	35.11
1.847	13.84	35.11
1.847	13.84	35.11
1.847	13.83	35.11
1.847	13.84	35.11
1.847	13.84	35.11
1.847	13.84	35.11
1.847	13.98	35.11
1.846	14.52	35.11
1.846	14.30	35.11
1.845	13.89	35.11
1.844	13.97	35.11
1.843	13.89	35.11
1.843	13.89	35.11
1.842	13.90	35.11
1.842	13.89	35.11
1.842	13.90	35.11
1.841	13.89	35.11
1.841	13.89	35.11
1.841	13.89	35.11
1.841	13.90	35.11
1.841	13.91	35.11
1.840	13.90	35.11
1.840	13.91	35.11
1.840	13.91	35.11
1.839	13.92	35.11
1.839	13.92	35.11
1.839	13.93	35.11
1.838	13.93	35.11
1.838	13.93	35.11
1.838	13.93	35.11
1.837	13.93	35.11
1.837	13.93	35.11
1.837	13.92	35.11
1.836	13.93	35.11
1.836	13.93	35.11
1.836	13.94	35.11
1.836	13.94	35.11
1.836	13.94	35.11
1.835	13.94	35.11
1.835	13.94	35.11
1.835	13.94	35.11
1.834	13.94	35.11
1.834	13.94	35.11
1.834	13.95	35.10
1.833	13.95	35.11
1.833	13.95	35.11
1.833	13.95	35.10
1.832	13.95	35.11
1.832	13.95	35.11
1.831	13.96	35.11
1.830	13.96	35.11
1.830	13.97	35.10
1.829	13.96	35.10
1.829	13.97	35.11
1.828	13.97	35.10
1.827	13.98	35.10
1.826	13.98	35.10
1.826	13.98	35.10
1.825	13.99	35.10
1.825	13.98	35.10
1.824	13.99	35.10
1.823	13.99	35.10
1.823	13.99	35.10
1.822	14.00	35.10
1.822	14.01	35.10
1.821	14.01	35.10
1.821	14.02	35.10
1.820	14.03	35.10
1.820	14.03	35.10
1.819	14.03	35.10
1.819	14.04	35.10
1.819	14.03	35.10
1.818	14.04	35.10
1.818	14.04	35.10
1.818	14.04	35.10
1.817	14.04	35.10
1.817	14.04	35.10
1.818	14.04	35.10
1.817	14.04	35.10
1.818	14.05	35.10
1.818	14.05	35.10
1.817	14.05	35.10
1.817	14.06	35.10
1.817	14.06	35.10
1.816	14.06	35.10
1.816	14.07	35.10
1.816	14.07	35.10
1.815	14.07	35.10
1.815	14.08	35.10
1.815	14.08	35.10
1.814	14.09	35.10
1.814	14.08	35.10
1.814	14.08	35.10
1.813	14.08	35.10
1.813	14.10	35.10
1.813	14.10	35.10
1.812	14.10	35.10
1.812	14.10	35.10
1.812	14.10	35.10
1.811	14.10	35.10
1.811	14.11	35.10
1.811	14.11	35.10
1.810	14.11	35.10
1.810	14.12	35.10
1.810	14.12	35.10
1.810	14.12	35.10
1.809	14.12	35.10
1.809	14.12	35.10
1.809	14.13	35.10
1.808	14.13	35.10
1.808	14.13	35.10
1.808	14.13	35.10
1.807	14.13	35.10
1.807	14.13	35.10
1.807	14.14	35.10
1.807	14.14	35.10
1.806	14.14	35.10
1.806	14.14	35.10
1.806	14.15	35.10
1.806	14.15	35.10
1.805	14.16	35.10
1.805	14.16	35.10
1.805	14.16	35.10
1.804	14.16	35.10
1.804	14.17	35.10
1.804	14.17	35.10
1.803	14.18	35.10
1.803	14.17	35.10
1.803	14.19	35.10
1.802	14.18	35.10
1.802	14.19	35.10
1.802	14.19	35.10
1.802	14.19	35.10
1.802	14.19	35.10
1.801	14.19	35.10
1.801	14.19	35.10
1.801	14.20	35.10
1.801	14.19	35.10
1.801	14.20	35.10
1.801	14.20	35.10
1.800	14.20	35.10
1.800	14.21	35.10
1.800	14.21	35.10
1.800	14.21	35.10
1.799	14.21	35.10
1.799	14.22	35.10
1.798	14.23	35.10
1.798	14.24	35.10
1.797	14.24	35.10
1.797	14.24	35.10
1.796	14.25	35.10
1.796	14.25	35.10
1.795	14.26	35.10
1.795	14.27	35.10
1.794	14.28	35.10
1.793	14.29	35.10
1.792	14.29	35.10
1.792	14.30	35.10
1.791	14.30	35.10
1.791	14.30	35.10
1.790	14.31	35.10
1.790	14.32	35.10
1.789	14.32	35.10
1.788	14.33	35.10
1.788	14.33	35.10
1.787	14.33	35.10
1.787	14.33	35.10
1.787	14.33	35.10
1.787	14.33	35.10
1.787	14.33	35.10
1.787	14.33	35.10
1.787	14.33	35.10
1.787	14.33	35.10
1.787	14.33	35.10
1.787	14.33	35.10
1.787	14.33	35.10
1.787	14.33	35.10
1.787	14.33	35.10
1.787	14.35	35.10
1.787	14.35	35.10
1.786	14.37	35.10
1.786	14.37	35.10
1.785	14.38	35.10
1.784	14.38	35.10
1.783	14.39	35.10
1.783	14.39	35.10
1.782	14.39	35.10
1.782	14.39	35.10
1.782	14.39	35.10
1.781	14.39	35.10
1.781	14.40	35.10
1.781	14.40	35.10
1.781	14.40	35.10
1.781	14.39	35.10
1.780	14.40	35.10
1.780	14.39	35.10
1.780	14.40	35.10
1.780	14.40	35.10
1.780	14.40	35.10
1.780	14.41	35.10
1.780	14.40	35.10
1.780	14.40	35.10
1.780	14.40	35.10
1.780	14.40	35.10
1.780	14.40	35.10
1.780	14.41	35.10
1.780	14.40	35.10
1.780	14.40	35.10
1.780	14.41	35.10
1.780	14.41	35.10
1.780	14.41	35.10
1.780	14.41	35.10
1.780	14.41	35.10
1.780	14.41	35.10
1.780	14.41	35.10
1.779	14.41	35.10
1.779	14.41	35.10
1.779	14.41	35.10
1.779	14.41	35.10
1.778	14.42	35.10
1.778	14.42	35.10
1.777	14.42	35.10
1.777	14.41	35.10
1.777	14.42	35.10
1.776	14.42	35.10
1.776	14.43	35.10
1.775	14.43	35.10
1.775	14.44	35.10
1.775	14.43	35.10
1.774	14.44	35.10
1.774	14.47	35.10
1.773	14.44	35.10
1.773	14.44	35.10
1.772	14.45	35.10
1.772	14.45	35.10
1.771	14.46	35.10
1.771	14.47	35.10
1.770	14.47	35.10
1.770	14.47	35.10
1.769	14.47	35.10
1.769	14.47	35.10
1.769	14.47	35.10
1.769	14.47	35.10
1.769	14.47	35.10
1.769	14.48	35.10
1.769	14.49	35.10
1.768	14.50	35.10
1.766	14.51	35.10
1.765	14.51	35.10
1.764	14.51	35.10
1.764	14.51	35.10
1.764	14.51	35.10
1.763	14.51	35.10
1.763	14.52	35.10
1.763	14.51	35.10
1.762	14.52	35.10
1.762	14.53	35.10
1.761	14.53	35.10
1.761	14.54	35.10
1.760	14.54	35.10
1.760	14.54	35.10
1.759	14.55	35.10
1.759	14.55	35.10
1.758	14.55	35.10
1.758	14.55	35.09
1.758	14.56	35.10
1.757	14.57	35.10
1.757	14.58	35.10
1.756	14.58	35.10
1.756	14.59	35.10
1.755	14.59	35.10
1.755	14.59	35.10
1.755	14.59	35.09
1.754	14.60	35.09
1.754	14.60	35.09
1.753	14.60	35.09
1.753	14.61	35.09
1.752	14.61	35.09
1.752	14.62	35.09
1.751	14.62	35.09
1.751	14.64	35.09
1.750	14.64	35.09
1.749	14.65	35.09
1.749	14.65	35.09
1.749	14.66	35.09
1.748	14.66	35.09
1.748	14.65	35.09
1.748	14.65	35.09
1.748	14.65	35.09
1.748	14.66	35.09
1.748	14.65	35.09
1.748	14.65	35.09
1.748	14.66	35.09
1.748	14.66	35.09
1.748	14.66	35.09
1.748	14.66	35.09
1.747	14.67	35.09
1.747	14.67	35.09
1.747	14.67	35.09
1.747	14.67	35.09
1.746	14.68	35.09
1.746	14.68	35.09
1.745	14.69	35.09
1.745	14.69	35.09
1.744	14.69	35.09
1.744	14.71	35.09
1.743	14.71	35.09
1.743	14.73	35.09
1.742	14.73	35.09
1.741	14.73	35.09
1.741	14.74	35.09
1.740	14.74	35.09
1.740	14.74	35.09
1.740	14.74	35.09
1.740	14.75	35.09
1.739	14.76	35.09
1.739	14.77	35.09
1.738	14.76	35.09
1.738	14.78	35.09
1.737	14.78	35.09
1.737	14.78	35.09
1.737	14.79	35.09
1.736	14.78	35.09
1.736	14.79	35.09
1.735	14.80	35.09
1.735	14.80	35.09
1.735	14.81	35.09
1.734	14.81	35.09
1.734	14.82	35.09
1.733	14.83	35.09
1.733	14.83	35.09
1.732	14.84	35.09
1.731	14.84	35.09
1.731	14.85	35.09
1.730	14.85	35.09
1.730	14.85	35.09
1.729	14.85	35.09
1.729	14.86	35.09
1.729	14.85	35.09
1.728	14.86	35.09
1.728	14.86	35.09
1.728	14.86	35.09
1.727	14.86	35.09
1.727	14.86	35.09
1.727	14.86	35.09
1.727	14.87	35.09
1.727	14.87	35.09
1.727	14.87	35.09
1.726	14.87	35.09
1.727	14.87	35.09
1.727	14.87	35.09
1.727	14.87	35.09
1.727	14.88	35.09
1.727	14.88	35.09
1.727	14.87	35.09
1.727	14.87	35.09
1.727	14.88	35.09
1.727	14.88	35.09
1.726	14.87	35.09
1.726	14.88	35.09
1.726	14.88	35.09
1.725	14.88	35.09
1.725	14.88	35.09
1.725	14.89	35.09
1.724	14.89	35.09
1.723	14.89	35.09
1.723	14.90	35.09
1.722	14.90	35.09
1.722	14.91	35.09
1.721	14.91	35.09
1.721	14.91	35.09
1.721	14.92	35.09
1.720	14.93	35.09
1.719	14.93	35.09
1.719	14.93	35.09
1.718	14.93	35.09
1.718	14.94	35.09
1.717	14.94	35.09
1.716	14.95	35.09
1.716	14.95	35.09
1.716	14.96	35.09
1.715	14.96	35.09
1.715	14.96	35.09
1.715	14.96	35.09
1.714	14.96	35.09
1.714	14.97	35.09
1.714	14.97	35.09
1.713	14.98	35.09
1.712	14.98	35.09
1.712	14.99	35.09
1.711	15.00	35.09
1.711	15.00	35.09
1.710	15.00	35.09
1.709	15.00	35.09
1.709	15.01	35.09
1.708	15.01	35.09
1.708	15.02	35.09
1.707	15.02	35.09
1.707	15.03	35.09
1.706	15.03	35.09
1.706	15.03	35.09
1.706	15.04	35.09
1.705	15.05	35.09
1.705	15.06	35.09
1.704	15.06	35.09
1.704	15.06	35.09
1.703	15.06	35.09
1.703	15.06	35.09
1.703	15.07	35.09
1.702	15.07	35.09
1.702	15.08	35.09
1.702	15.07	35.09
1.702	15.07	35.09
1.701	15.07	35.09
1.701	15.08	35.09
1.701	15.07	35.09
1.701	15.07	35.09
1.701	15.07	35.09
1.701	15.08	35.09
1.701	15.08	35.09
1.701	15.08	35.09
1.701	15.08	35.09
1.701	15.08	35.09
1.700	15.09	35.09
1.700	15.09	35.09
1.700	15.10	35.09
1.700	15.11	35.09
1.699	15.12	35.09
1.698	15.13	35.09
1.698	15.14	35.09
1.697	15.14	35.09
1.696	15.14	35.09
1.695	15.16	35.09
1.694	15.18	35.09
1.693	15.19	35.09
1.692	15.20	35.09
1.691	15.21	35.09
1.690	15.23	35.09
1.689	15.23	35.09
1.688	15.24	35.09
1.687	15.24	35.09
1.687	15.25	35.09
1.686	15.25	35.09
1.686	15.25	35.09
1.686	15.25	35.09
1.686	15.26	35.09
1.685	15.26	35.09
1.685	15.26	35.09
1.685	15.28	35.09
1.684	15.27	35.09
1.684	15.29	35.09
1.683	15.30	35.09
1.683	15.30	35.09
1.682	15.31	35.09
1.681	15.32	35.09
1.681	15.32	35.09
1.680	15.32	35.09
1.680	15.32	35.09
1.679	15.33	35.09
1.679	15.33	35.09
1.678	15.33	35.09
1.678	15.33	35.09
1.677	15.33	35.09
1.677	15.33	35.09
1.677	15.33	35.09
1.677	15.33	35.09
1.677	15.34	35.09
1.677	15.34	35.09
1.677	15.34	35.09
1.677	15.34	35.08
1.677	15.34	35.09
1.677	15.35	35.08
1.677	15.35	35.08
1.676	15.35	35.08
1.676	15.36	35.08
1.675	15.36	35.08
1.674	15.37	35.08
1.674	15.37	35.08
1.673	15.38	35.08
1.672	15.38	35.08
1.672	15.38	35.08
1.671	15.39	35.08
1.671	15.39	35.08
1.670	15.39	35.08
1.670	15.39	35.08
1.670	15.40	35.08
1.669	15.41	35.08
1.668	15.42	35.08
1.667	15.42	35.08
1.667	15.42	35.08
1.666	15.43	35.08
1.666	15.43	35.08
1.665	15.44	35.08
1.665	15.44	35.08
1.664	15.44	35.08
1.664	15.44	35.08
1.664	15.44	35.08
1.664	15.45	35.08
1.664	15.45	35.08
1.664	15.45	35.08
1.663	15.45	35.08
1.663	15.45	35.08
1.663	15.45	35.08
1.663	15.46	35.08
1.663	15.47	35.08
1.662	15.47	35.08
1.662	15.47	35.08
1.662	15.48	35.08
1.661	15.48	35.08
1.661	15.48	35.08
1.660	15.49	35.08
1.660	15.50	35.08
1.660	15.50	35.08
1.660	15.50	35.08
1.659	15.50	35.08
1.659	15.51	35.08
1.659	15.51	35.08
1.658	15.51	35.08
1.658	15.52	35.08
1.657	15.52	35.08
1.657	15.53	35.08
1.656	15.54	35.08
1.655	15.54	35.08
1.655	15.54	35.08
1.654	15.55	35.08
1.654	15.55	35.08
1.653	15.55	35.08
1.653	15.56	35.08
1.652	15.57	35.08
1.652	15.57	35.08
1.652	15.57	35.08
1.651	15.58	35.08
1.651	15.60	35.08
1.650	15.46	35.08
1.650	15.57	35.08
1.649	15.61	35.08
1.649	15.62	35.08
1.648	15.62	35.08
1.648	15.62	35.08
1.647	15.63	35.08
1.647	15.63	35.08
1.646	15.64	35.08
1.646	15.64	35.08
1.646	15.65	35.08
1.646	15.65	35.08
1.645	15.66	35.08
1.645	15.67	35.08
1.644	15.67	35.08
1.644	15.68	35.08
1.644	15.68	35.08
1.643	15.68	35.08
1.643	15.68	35.08
1.643	15.68	35.08
1.643	15.69	35.08
1.642	15.69	35.08
1.642	15.69	35.08
1.642	15.69	35.08
1.641	15.71	35.08
1.641	15.71	35.08
1.640	15.72	35.08
1.640	15.72	35.08
1.639	15.73	35.08
1.639	15.73	35.08
1.638	15.74	35.08
1.638	15.74	35.08
1.638	15.74	35.08
1.638	15.74	35.08
1.637	15.74	35.08
1.637	15.75	35.08
1.637	15.75	35.08
1.636	15.76	35.08
1.636	15.77	35.08
1.635	15.77	35.08
1.635	15.78	35.08
1.634	15.78	35.08
1.633	15.79	35.08
1.633	15.79	35.08
1.632	15.80	35.08
1.632	15.79	35.08
1.632	15.79	35.08
1.631	15.80	35.08
1.631	15.80	35.08
1.630	15.80	35.08
1.630	15.80	35.08
1.629	15.81	35.08
1.629	15.81	35.08
1.628	15.82	35.08
1.628	15.82	35.08
1.628	15.83	35.08
1.627	15.83	35.08
1.626	15.84	35.08
1.626	15.84	35.08
1.626	15.84	35.08
1.625	15.84	35.08
1.625	15.84	35.08
1.625	15.85	35.08
1.625	15.85	35.08
1.624	15.85	35.08
1.624	15.85	35.08
1.624	15.85	35.08
1.624	15.85	35.08
1.624	15.85	35.08
1.624	15.86	35.08
1.623	15.86	35.08
1.623	15.87	35.08
1.623	15.87	35.08
1.623	15.87	35.08
1.622	15.88	35.08
1.622	15.88	35.08
1.622	15.88	35.08
1.622	15.88	35.08
1.622	15.88	35.08
1.622	15.88	35.08
1.622	15.88	35.08
1.622	15.88	35.08
1.622	15.88	35.08
1.622	15.87	35.08
1.622	15.68	35.08
1.622	15.79	35.08
1.621	15.89	35.08
1.621	15.89	35.08
1.620	15.90	35.08
1.620	15.91	35.08
1.619	15.91	35.08
1.619	15.92	35.08
1.618	15.92	35.08
1.618	15.93	35.08
1.618	15.93	35.08
1.617	15.93	35.08
1.617	15.93	35.08
1.616	15.94	35.08
1.616	15.94	35.08
1.616	15.96	35.08
1.615	15.96	35.08
1.615	15.96	35.08
1.614	15.97	35.08
1.613	15.97	35.08
1.613	15.97	35.08
1.613	15.97	35.08
1.613	15.97	35.08
1.613	15.98	35.08
1.613	15.98	35.08
1.613	15.98	35.08
1.613	15.98	35.08
1.613	15.98	35.08
1.612	15.99	35.08
1.612	15.99	35.08
1.612	15.99	35.08
1.611	16.00	35.08
1.611	16.00	35.08
1.611	16.00	35.08
1.610	16.01	35.08
1.610	16.02	35.08
1.609	16.02	35.08
1.609	16.02	35.08
1.608	16.02	35.08
1.608	16.03	35.08
1.607	16.04	35.08
1.607	16.05	35.08
1.606	16.05	35.08
1.606	16.05	35.08
1.606	16.05	35.08
1.606	16.05	35.08
1.606	16.05	35.08
1.606	16.05	35.08
1.606	16.05	35.08
1.606	16.05	35.08
1.606	16.05	35.08
1.606	16.05	35.08
1.606	16.06	35.08
1.606	16.07	35.08
1.605	16.07	35.08
1.605	16.07	35.08
1.605	16.07	35.08
1.605	16.07	35.08
1.604	16.08	35.08
1.604	16.08	35.08
1.603	16.08	35.08
1.603	16.09	35.08
1.603	16.11	35.08
1.602	16.11	35.08
1.602	16.11	35.08
1.602	16.12	35.08
1.601	16.12	35.08
1.601	16.13	35.08
1.601	16.14	35.08
1.600	16.14	35.08
1.600	16.15	35.08
1.599	16.16	35.08
1.599	16.17	35.08
1.598	16.17	35.08
1.597	16.18	35.08
1.597	16.18	35.08
1.596	16.19	35.08
1.596	16.19	35.08
1.595	16.20	35.08
1.594	16.21	35.08
1.593	16.22	35.08
1.593	16.22	35.08
1.593	16.22	35.08
1.592	16.22	35.08
1.592	16.22	35.08
1.592	16.23	35.08
1.592	16.23	35.08
1.592	16.24	35.08
1.591	16.24	35.08
1.591	16.24	35.08
1.591	16.24	35.08
1.591	16.24	35.08
1.591	16.24	35.08
1.591	16.24	35.08
1.591	16.25	35.08
1.591	16.24	35.08
1.591	16.24	35.08
1.591	16.24	35.08
1.591	16.25	35.08
1.590	16.26	35.08
1.590	16.26	35.08
1.590	16.26	35.08
1.590	16.26	35.08
1.589	16.26	35.08
1.589	16.27	35.08
1.589	16.27	35.08
1.588	16.27	35.08
1.588	16.28	35.08
1.587	16.28	35.08
1.587	16.28	35.08
1.587	16.28	35.08
1.587	16.28	35.08
1.586	16.29	35.08
1.586	16.29	35.08
1.586	16.29	35.08
1.585	16.29	35.08
1.585	16.30	35.08
1.585	16.30	35.08
1.584	16.30	35.08
1.584	16.30	35.08
1.584	16.31	35.08
1.584	16.31	35.08
1.583	16.32	35.08
1.583	16.32	35.08
1.583	16.32	35.08
1.582	16.32	35.08
1.582	16.32	35.08
1.581	16.32	35.08
1.581	16.32	35.08
1.581	16.33	35.08
1.580	16.33	35.08
1.580	16.34	35.08
1.580	16.34	35.08
1.579	16.34	35.08
1.579	16.35	35.08
1.578	16.36	35.08
1.578	16.36	35.08
1.577	16.36	35.08
1.577	16.37	35.08
1.577	16.38	35.08
1.576	16.38	35.08
1.576	16.39	35.08
1.575	16.40	35.08
1.574	16.40	35.08
1.574	16.41	35.08
1.573	16.42	35.08
1.573	16.42	35.08
1.572	16.42	35.08
1.572	16.43	35.08
1.571	16.43	35.08
1.571	16.44	35.08
1.571	16.44	35.08
1.570	16.45	35.08
1.570	16.45	35.08
1.570	16.45	35.08
1.569	16.44	35.08
1.569	16.45	35.08
1.569	16.45	35.08
1.569	16.46	35.08
1.568	16.47	35.08
1.568	16.48	35.08
1.567	16.48	35.08
1.567	16.49	35.08
1.566	16.49	35.08
1.565	16.50	35.08
1.565	16.50	35.08
1.564	16.52	35.08
1.564	16.53	35.08
1.563	16.54	35.08
1.562	16.55	35.08
1.562	16.56	35.08
1.561	16.55	35.08
1.561	16.56	35.08
1.561	16.56	35.08
1.560	16.56	35.08
1.560	16.56	35.08
1.560	16.56	35.08
1.559	16.58	35.08
1.559	16.58	35.08
1.559	16.57	35.08
1.558	16.58	35.08
1.558	16.59	35.08
1.558	16.60	35.08
1.557	16.61	35.08
1.557	16.61	35.08
1.556	16.63	35.08
1.556	16.64	35.08
1.555	16.64	35.08
1.554	16.65	35.08
1.553	16.66	35.08
1.553	16.66	35.08
1.553	16.68	35.08
1.552	16.69	35.08
1.551	16.69	35.08
1.550	16.69	35.07
1.550	16.70	35.08
1.549	16.71	35.07
1.548	16.72	35.07
1.547	16.73	35.08
1.546	16.74	35.07
1.545	16.74	35.07
1.545	16.75	35.07
1.544	16.75	35.07
1.544	16.75	35.07
1.543	16.76	35.07
1.543	16.76	35.07
1.542	16.77	35.07
1.542	16.77	35.07
1.541	16.78	35.07
1.540	16.78	35.07
1.540	16.78	35.07
1.539	16.78	35.07
1.539	16.79	35.07
1.539	16.79	35.07
1.539	16.80	35.07
1.538	16.80	35.07
1.538	16.80	35.07
1.537	16.81	35.07
1.537	16.81	35.07
1.537	16.82	35.07
1.537	16.83	35.07
1.536	16.83	35.07
1.536	16.83	35.07
1.536	16.84	35.07
1.535	16.84	35.07
1.535	16.84	35.07
1.535	16.85	35.07
1.534	16.86	35.07
1.534	16.86	35.07
1.534	16.85	35.07
1.533	16.87	35.07
1.533	16.87	35.07
1.533	16.87	35.07
1.532	16.87	35.07
1.532	16.88	35.07
1.532	16.88	35.07
1.532	16.88	35.07
1.531	16.89	35.07
1.531	16.90	35.07
1.530	16.90	35.07
1.530	16.91	35.07
1.529	16.91	35.07
1.529	16.92	35.07
1.529	16.92	35.07
1.528	16.93	35.07
1.528	16.93	35.07
1.527	16.94	35.07
1.527	16.95	35.07
1.527	16.95	35.07
1.526	16.96	35.07
1.526	16.96	35.07
1.526	16.96	35.07
1.525	16.96	35.07
1.525	16.96	35.07
1.525	16.97	35.07
1.524	16.97	35.07
1.524	16.98	35.07
1.524	16.98	35.07
1.523	16.98	35.07
1.523	16.98	35.07
1.523	16.98	35.07
1.523	16.99	35.07
1.522	17.00	35.07
1.522	17.00	35.07
1.521	17.01	35.07
1.521	17.02	35.07
1.521	17.03	35.07
1.520	17.03	35.07
1.520	17.04	35.07
1.520	17.04	35.07
1.519	17.05	35.07
1.519	17.06	35.07
1.518	17.06	35.07
1.518	17.06	35.07
1.518	17.06	35.07
1.517	17.07	35.07
1.517	17.07	35.07
1.517	17.07	35.07
1.517	17.08	35.07
1.517	17.08	35.07
1.517	17.08	35.07
1.516	17.08	35.07
1.516	17.09	35.07
1.516	17.09	35.07
1.516	17.10	35.07
1.515	17.10	35.07
1.515	17.10	35.07
1.515	17.11	35.07
1.514	17.12	35.07
1.514	17.12	35.07
1.514	17.12	35.07
1.514	17.13	35.07
1.513	17.13	35.07
1.513	17.13	35.07
1.513	17.14	35.07
1.512	17.14	35.07
1.512	17.14	35.07
1.512	17.15	35.07
1.512	17.15	35.07
1.511	17.15	35.07
1.511	17.15	35.07
1.511	17.16	35.07
1.510	17.17	35.07
1.510	17.17	35.07
1.510	17.17	35.07
1.509	17.18	35.07
1.509	17.18	35.07
1.508	17.18	35.07
1.508	17.18	35.07
1.508	17.19	35.07
1.507	17.20	35.07
1.507	17.21	35.07
1.506	17.22	35.07
1.505	17.22	35.07
1.505	17.22	35.07
1.504	17.22	35.07
1.504	17.23	35.07
1.504	17.23	35.07
1.503	17.24	35.07
1.503	17.24	35.07
1.503	17.24	35.07
1.502	17.25	35.07
1.502	17.25	35.07
1.502	17.25	35.07
1.501	17.25	35.07
1.501	17.25	35.07
1.501	17.26	35.07
1.500	17.26	35.07
1.500	17.26	35.07
1.500	17.27	35.07
1.500	17.27	35.07
1.499	17.27	35.07
1.499	17.27	35.07
1.499	17.28	35.07
1.499	17.28	35.07
1.499	17.28	35.07
1.498	17.28	35.07
1.498	17.28	35.07
1.498	17.29	35.07
1.497	17.29	35.07
1.497	17.29	35.07
1.496	17.30	35.07
1.496	17.30	35.07
1.496	17.30	35.07
1.496	17.31	35.07
1.495	17.32	35.07
1.495	17.32	35.07
1.495	17.33	35.07
1.494	17.33	35.07
1.494	17.34	35.07
1.493	17.35	35.07
1.493	17.36	35.07
1.492	17.37	35.07
1.492	17.38	35.07
1.491	17.39	35.07
1.490	17.39	35.07
1.490	17.39	35.07
1.490	17.40	35.07
1.489	17.40	35.07
1.489	17.40	35.07
1.489	17.40	35.07
1.489	17.41	35.07
1.489	17.41	35.07
1.489	17.41	35.07
1.489	17.41	35.07
1.489	17.41	35.07
1.489	17.41	35.07
1.489	17.41	35.07
1.489	17.41	35.07
1.489	17.41	35.07
1.488	17.42	35.07
1.488	17.42	35.07
1.488	17.42	35.07
1.488	17.43	35.07
1.488	17.43	35.07
1.487	17.43	35.07
1.487	17.44	35.07
1.487	17.44	35.07
1.486	17.44	35.07
1.486	17.44	35.07
1.486	17.45	35.07
1.486	17.45	35.07
1.486	17.45	35.07
1.485	17.46	35.07
1.485	17.46	35.07
1.485	17.47	35.07
1.485	17.48	35.07
1.484	17.48	35.07
1.484	17.48	35.07
1.483	17.49	35.07
1.483	17.49	35.07
1.483	17.50	35.07
1.482	17.50	35.07
1.482	17.51	35.07
1.482	17.52	35.07
1.482	17.52	35.07
1.481	17.53	35.07
1.481	17.54	35.07
1.480	17.53	35.07
1.480	17.54	35.07
1.480	17.55	35.07
1.479	17.55	35.07
1.479	17.56	35.07
1.479	17.56	35.07
1.478	17.57	35.07
1.478	17.58	35.07
1.477	17.59	35.07
1.477	17.60	35.07
1.476	17.60	35.07
1.476	17.60	35.07
1.475	17.62	35.07
1.474	17.62	35.07
1.474	17.63	35.07
1.473	17.63	35.07
1.473	17.63	35.07
1.473	17.63	35.07
1.473	17.64	35.07
1.473	17.64	35.07
1.472	17.64	35.07
1.472	17.65	35.07
1.472	17.66	35.07
1.471	17.66	35.07
1.471	17.66	35.07
1.470	17.66	35.07
1.470	17.67	35.07
1.470	17.68	35.07
1.469	17.69	35.07
1.469	17.69	35.07
1.468	17.69	35.07
1.468	17.69	35.07
1.467	17.69	35.07
1.467	17.70	35.07
1.467	17.70	35.07
1.466	17.70	35.07
1.466	17.71	35.07
1.466	17.71	35.07
1.466	17.71	35.07
1.465	17.71	35.07
1.465	17.71	35.07
1.465	17.72	35.07
1.464	17.72	35.07
1.464	17.72	35.07
1.464	17.72	35.07
1.464	17.73	35.07
1.463	17.73	35.07
1.463	17.74	35.07
1.463	17.74	35.07
1.462	17.74	35.07
1.462	17.73	35.07
1.461	17.75	35.07
1.461	17.74	35.07
1.461	17.76	35.07
1.460	17.77	35.07
1.460	17.75	35.07
1.460	17.78	35.07
1.459	17.79	35.07
1.459	17.79	35.07
1.459	17.80	35.07
1.458	17.79	35.07
1.458	17.80	35.07
1.457	17.81	35.07
1.457	17.82	35.07
1.456	17.83	35.07
1.456	17.83	35.07
1.455	17.83	35.07
1.455	17.84	35.07
1.454	17.85	35.07
1.454	17.86	35.07
1.453	17.87	35.07
1.453	17.89	35.07
1.452	17.90	35.07
1.452	17.92	35.07
1.452	17.93	35.07
1.451	17.95	35.07
1.451	17.97	35.07
1.451	17.98	35.06
1.450	17.98	35.07
1.450	17.99	35.06
1.449	17.99	35.06
1.449	17.99	35.06
1.449	17.99	35.06
1.449	17.99	35.06
1.448	17.99	35.07
1.448	17.99	35.06
1.448	17.99	35.07
1.447	17.99	35.06
1.447	17.99	35.06
1.446	17.99	35.06
1.446	17.99	35.06
1.446	17.99	35.06
1.446	18.00	35.06
1.445	17.99	35.06
1.445	17.99	35.06
1.445	17.99	35.06
1.444	17.99	35.06
1.444	17.99	35.06
1.444	18.00	35.06
1.444	17.99	35.06
1.443	17.99	35.06
1.443	17.99	35.06
1.443	17.99	35.06
1.442	18.00	35.06
1.442	18.00	35.06
1.442	18.00	35.06
1.442	18.01	35.06
1.442	18.01	35.06
1.442	18.00	35.06
1.441	18.00	35.06
1.441	18.01	35.06
1.441	18.01	35.06
1.441	18.01	35.06
1.441	18.02	35.06
1.440	18.04	35.06
1.440	18.08	35.06
1.439	18.09	35.06
1.439	18.10	35.06
1.439	18.10	35.06
1.438	18.10	35.06
1.438	18.11	35.06
1.438	18.13	35.06
1.437	18.14	35.06
1.437	18.16	35.06
1.436	18.16	35.06
1.436	18.15	35.06
1.436	18.07	35.06
1.435	18.03	35.06
1.435	18.02	35.06
1.435	18.04	35.06
1.434	18.05	35.06
1.434	18.01	35.06
1.434	17.99	35.06
1.433	18.11	35.06
1.433	18.13	35.06
1.433	18.14	35.06
1.432	18.16	35.06
1.432	18.18	35.06
1.432	18.20	35.06
1.431	18.22	35.06
1.431	18.23	35.06
1.431	18.22	35.06
1.431	18.22	35.06
1.430	18.23	35.06
1.430	18.23	35.06
1.430	18.24	35.06
1.430	18.24	35.06
1.429	18.24	35.06
1.429	18.25	35.06
1.429	18.26	35.06
1.429	18.27	35.06
1.429	18.27	35.06
1.428	18.27	35.06
1.428	18.26	35.06
1.428	18.26	35.06
1.428	18.26	35.06
1.427	18.27	35.06
1.427	18.27	35.06
1.427	18.27	35.06
1.427	18.27	35.06
1.427	18.28	35.06
1.426	18.28	35.06
1.426	18.28	35.06
1.426	18.26	35.06
1.426	18.25	35.06
1.426	18.22	35.06
1.425	18.27	35.06
1.425	18.29	35.06
1.425	18.28	35.06
1.425	18.28	35.06
1.424	18.28	35.06
1.424	18.29	35.06
1.424	18.29	35.06
1.423	18.30	35.06
1.423	18.31	35.06
1.423	18.31	35.06
1.423	18.32	35.06
1.423	18.31	35.06
1.423	18.31	35.06
1.423	18.31	35.06
1.422	18.31	35.06
1.422	18.30	35.06
1.422	18.30	35.06
1.422	18.33	35.06
1.421	18.34	35.06
1.421	18.34	35.06
1.421	18.35	35.06
1.420	18.35	35.06
1.420	18.36	35.06
1.419	18.38	35.06
1.419	18.38	35.06
1.419	18.38	35.06
1.418	18.39	35.06
1.418	18.39	35.06
1.417	18.39	35.06
1.417	18.39	35.06
1.417	18.40	35.06
1.417	18.40	35.06
1.417	18.40	35.06
1.416	18.41	35.06
1.416	18.42	35.06
1.416	18.42	35.06
1.416	18.42	35.06
1.415	18.41	35.06
1.415	18.43	35.06
1.414	18.43	35.06
1.414	18.44	35.06
1.414	18.43	35.06
1.413	18.44	35.06
1.413	18.45	35.06
1.413	18.44	35.06
1.412	18.44	35.06
1.412	18.44	35.06
1.412	18.44	35.06
1.411	18.44	35.06
1.411	18.44	35.06
1.411	18.44	35.06
1.410	18.44	35.06
1.410	18.44	35.06
1.410	18.45	35.06
1.409	18.45	35.06
1.409	18.44	35.06
1.409	18.43	35.06
1.408	18.42	35.06
1.408	18.41	35.06
1.408	18.42	35.06
1.408	18.45	35.06
1.407	18.46	35.06
1.407	18.47	35.06
1.406	18.49	35.06
1.406	18.50	35.06
1.405	18.49	35.06
1.405	18.51	35.06
1.404	18.52	35.06
1.404	18.52	35.06
1.404	18.52	35.06
1.403	18.54	35.06
1.403	18.54	35.06
1.402	18.54	35.06
1.402	18.56	35.06
1.401	18.58	35.06
1.401	18.50	35.06
1.401	18.49	35.06
1.400	18.52	35.06
1.400	18.49	35.06
1.399	18.51	35.06
1.399	18.56	35.06
1.398	18.55	35.06
1.398	18.60	35.06
1.397	18.62	35.06
1.397	18.60	35.06
1.397	18.60	35.06
1.397	18.60	35.06
1.396	18.60	35.06
1.396	18.60	35.06
1.396	18.60	35.06
1.396	18.58	35.06
1.395	18.58	35.06
1.395	18.60	35.06
1.395	18.62	35.06
1.395	18.62	35.06
1.394	18.61	35.06
1.394	18.59	35.06
1.394	18.52	35.06
1.394	18.51	35.06
1.394	18.55	35.06
1.393	18.64	35.06
1.393	18.65	35.06
1.393	18.67	35.06
1.392	18.68	35.06
1.392	18.68	35.06
1.392	18.67	35.06
1.392	18.68	35.06
1.391	18.68	35.06
1.391	18.70	35.06
1.390	18.70	35.06
1.390	18.69	35.06
1.389	18.69	35.06
1.389	18.71	35.06
1.389	18.69	35.06
1.388	18.69	35.06
1.388	18.70	35.06
1.388	18.71	35.06
1.387	18.74	35.06
1.387	18.75	35.06
1.387	18.77	35.06
1.386	18.77	35.06
1.386	18.77	35.06
1.385	18.78	35.06
1.385	18.82	35.06
1.385	18.81	35.06
1.384	18.81	35.06
1.384	18.81	35.06
1.383	18.83	35.06
1.383	18.82	35.06
1.383	18.82	35.06
1.382	18.84	35.06
1.382	18.86	35.06
1.382	18.87	35.06
1.381	18.86	35.06
1.381	18.87	35.06
1.380	18.88	35.06
1.380	18.87	35.06
1.380	18.85	35.06
1.379	18.85	35.06
1.379	18.84	35.06
1.379	18.82	35.06
1.378	18.83	35.06
1.378	18.80	35.06
1.378	18.79	35.06
1.377	18.78	35.06
1.377	18.83	35.06
1.377	18.85	35.06
1.376	18.84	35.06
1.376	18.83	35.06
1.376	18.81	35.06
1.376	18.81	35.06
1.375	18.80	35.06
1.375	18.81	35.06
1.374	18.85	35.06
1.374	18.85	35.06
1.373	18.84	35.06
1.373	18.78	35.06
1.373	18.86	35.06
1.372	18.82	35.06
1.372	18.88	35.06
1.372	18.91	35.06
1.371	18.92	35.06
1.371	18.97	35.06
1.370	19.01	35.06
1.370	19.01	35.06
1.370	18.98	35.06
1.369	18.99	35.06
1.369	19.00	35.06
1.369	18.99	35.06
1.368	18.99	35.06
1.368	18.98	35.06
1.367	18.94	35.06
1.367	18.88	35.06
1.366	18.92	35.06
1.366	18.92	35.06
1.365	18.95	35.06
1.365	18.93	35.06
1.364	18.96	35.06
1.364	18.97	35.06
1.363	18.95	35.06
1.363	18.93	35.06
1.363	18.96	35.06
1.362	18.94	35.06
1.362	18.94	35.06
1.361	18.93	35.06
1.361	18.99	35.06
1.361	19.01	35.06
1.361	18.90	35.06
1.360	19.01	35.06
1.360	19.06	35.06
1.360	19.09	35.06
1.359	19.07	35.06
1.359	19.08	35.06
1.358	19.09	35.06
1.358	19.09	35.06
1.358	19.09	35.06
1.357	19.08	35.06
1.357	18.78	35.06
1.357	17.97	35.06
1.357	18.72	35.06
1.356	18.86	35.06
1.356	18.94	35.06
1.356	19.02	35.06
1.356	18.98	35.06
1.355	19.13	35.06
1.355	19.10	35.06
1.354	19.15	35.06
1.354	19.20	35.06
1.354	19.23	35.06
1.353	19.24	35.06
1.353	19.23	35.06
1.353	19.23	35.06
1.353	19.24	35.06
1.352	19.25	35.06
1.352	19.29	35.06
1.352	19.30	35.06
1.351	19.31	35.06
1.351	19.30	35.05
1.351	19.30	35.06
1.351	19.32	35.06
1.350	19.31	35.05
1.350	19.31	35.05
1.350	19.29	35.05
1.350	19.30	35.05
1.350	19.32	35.06
1.350	19.33	35.05
1.350	19.34	35.05
1.349	19.35	35.05
1.349	19.34	35.05
1.349	19.36	35.06
1.348	19.35	35.05
1.348	19.34	35.05
1.348	19.34	35.05
1.347	19.34	35.05
1.347	19.33	35.05
1.347	19.33	35.05
1.346	19.29	35.05
1.346	19.26	35.05
1.345	19.28	35.05
1.345	19.28	35.05
1.345	19.31	35.05
1.344	19.33	35.05
1.344	19.18	35.05
1.343	19.27	35.05
1.343	19.33	35.05
1.342	19.35	35.05
1.342	19.38	35.05
1.342	19.40	35.05
1.342	19.37	35.05
1.341	19.39	35.05
1.341	19.38	35.05
1.341	19.38	35.05
1.341	19.39	35.05
1.341	19.42	35.05
1.340	19.41	35.05
1.339	19.43	35.05
1.339	19.45	35.05
1.339	19.46	35.05
1.338	19.48	35.05
1.338	19.48	35.05
1.337	19.38	35.05
1.337	19.35	35.05
1.336	19.35	35.05
1.336	19.31	35.05
1.335	19.24	35.05
1.335	19.30	35.05
1.335	19.38	35.05
1.334	19.43	35.05
1.334	19.44	35.05
1.334	19.47	35.05
1.333	19.51	35.05
1.333	19.53	35.05
1.332	19.55	35.05
1.332	19.56	35.05
1.332	19.57	35.05
1.331	19.57	35.05
1.331	19.57	35.05
1.331	19.59	35.05
1.330	19.60	35.05
1.330	19.59	35.05
1.330	19.57	35.05
1.329	19.59	35.05
1.329	19.60	35.05
1.329	19.60	35.05
1.328	19.61	35.05
1.328	19.59	35.05
1.328	19.60	35.05
1.327	19.58	35.05
1.327	19.61	35.05
1.326	19.62	35.05
1.326	19.64	35.05
1.326	19.64	35.05
1.326	19.66	35.05
1.325	19.70	35.05
1.325	19.71	35.05
1.324	19.72	35.05
1.323	19.74	35.05
1.323	19.74	35.05
1.322	19.75	35.05
1.322	19.80	35.05
1.322	19.78	35.05
1.321	19.79	35.05
1.321	19.80	35.05
1.320	19.80	35.05
1.320	19.80	35.05
1.320	19.81	35.05
1.320	19.82	35.05
1.319	19.83	35.05
1.319	19.84	35.05
1.319	19.85	35.05
1.318	19.83	35.05
1.318	19.84	35.05
1.317	19.80	35.05
1.317	19.80	35.05
1.317	19.81	35.05
1.316	19.78	35.05
1.316	19.76	35.05
1.315	19.75	35.05
1.315	19.78	35.05
1.314	19.79	35.05
1.314	19.76	35.05
1.313	19.77	35.05
1.313	19.78	35.05
1.313	19.81	35.05
1.313	19.85	35.05
1.313	19.87	35.05
1.312	19.86	35.05
1.312	19.80	35.05
1.312	19.77	35.05
1.311	19.76	35.05
1.311	19.78	35.05
1.311	19.84	35.05
1.311	19.88	35.05
1.311	19.88	35.05
1.310	19.88	35.05
1.310	19.86	35.05
1.310	19.86	35.05
1.310	19.90	35.05
1.309	19.90	35.05
1.309	19.91	35.05
1.309	19.92	35.05
1.309	19.92	35.05
1.308	19.96	35.05
1.308	19.96	35.05
1.308	19.98	35.05
1.308	19.97	35.05
1.308	19.94	35.05
1.307	19.94	35.05
1.307	19.93	35.05
1.307	19.85	35.05
1.307	19.85	35.05
1.307	19.90	35.05
1.306	19.96	35.05
1.306	19.97	35.05
1.306	19.97	35.05
1.306	19.97	35.05
1.306	19.94	35.05
1.306	19.94	35.05
1.305	19.95	35.05
1.305	19.93	35.05
1.305	19.94	35.05
1.304	19.94	35.05
1.304	19.98	35.05
1.304	19.99	35.05
1.304	19.99	35.05
1.303	19.98	35.05
1.303	20.00	35.05
1.303	20.02	35.05
1.303	19.97	35.05
1.303	20.03	35.05
1.302	20.04	35.05
1.302	20.05	35.05
1.302	20.06	35.05
1.301	20.00	35.05
1.301	19.98	35.05
1.301	19.97	35.05
1.300	20.01	35.05
1.300	20.04	35.05
1.300	19.97	35.05
1.300	19.78	35.05
1.299	19.96	35.05
1.299	19.94	35.05
1.299	20.03	35.05
1.298	20.12	35.05
1.298	20.12	35.05
1.298	20.12	35.05
1.298	20.12	35.05
1.297	20.12	35.05
1.297	20.12	35.05
1.297	20.12	35.05
1.297	20.12	35.05
1.297	20.13	35.05
1.296	20.10	35.05
1.296	20.09	35.05
1.295	20.09	35.05
1.295	20.08	35.05
1.294	20.05	35.05
1.294	20.03	35.05
1.294	20.09	35.05
1.293	20.12	35.05
1.293	20.14	35.05
1.292	20.18	35.05
1.292	20.24	35.05
1.291	20.24	35.05
1.291	20.26	35.05
1.291	20.28	35.05
1.291	20.26	35.05
1.290	20.29	35.05
1.290	20.30	35.05
1.289	20.29	35.05
1.289	20.30	35.05
1.288	20.33	35.05
1.288	20.31	35.05
1.288	20.29	35.05
1.288	20.30	35.05
1.287	20.30	35.05
1.287	20.32	35.05
1.287	20.29	35.05
1.286	20.28	35.05
1.286	20.26	35.05
1.286	20.27	35.05
1.285	20.28	35.05
1.285	20.25	35.05
1.285	20.24	35.05
1.284	20.27	35.05
1.284	20.31	35.05
1.283	20.27	35.05
1.283	20.32	35.05
1.282	20.33	35.05
1.282	20.32	35.05
1.281	20.35	35.05
1.281	20.41	35.05
1.281	20.39	35.05
1.280	20.42	35.05
1.280	20.41	35.05
1.279	20.42	35.05
1.279	20.45	35.05
1.279	20.46	35.05
1.278	20.46	35.05
1.278	20.47	35.05
1.278	20.47	35.05
1.278	20.44	35.05
1.277	20.40	35.05
1.277	20.41	35.05
1.276	20.43	35.05
1.276	20.42	35.05
1.276	20.43	35.05
1.276	20.44	35.05
1.276	20.44	35.05
1.276	20.45	35.05
1.275	20.46	35.05
1.276	20.46	35.05
1.275	20.47	35.05
1.276	20.47	35.05
1.275	20.47	35.05
1.276	20.47	35.05
1.276	20.47	35.05
1.276	20.47	35.05
1.276	20.47	35.05
1.276	20.47	35.05
1.276	20.46	35.05
1.276	20.47	35.05
1.276	20.47	35.05
1.276	20.48	35.05
1.276	20.48	35.05
1.276	20.49	35.05
1.276	20.49	35.05
1.276	20.49	35.05
1.276	20.49	35.05
1.276	20.50	35.05
1.276	20.50	35.05
