1.328	20.50	45.14
1.328	20.50	45.14
1.328	20.51	45.14
1.328	20.49	45.14
1.328	20.47	45.14
1.328	20.43	45.14
1.328	20.39	45.14
1.328	20.44	45.14
1.328	20.42	45.14
1.328	20.48	45.14
1.329	20.46	45.14
1.329	20.46	45.14
1.330	20.41	45.14
1.330	20.36	45.14
1.331	20.38	45.13
1.331	20.42	45.13
1.331	20.41	45.13
1.332	20.38	45.13
1.332	20.36	45.13
1.332	20.34	45.13
1.332	20.33	45.13
1.332	20.33	45.13
1.333	20.34	45.13
1.333	20.36	45.13
1.333	20.35	45.13
1.333	20.28	45.13
1.333	20.26	45.13
1.333	20.28	45.13
1.333	20.29	45.13
1.334	20.30	45.13
1.334	20.30	45.13
1.334	20.29	45.13
1.334	20.29	45.13
1.334	20.28	45.13
1.334	20.28	45.13
1.334	20.30	45.13
1.335	20.30	45.13
1.335	20.31	45.13
1.335	20.31	45.13
1.335	20.32	45.13
1.336	20.30	45.13
1.336	20.30	45.13
1.336	20.30	45.13
1.336	20.32	45.13
1.337	20.30	45.13
1.337	20.28	45.13
1.337	20.24	45.13
1.338	20.24	45.13
1.338	20.21	45.13
1.339	20.19	45.13
1.339	20.18	45.13
1.340	20.15	45.13
1.340	20.09	45.13
1.340	20.11	45.13
1.341	20.12	45.13
1.341	20.11	45.13
1.341	20.06	45.13
1.342	20.07	45.13
1.342	20.09	45.13
1.343	20.14	45.13
1.343	20.14	45.13
1.343	20.14	45.13
1.343	20.16	45.13
1.343	20.14	45.13
1.343	20.10	45.13
1.343	20.12	45.13
1.344	20.10	45.13
1.344	20.09	45.13
1.345	20.09	45.13
1.345	20.09	45.13
1.345	20.09	45.13
1.345	20.09	45.13
1.346	20.09	45.13
1.346	20.09	45.13
1.346	19.99	45.13
1.347	19.48	45.13
1.347	19.89	45.13
1.348	19.93	45.13
1.348	19.83	45.13
1.349	19.76	45.13
1.349	19.92	45.13
1.349	19.99	45.13
1.349	20.01	45.13
1.350	20.03	45.13
1.350	20.05	45.13
1.350	20.04	45.13
1.350	20.02	45.13
1.351	20.00	45.13
1.351	19.99	45.13
1.351	19.99	45.13
1.352	19.95	45.13
1.352	19.96	45.13
1.352	19.98	45.13
1.352	20.00	45.13
1.353	20.00	45.13
1.353	19.99	45.13
1.353	20.02	45.13
1.353	20.04	45.13
1.354	20.06	45.13
1.354	20.06	45.13
1.354	20.05	45.13
1.355	20.03	45.13
1.355	20.03	45.13
1.355	20.02	45.13
1.355	20.03	45.13
1.355	20.03	45.13
1.355	20.02	45.13
1.355	20.01	45.13
1.356	19.99	45.13
1.356	19.97	45.13
1.356	19.96	45.13
1.356	19.93	45.13
1.357	19.92	45.13
1.357	19.87	45.13
1.358	19.84	45.13
1.359	19.86	45.13
1.360	19.83	45.13
1.361	19.82	45.13
1.361	19.83	45.13
1.362	19.83	45.13
1.362	19.84	45.13
1.362	19.85	45.13
1.362	19.83	45.13
1.363	19.78	45.13
1.363	19.75	45.13
1.363	19.76	45.13
1.364	19.74	45.13
1.364	19.78	45.13
1.364	19.82	45.13
1.365	19.82	45.13
1.365	19.81	45.13
1.365	19.81	45.13
1.366	19.82	45.13
1.366	19.81	45.13
1.367	19.81	45.13
1.367	19.83	45.13
1.367	19.85	45.13
1.367	19.85	45.13
1.368	19.84	45.13
1.368	19.80	45.13
1.368	19.81	45.13
1.369	19.81	45.13
1.369	19.80	45.13
1.370	19.81	45.13
1.370	19.80	45.13
1.370	19.81	45.13
1.370	19.81	45.13
1.370	19.82	45.13
1.370	19.81	45.12
1.370	19.80	45.12
1.370	19.81	45.12
1.371	19.77	45.12
1.371	19.77	45.12
1.371	19.78	45.12
1.371	19.75	45.12
1.372	19.72	45.12
1.372	19.71	45.12
1.373	19.71	45.12
1.373	19.70	45.12
1.373	19.66	45.12
1.374	19.65	45.12
1.374	19.64	45.12
1.374	19.63	45.12
1.375	19.62	45.12
1.375	19.62	45.12
1.375	19.62	45.12
1.376	19.60	45.12
1.376	19.60	45.12
1.376	19.59	45.12
1.377	19.53	45.12
1.377	19.56	45.12
1.377	19.58	45.12
1.378	19.57	45.12
1.378	19.59	45.12
1.378	19.60	45.12
1.378	19.60	45.12
1.379	19.57	45.12
1.379	19.54	45.12
1.379	19.57	45.12
1.380	19.56	45.12
1.380	19.55	45.12
1.380	19.55	45.12
1.380	19.55	45.12
1.381	19.57	45.12
1.381	19.55	45.12
1.381	19.55	45.12
1.381	19.54	45.12
1.381	19.54	45.12
1.381	19.53	45.12
1.382	19.53	45.12
1.382	19.52	45.12
1.382	19.50	45.12
1.383	19.53	45.12
1.383	19.53	45.12
1.383	19.52	45.12
1.383	19.50	45.12
1.384	19.51	45.12
1.384	19.51	45.12
1.384	19.51	45.12
1.384	19.53	45.12
1.384	19.53	45.12
1.385	19.51	45.12
1.385	19.50	45.12
1.385	19.48	45.12
1.386	19.50	45.12
1.386	19.50	45.12
1.386	19.50	45.12
1.387	19.46	45.12
1.387	19.45	45.12
1.388	19.46	45.12
1.388	19.46	45.12
1.389	19.46	45.12
1.389	19.45	45.12
1.390	19.45	45.12
1.390	19.43	45.12
1.390	19.40	45.12
1.391	19.37	45.12
1.391	19.35	45.12
1.392	19.35	45.12
1.392	19.34	45.12
1.393	19.37	45.12
1.393	19.35	45.12
1.393	19.32	45.12
1.394	19.31	45.12
1.394	19.31	45.12
1.394	19.29	45.12
1.395	19.31	45.12
1.395	19.34	45.12
1.396	19.34	45.12
1.396	19.35	45.12
1.396	19.36	45.12
1.396	19.36	45.12
1.396	19.36	45.12
1.396	19.36	45.12
1.396	19.35	45.12
1.396	19.35	45.12
1.396	19.36	45.12
1.396	19.36	45.12
1.396	19.36	45.12
1.396	19.36	45.12
1.397	19.36	45.12
1.397	19.35	45.12
1.397	19.36	45.12
1.398	19.36	45.12
1.398	19.35	45.12
1.398	19.34	45.12
1.398	19.24	45.12
1.398	19.29	45.12
1.399	19.34	45.12
1.399	19.35	45.12
1.399	19.33	45.12
1.400	19.33	45.12
1.400	19.32	45.12
1.400	19.32	45.12
1.401	19.32	45.12
1.401	19.30	45.12
1.401	19.29	45.12
1.401	19.27	45.12
1.402	19.25	45.12
1.402	19.24	45.12
1.402	19.24	45.12
1.402	19.24	45.12
1.403	19.24	45.12
1.403	19.24	45.12
1.403	19.24	45.12
1.403	19.24	45.12
1.404	19.23	45.12
1.404	19.19	45.12
1.404	19.15	45.12
1.404	19.16	45.12
1.405	19.16	45.12
1.405	19.17	45.12
1.405	19.13	45.12
1.405	19.14	45.12
1.405	19.10	45.12
1.405	19.06	45.12
1.405	19.12	45.12
1.406	19.10	45.12
1.406	19.11	45.12
1.406	19.03	45.12
1.406	19.02	45.12
1.406	19.00	45.12
1.406	18.95	45.12
1.407	18.34	45.11
1.407	18.28	45.11
1.407	18.08	45.12
1.407	18.66	45.11
1.407	18.36	45.12
1.407	18.58	45.11
1.408	18.74	45.11
1.408	18.80	45.11
1.408	18.83	45.11
1.408	18.92	45.11
1.408	18.92	45.11
1.408	18.98	45.11
1.408	19.01	45.11
1.408	19.04	45.11
1.408	19.05	45.11
1.408	19.03	45.11
1.408	19.01	45.11
1.409	18.97	45.11
1.409	18.99	45.11
1.409	19.03	45.11
1.409	19.02	45.11
1.409	19.05	45.11
1.410	19.05	45.11
1.410	19.05	45.11
1.410	19.05	45.11
1.410	19.05	45.11
1.410	19.05	45.11
1.410	19.05	45.11
1.411	19.04	45.11
1.411	18.97	45.11
1.411	18.76	45.11
1.411	18.67	45.11
1.411	18.63	45.11
1.412	18.94	45.11
1.412	19.02	45.11
1.412	19.03	45.11
1.412	19.00	45.11
1.413	19.03	45.11
1.413	19.02	45.11
1.413	19.01	45.11
1.413	19.01	45.11
1.413	19.02	45.11
1.414	18.99	45.11
1.414	19.02	45.11
1.414	19.03	45.11
1.414	19.03	45.11
1.414	19.04	45.11
1.414	19.00	45.11
1.414	19.01	45.11
1.414	18.99	45.11
1.414	19.00	45.11
1.414	18.98	45.11
1.414	18.96	45.11
1.415	18.96	45.11
1.415	18.99	45.11
1.415	19.01	45.11
1.415	19.02	45.11
1.415	19.00	45.11
1.416	18.99	45.11
1.416	18.99	45.11
1.416	19.00	45.11
1.416	18.99	45.11
1.417	18.99	45.11
1.417	19.00	45.11
1.417	19.02	45.11
1.417	19.02	45.11
1.417	19.01	45.11
1.417	19.02	45.11
1.418	18.98	45.11
1.418	18.97	45.11
1.418	18.98	45.11
1.418	18.99	45.10
1.418	18.99	45.10
1.418	18.99	45.10
1.419	18.99	45.10
1.419	18.99	45.10
1.419	19.00	45.10
1.419	19.01	45.10
1.420	19.03	45.10
1.420	19.00	45.10
1.420	18.96	45.10
1.420	18.93	45.10
1.421	18.93	45.10
1.421	18.94	45.10
1.421	18.94	45.10
1.422	18.95	45.10
1.422	18.92	45.10
1.423	18.92	45.10
1.423	18.92	45.10
1.423	18.87	45.10
1.424	18.86	45.10
1.424	18.88	45.10
1.424	18.87	45.10
1.425	18.83	45.10
1.425	18.83	45.10
1.426	18.86	45.10
1.426	18.87	45.10
1.426	18.85	45.10
1.426	18.86	45.10
1.427	18.86	45.10
1.427	18.85	45.10
1.427	18.56	45.10
1.427	18.75	45.10
1.428	18.82	45.10
1.428	18.85	45.10
1.428	18.86	45.10
1.428	18.86	45.10
1.429	18.87	45.10
1.429	18.87	45.10
1.429	18.87	45.10
1.429	18.88	45.10
1.429	18.88	45.10
1.429	18.89	45.10
1.429	18.87	45.10
1.430	18.87	45.10
1.430	18.86	45.10
1.430	18.87	45.10
1.430	18.86	45.10
1.431	18.86	45.10
1.431	18.86	45.10
1.431	18.86	45.10
1.431	18.86	45.10
1.431	18.85	45.10
1.432	18.85	45.10
1.432	18.87	45.10
1.432	18.87	45.10
1.432	18.88	45.10
1.432	18.88	45.10
1.432	18.88	45.10
1.433	18.88	45.10
1.433	18.88	45.10
1.433	18.88	45.10
1.433	18.86	45.10
1.433	18.85	45.10
1.433	18.83	45.10
1.434	18.83	45.10
1.434	18.83	45.10
1.434	18.82	45.10
1.434	18.82	45.10
1.434	18.82	45.10
1.435	18.81	45.10
1.435	18.80	45.10
1.435	18.79	45.10
1.435	18.79	45.10
1.435	18.79	45.10
1.435	18.80	45.10
1.436	18.79	45.10
1.436	18.80	45.10
1.436	18.80	45.10
1.436	18.77	45.10
1.436	18.75	45.10
1.437	18.74	45.10
1.437	18.73	45.10
1.438	18.73	45.10
1.438	18.73	45.10
1.438	18.72	45.10
1.439	18.71	45.10
1.439	18.71	45.10
1.439	18.71	45.10
1.439	18.70	45.10
1.440	18.71	45.10
1.440	18.70	45.10
1.440	18.69	45.10
1.440	18.66	45.10
1.440	18.64	45.10
1.440	18.64	45.10
1.441	18.64	45.10
1.441	18.65	45.10
1.441	18.66	45.10
1.441	18.65	45.10
1.442	18.67	45.10
1.442	18.67	45.10
1.442	18.66	45.10
1.442	18.65	45.10
1.443	18.64	45.10
1.443	18.64	45.10
1.443	18.62	45.10
1.443	18.61	45.10
1.444	18.45	45.10
1.444	18.48	45.10
1.445	18.48	45.10
1.445	18.48	45.10
1.445	18.58	45.10
1.446	18.61	45.10
1.446	18.62	45.10
1.446	18.62	45.10
1.446	18.56	45.10
1.446	18.60	45.10
1.446	18.61	45.10
1.446	18.61	45.10
1.446	18.60	45.10
1.446	18.58	45.10
1.447	18.57	45.10
1.447	18.57	45.10
1.447	18.56	45.10
1.447	18.61	45.10
1.448	18.58	45.10
1.448	18.56	45.10
1.448	18.59	45.10
1.449	18.59	45.10
1.449	18.61	45.10
1.449	18.60	45.10
1.449	18.59	45.10
1.449	18.58	45.10
1.449	18.54	45.10
1.450	18.54	45.10
1.450	18.55	45.10
1.450	18.53	45.09
1.451	18.52	45.09
1.451	18.49	45.09
1.451	18.50	45.09
1.451	18.54	45.09
1.451	18.54	45.09
1.451	18.55	45.09
1.452	18.54	45.09
1.452	18.54	45.09
1.452	18.56	45.09
1.452	18.58	45.09
1.452	18.59	45.09
1.452	18.60	45.09
1.452	18.60	45.09
1.452	18.59	45.09
1.452	18.58	45.09
1.452	18.57	45.09
1.452	18.59	45.09
1.452	18.60	45.09
1.452	18.60	45.09
1.452	18.60	45.09
1.452	18.59	45.09
1.452	18.60	45.09
1.452	18.59	45.09
1.452	18.60	45.09
1.452	18.60	45.09
1.452	18.60	45.09
1.452	18.60	45.09
1.452	18.58	45.09
1.453	18.57	45.09
1.453	18.55	45.09
1.453	18.56	45.09
1.453	18.56	45.09
1.453	18.56	45.09
1.453	18.57	45.09
1.453	18.57	45.09
1.453	18.57	45.09
1.453	18.56	45.09
1.453	18.57	45.09
1.453	18.57	45.09
1.453	18.57	45.09
1.453	18.58	45.09
1.453	18.56	45.09
1.453	18.57	45.09
1.453	18.57	45.09
1.453	18.58	45.09
1.453	18.58	45.09
1.453	18.58	45.09
1.453	18.58	45.09
1.453	18.58	45.09
1.453	18.58	45.09
1.453	18.58	45.09
1.453	18.58	45.09
1.453	18.59	45.09
1.453	18.59	45.09
1.453	18.59	45.09
1.453	18.59	45.09
1.453	18.58	45.09
1.453	18.58	45.09
1.453	18.59	45.09
1.453	18.58	45.09
1.453	18.59	45.09
1.453	18.59	45.09
1.453	18.59	45.09
1.453	18.59	45.09
1.453	18.59	45.09
1.453	18.59	45.09
1.453	18.59	45.09
1.453	18.58	45.09
1.453	18.59	45.09
1.453	18.59	45.09
1.453	18.59	45.09
1.453	18.59	45.09
1.453	18.59	45.09
1.453	18.59	45.09
1.453	18.59	45.09
1.453	18.59	45.09
1.453	18.59	45.09
1.453	18.58	45.09
1.453	18.57	45.09
1.453	18.56	45.09
1.453	18.55	45.09
1.453	18.55	45.09
1.454	18.54	45.09
1.454	18.53	45.09
1.455	18.53	45.09
1.455	18.53	45.09
1.455	18.52	45.09
1.455	18.52	45.09
1.455	18.50	45.09
1.456	18.50	45.09
1.456	18.50	45.09
1.456	18.49	45.09
1.456	18.47	45.09
1.457	18.44	45.09
1.458	18.45	45.09
1.458	18.43	45.09
1.459	18.44	45.09
1.460	18.44	45.09
1.460	18.45	45.09
1.460	18.46	45.09
1.461	18.46	45.09
1.461	18.45	45.09
1.461	18.44	45.09
1.462	18.45	45.09
1.462	18.44	45.09
1.462	18.44	45.09
1.462	18.45	45.09
1.463	18.45	45.09
1.463	18.45	45.09
1.463	18.46	45.09
1.464	18.46	45.09
1.464	18.45	45.09
1.464	18.42	45.09
1.465	18.40	45.09
1.465	18.39	45.09
1.466	18.42	45.09
1.466	18.43	45.09
1.467	18.42	45.09
1.467	18.41	45.09
1.467	18.41	45.09
1.468	18.40	45.09
1.468	18.40	45.09
1.468	18.41	45.09
1.469	18.40	45.09
1.469	18.41	45.09
1.469	18.41	45.09
1.469	18.41	45.09
1.469	18.41	45.09
1.469	18.40	45.09
1.469	18.40	45.09
1.469	18.40	45.09
1.469	18.40	45.09
1.469	18.40	45.09
1.470	18.39	45.09
1.470	18.39	45.09
1.470	18.39	45.09
1.470	18.39	45.09
1.470	18.39	45.09
1.470	18.39	45.09
1.470	18.39	45.09
1.470	18.39	45.09
1.470	18.37	45.09
1.470	18.37	45.09
1.470	18.37	45.09
1.471	18.37	45.09
1.471	18.37	45.09
1.471	18.37	45.09
1.471	18.36	45.09
1.471	18.35	45.09
1.471	18.34	45.09
1.472	18.33	45.09
1.472	18.34	45.09
1.472	18.33	45.09
1.472	18.32	45.09
1.472	18.31	45.08
1.473	18.30	45.08
1.473	18.31	45.08
1.473	18.30	45.08
1.473	18.31	45.09
1.473	18.31	45.08
1.473	18.30	45.08
1.473	18.30	45.08
1.473	18.30	45.08
1.473	18.31	45.08
1.473	18.32	45.08
1.473	18.30	45.08
1.473	18.29	45.08
1.473	18.29	45.08
1.474	18.27	45.08
1.474	18.19	45.08
1.474	18.18	45.08
1.474	18.22	45.08
1.474	18.21	45.08
1.475	18.22	45.08
1.475	18.26	45.08
1.475	18.27	45.08
1.476	18.28	45.08
1.476	18.29	45.08
1.476	18.29	45.08
1.476	18.30	45.08
1.476	18.30	45.08
1.476	18.30	45.08
1.476	18.30	45.08
1.476	18.30	45.08
1.476	18.30	45.08
1.476	18.29	45.08
1.476	18.29	45.08
1.476	18.29	45.08
1.476	18.28	45.08
1.476	18.29	45.08
1.476	18.28	45.08
1.477	18.27	45.08
1.477	18.16	45.08
1.477	18.13	45.08
1.477	18.20	45.08
1.477	18.21	45.08
1.478	18.26	45.08
1.478	18.25	45.08
1.478	18.25	45.08
1.479	18.23	45.08
1.479	18.25	45.08
1.480	18.24	45.08
1.480	18.25	45.08
1.480	18.24	45.08
1.481	18.24	45.08
1.481	18.24	45.08
1.481	18.23	45.08
1.481	18.20	45.08
1.482	18.20	45.08
1.482	18.21	45.08
1.482	18.21	45.08
1.482	18.20	45.08
1.483	18.19	45.08
1.483	18.18	45.08
1.483	18.17	45.08
1.483	18.16	45.08
1.484	18.12	45.08
1.484	18.09	45.08
1.484	18.07	45.08
1.485	18.16	45.08
1.485	18.18	45.08
1.485	18.20	45.08
1.486	18.21	45.08
1.486	18.20	45.08
1.486	18.18	45.08
1.487	18.16	45.08
1.487	18.17	45.08
1.488	18.16	45.08
1.488	18.16	45.08
1.488	18.15	45.08
1.488	18.13	45.08
1.489	18.13	45.08
1.489	18.13	45.08
1.489	18.13	45.08
1.490	18.13	45.08
1.490	18.12	45.08
1.490	18.11	45.08
1.490	18.11	45.08
1.491	18.09	45.08
1.491	18.09	45.08
1.491	18.07	45.08
1.491	18.04	45.08
1.492	18.01	45.08
1.492	18.02	45.08
1.492	18.01	45.08
1.493	18.01	45.08
1.493	18.01	45.08
1.494	17.99	45.07
1.494	17.99	45.07
1.495	18.00	45.08
1.495	18.00	45.07
1.496	17.99	45.07
1.496	18.00	45.07
1.497	18.00	45.07
1.497	18.00	45.07
1.498	17.99	45.07
1.498	17.99	45.07
1.498	17.99	45.07
1.499	17.99	45.07
1.499	18.00	45.07
1.499	17.99	45.07
1.500	17.99	45.07
1.500	17.99	45.07
1.500	17.98	45.07
1.501	17.97	45.07
1.501	17.95	45.07
1.502	17.93	45.07
1.502	17.92	45.07
1.502	17.93	45.07
1.503	17.94	45.07
1.504	17.90	45.07
1.504	17.90	45.07
1.504	17.88	45.07
1.505	17.86	45.07
1.505	17.85	45.07
1.505	17.85	45.07
1.506	17.84	45.07
1.506	17.84	45.07
1.506	17.84	45.07
1.507	17.83	45.07
1.507	17.82	45.07
1.508	17.81	45.07
1.508	17.80	45.07
1.508	17.80	45.07
1.509	17.79	45.07
1.509	17.80	45.07
1.510	17.80	45.07
1.510	17.79	45.07
1.511	17.79	45.07
1.511	17.79	45.07
1.511	17.78	45.07
1.511	17.78	45.07
1.512	17.77	45.07
1.512	17.77	45.07
1.512	17.76	45.07
1.513	17.76	45.07
1.513	17.75	45.07
1.514	17.74	45.07
1.514	17.73	45.07
1.515	17.73	45.07
1.515	17.73	45.07
1.515	17.73	45.07
1.516	17.73	45.07
1.516	17.73	45.07
1.516	17.73	45.07
1.516	17.73	45.07
1.516	17.73	45.07
1.516	17.73	45.07
1.516	17.73	45.07
1.516	17.73	45.07
1.516	17.73	45.07
1.516	17.73	45.07
1.516	17.73	45.07
1.516	17.73	45.07
1.516	17.73	45.07
1.516	17.73	45.07
1.516	17.73	45.07
1.516	17.73	45.07
1.516	17.73	45.07
1.516	17.73	45.07
1.516	17.73	45.07
1.516	17.73	45.07
1.516	17.73	45.07
1.516	17.73	45.07
1.517	17.73	45.07
1.517	17.73	45.07
1.517	17.73	45.07
1.517	17.73	45.07
1.517	17.72	45.07
1.517	17.72	45.07
1.517	17.72	45.07
1.517	17.72	45.07
1.518	17.71	45.07
1.518	17.71	45.07
1.518	17.71	45.07
1.519	17.71	45.07
1.519	17.70	45.07
1.519	17.70	45.07
1.519	17.70	45.07
1.519	17.69	45.07
1.520	17.68	45.07
1.520	17.68	45.07
1.521	17.68	45.07
1.521	17.68	45.07
1.521	17.68	45.07
1.521	17.67	45.07
1.522	17.67	45.07
1.522	17.67	45.07
1.522	17.67	45.07
1.523	17.66	45.07
1.523	17.66	45.07
1.523	17.65	45.07
1.524	17.65	45.07
1.524	17.65	45.07
1.525	17.65	45.07
1.525	17.64	45.07
1.525	17.64	45.07
1.525	17.63	45.07
1.526	17.63	45.07
1.526	17.62	45.07
1.526	17.61	45.07
1.527	17.61	45.07
1.527	17.61	45.07
1.528	17.60	45.07
1.528	17.60	45.07
1.528	17.60	45.07
1.528	17.59	45.07
1.529	17.59	45.07
1.529	17.58	45.07
1.529	17.57	45.07
1.530	17.57	45.06
1.530	17.57	45.06
1.530	17.57	45.06
1.531	17.56	45.07
1.531	17.56	45.06
1.531	17.55	45.06
1.531	17.54	45.06
1.532	17.54	45.06
1.532	17.54	45.06
1.533	17.54	45.06
1.533	17.53	45.06
1.533	17.53	45.06
1.533	17.52	45.06
1.534	17.51	45.06
1.534	17.51	45.06
1.535	17.50	45.06
1.535	17.49	45.06
1.535	17.49	45.06
1.535	17.49	45.06
1.535	17.49	45.06
1.535	17.49	45.06
1.535	17.49	45.06
1.535	17.49	45.06
1.536	17.49	45.06
1.536	17.49	45.06
1.536	17.49	45.06
1.536	17.49	45.06
1.536	17.49	45.06
1.536	17.49	45.06
1.536	17.49	45.06
1.536	17.48	45.06
1.536	17.48	45.06
1.537	17.48	45.06
1.537	17.48	45.06
1.537	17.47	45.06
1.537	17.47	45.06
1.537	17.46	45.06
1.537	17.46	45.06
1.537	17.46	45.06
1.538	17.46	45.06
1.538	17.46	45.06
1.538	17.46	45.06
1.538	17.45	45.06
1.538	17.45	45.06
1.538	17.45	45.06
1.538	17.45	45.06
1.538	17.45	45.06
1.538	17.45	45.06
1.538	17.45	45.06
1.539	17.45	45.06
1.539	17.44	45.06
1.539	17.44	45.06
1.539	17.43	45.06
1.539	17.43	45.06
1.539	17.43	45.06
1.540	17.43	45.06
1.540	17.43	45.06
1.540	17.43	45.06
1.540	17.42	45.06
1.540	17.42	45.06
1.541	17.41	45.06
1.541	17.41	45.06
1.541	17.41	45.06
1.541	17.41	45.06
1.541	17.41	45.06
1.541	17.40	45.06
1.541	17.40	45.06
1.542	17.40	45.06
1.542	17.40	45.06
1.542	17.39	45.06
1.542	17.39	45.06
1.543	17.39	45.06
1.543	17.39	45.06
1.543	17.39	45.06
1.543	17.39	45.06
1.543	17.38	45.06
1.543	17.38	45.06
1.544	17.37	45.06
1.544	17.37	45.06
1.544	17.36	45.06
1.544	17.35	45.06
1.545	17.35	45.06
1.545	17.35	45.06
1.545	17.35	45.06
1.545	17.35	45.06
1.545	17.34	45.06
1.546	17.34	45.06
1.546	17.34	45.06
1.546	17.34	45.06
1.546	17.33	45.06
1.546	17.33	45.06
1.547	17.33	45.06
1.547	17.33	45.06
1.547	17.32	45.06
1.547	17.31	45.06
1.548	17.31	45.06
1.548	17.30	45.06
1.548	17.30	45.06
1.549	17.30	45.06
1.549	17.30	45.06
1.549	17.30	45.06
1.549	17.30	45.06
1.550	17.30	45.06
1.550	17.30	45.06
1.550	17.30	45.06
1.550	17.29	45.06
1.550	17.29	45.06
1.550	17.29	45.06
1.550	17.28	45.06
1.550	17.28	45.06
1.551	17.26	45.06
1.551	17.26	45.06
1.551	17.27	45.06
1.551	17.27	45.06
1.552	17.27	45.06
1.552	17.27	45.06
1.552	17.26	45.06
1.552	17.24	45.06
1.552	17.26	45.06
1.553	17.27	45.06
1.553	17.27	45.06
1.553	17.27	45.06
1.553	17.27	45.06
1.553	17.26	45.06
1.554	17.26	45.06
1.554	17.25	45.06
1.554	17.25	45.06
1.555	17.25	45.06
1.555	17.24	45.06
1.556	17.24	45.06
1.556	17.24	45.06
1.556	17.24	45.06
1.557	17.23	45.06
1.557	17.22	45.06
1.558	17.22	45.06
1.558	17.21	45.06
1.559	17.21	45.05
1.559	17.21	45.05
1.560	17.19	45.06
1.560	17.19	45.05
1.561	17.19	45.05
1.561	17.18	45.05
1.562	17.17	45.05
1.562	17.16	45.05
1.563	17.16	45.05
1.563	17.16	45.05
1.564	17.15	45.05
1.565	17.14	45.05
1.565	17.14	45.05
1.566	17.14	45.05
1.566	17.13	45.05
1.567	17.12	45.05
1.567	17.12	45.05
1.568	17.11	45.05
1.568	17.10	45.05
1.569	17.09	45.05
1.569	17.08	45.05
1.570	17.07	45.05
1.571	17.03	45.05
1.571	17.06	45.05
1.572	17.05	45.05
1.572	17.03	45.05
1.573	17.04	45.05
1.573	17.04	45.05
1.574	17.03	45.05
1.574	17.03	45.05
1.575	17.02	45.05
1.575	17.01	45.05
1.575	17.00	45.05
1.576	17.00	45.05
1.576	16.99	45.05
1.576	16.99	45.05
1.577	16.99	45.05
1.577	16.98	45.05
1.577	16.98	45.05
1.578	16.98	45.05
1.578	16.97	45.05
1.579	16.96	45.05
1.579	16.96	45.05
1.579	16.96	45.05
1.580	16.94	45.05
1.581	16.93	45.05
1.581	16.92	45.05
1.582	16.92	45.05
1.582	16.91	45.05
1.583	16.90	45.05
1.583	16.90	45.05
1.584	16.90	45.05
1.584	16.89	45.05
1.584	16.89	45.05
1.585	16.88	45.05
1.585	16.88	45.05
1.586	16.87	45.05
1.586	16.87	45.05
1.587	16.86	45.05
1.587	16.85	45.05
1.587	16.85	45.05
1.588	16.85	45.05
1.588	16.84	45.05
1.588	16.84	45.05
1.588	16.84	45.05
1.589	16.84	45.05
1.589	16.84	45.05
1.589	16.83	45.05
1.590	16.83	45.05
1.590	16.82	45.05
1.590	16.81	45.05
1.591	16.81	45.05
1.591	16.81	45.05
1.592	16.80	45.05
1.592	16.80	45.05
1.593	16.79	45.05
1.593	16.79	45.05
1.594	16.79	45.05
1.594	16.78	45.05
1.594	16.78	45.05
1.595	16.78	45.05
1.595	16.77	45.05
1.596	16.78	45.05
1.596	16.78	45.05
1.596	16.76	45.05
1.597	16.76	45.05
1.597	16.76	45.05
1.598	16.75	45.05
1.598	16.75	45.05
1.599	16.74	45.05
1.599	16.72	45.05
1.600	16.72	45.05
1.600	16.72	45.05
1.601	16.72	45.05
1.602	16.71	45.05
1.602	16.71	45.05
1.603	16.70	45.05
1.603	16.70	45.05
1.604	16.69	45.05
1.605	16.69	45.05
1.605	16.69	45.05
1.606	16.68	45.05
1.606	16.67	45.05
1.606	16.67	45.05
1.607	16.67	45.05
1.607	16.66	45.05
1.608	16.65	45.05
1.608	16.65	45.05
1.609	16.64	45.05
1.609	16.64	45.05
1.610	16.63	45.05
1.610	16.63	45.05
1.611	16.61	45.05
1.611	16.60	45.05
1.612	16.59	45.05
1.613	16.58	45.05
1.613	16.58	45.05
1.614	16.57	45.05
1.614	16.57	45.05
1.615	16.56	45.05
1.615	16.56	45.05
1.616	16.55	45.05
1.616	16.55	45.05
1.617	16.54	45.04
1.617	16.54	45.04
1.618	16.53	45.04
1.618	16.52	45.04
1.619	16.52	45.04
1.619	16.51	45.04
1.620	16.50	45.04
1.620	16.50	45.04
1.620	16.50	45.04
1.621	16.49	45.04
1.621	16.49	45.04
1.621	16.49	45.04
1.622	16.48	45.04
1.622	16.48	45.04
1.622	16.48	45.04
1.622	16.47	45.04
1.623	16.47	45.04
1.623	16.47	45.04
1.623	16.46	45.04
1.623	16.46	45.04
1.624	16.45	45.04
1.624	16.45	45.04
1.624	16.44	45.04
1.625	16.44	45.04
1.625	16.44	45.04
1.625	16.43	45.04
1.626	16.42	45.04
1.626	16.42	45.04
1.627	16.41	45.04
1.627	16.41	45.04
1.628	16.40	45.04
1.628	16.39	45.04
1.629	16.39	45.04
1.629	16.38	45.04
1.630	16.38	45.04
1.630	16.38	45.04
1.631	16.37	45.04
1.631	16.37	45.04
1.631	16.36	45.04
1.632	16.36	45.04
1.632	16.35	45.04
1.632	16.34	45.04
1.633	16.34	45.04
1.633	16.34	45.04
1.634	16.34	45.04
1.634	16.34	45.04
1.634	16.34	45.04
1.635	16.33	45.04
1.635	16.33	45.04
1.636	16.33	45.04
1.636	16.32	45.04
1.637	16.32	45.04
1.637	16.32	45.04
1.637	16.32	45.03
1.638	16.32	45.04
1.638	16.32	45.03
1.639	16.31	45.03
1.639	16.31	45.03
1.640	16.31	45.03
1.640	16.30	45.03
1.641	16.29	45.03
1.641	16.28	45.03
1.642	16.27	45.03
1.643	16.27	45.03
1.644	16.26	45.03
1.645	16.26	45.03
1.645	16.26	45.03
1.646	16.26	45.03
1.646	16.25	45.03
1.646	16.25	45.03
1.647	16.22	45.03
1.648	16.22	45.03
1.648	16.22	45.03
1.648	16.22	45.03
1.648	16.21	45.03
1.649	16.21	45.03
1.649	16.20	45.03
1.650	16.20	45.03
1.650	16.20	45.03
1.651	16.20	45.03
1.651	16.19	45.03
1.652	16.19	45.03
1.652	16.18	45.03
1.653	16.17	45.03
1.653	16.16	45.03
1.654	16.13	45.03
1.655	16.12	45.03
1.656	16.11	45.03
1.657	16.08	45.03
1.658	16.08	45.03
1.659	16.08	45.03
1.660	16.08	45.03
1.660	16.08	45.03
1.660	16.08	45.03
1.661	16.06	45.03
1.661	16.06	45.03
1.662	16.06	45.03
1.662	16.06	45.03
1.663	16.05	45.03
1.663	16.04	45.03
1.663	16.04	45.03
1.663	16.03	45.03
1.664	16.02	45.03
1.664	16.02	45.03
1.665	16.01	45.03
1.665	16.01	45.03
1.666	16.00	45.03
1.667	15.99	45.03
1.667	15.98	45.03
1.668	15.97	45.03
1.668	15.97	45.03
1.669	15.97	45.03
1.670	15.96	45.03
1.670	15.95	45.03
1.671	15.94	45.03
1.671	15.94	45.03
1.672	15.94	45.03
1.672	15.94	45.03
1.672	15.94	45.03
1.672	15.94	45.03
1.672	15.94	45.03
1.672	15.94	45.03
1.672	15.94	45.03
1.672	15.94	45.03
1.672	15.94	45.03
1.672	15.93	45.03
1.672	15.93	45.03
1.673	15.93	45.03
1.673	15.92	45.03
1.673	15.92	45.03
1.674	15.91	45.03
1.674	15.91	45.03
1.674	15.91	45.03
1.675	15.91	45.03
1.675	15.90	45.03
1.675	15.90	45.03
1.675	15.89	45.03
1.675	15.89	45.03
1.676	15.89	45.03
1.676	15.89	45.03
1.676	15.89	45.03
1.677	15.89	45.03
1.677	15.88	45.03
1.677	15.88	45.03
1.677	15.88	45.03
1.678	15.87	45.03
1.678	15.87	45.03
1.678	15.86	45.03
1.679	15.87	45.03
1.679	15.86	45.03
1.679	15.86	45.03
1.679	15.86	45.03
1.680	15.86	45.03
1.680	15.86	45.03
1.680	15.86	45.03
1.680	15.85	45.03
1.681	15.85	45.03
1.681	15.85	45.03
1.681	15.85	45.03
1.681	15.85	45.03
1.681	15.85	45.03
1.682	15.85	45.03
1.682	15.84	45.03
1.682	15.83	45.03
1.683	15.83	45.03
1.683	15.83	45.03
1.683	15.83	45.03
1.684	15.83	45.03
1.684	15.83	45.03
1.684	15.83	45.03
1.685	15.83	45.03
1.685	15.83	45.03
1.685	15.83	45.03
1.685	15.83	45.03
1.685	15.83	45.03
1.685	15.83	45.03
1.685	15.83	45.03
1.685	15.83	45.03
1.686	15.82	45.03
1.686	15.81	45.03
1.686	15.81	45.03
1.687	15.80	45.03
1.688	15.80	45.03
1.688	15.79	45.03
1.688	15.79	45.03
1.689	15.78	45.03
1.689	15.78	45.03
1.690	15.78	45.03
1.691	15.78	45.03
1.691	15.77	45.03
1.691	15.77	45.03
1.692	15.77	45.03
1.692	15.76	45.03
1.692	15.75	45.03
1.693	15.75	45.03
1.693	15.75	45.02
1.694	15.75	45.02
1.694	15.74	45.03
1.694	15.74	45.02
1.695	15.74	45.02
1.695	15.73	45.02
1.696	15.72	45.02
1.696	15.72	45.02
1.697	15.72	45.02
1.697	15.71	45.02
1.698	15.71	45.02
1.698	15.70	45.02
1.698	15.70	45.02
1.699	15.70	45.02
1.699	15.69	45.02
1.699	15.69	45.02
1.700	15.69	45.02
1.700	15.68	45.02
1.700	15.69	45.02
1.700	15.68	45.02
1.701	15.67	45.02
1.701	15.66	45.02
1.701	15.65	45.02
1.702	15.65	45.02
1.702	15.65	45.02
1.703	15.64	45.02
1.703	15.63	45.02
1.704	15.63	45.02
1.704	15.62	45.02
1.705	15.61	45.02
1.706	15.50	45.02
1.706	15.54	45.02
1.707	15.59	45.02
1.708	15.58	45.02
1.709	15.57	45.02
1.709	15.57	45.02
1.710	15.56	45.02
1.710	15.55	45.02
1.711	15.54	45.02
1.711	15.54	45.02
1.712	15.53	45.02
1.713	15.53	45.02
1.713	15.52	45.02
1.714	15.51	45.02
1.715	15.51	45.02
1.715	15.50	45.02
1.716	15.49	45.02
1.716	15.48	45.02
1.717	15.48	45.02
1.718	15.47	45.02
1.718	15.47	45.02
1.719	15.46	45.02
1.719	15.45	45.02
1.720	15.45	45.02
1.720	15.45	45.02
1.721	15.44	45.02
1.721	15.44	45.02
1.721	15.44	45.02
1.722	15.43	45.02
1.722	15.43	45.02
1.723	15.43	45.02
1.723	15.42	45.02
1.723	15.42	45.02
1.724	15.42	45.02
1.724	15.41	45.02
1.724	15.41	45.02
1.725	15.41	45.02
1.725	15.41	45.02
1.725	15.39	45.02
1.726	15.39	45.02
1.726	15.39	45.02
1.727	15.39	45.02
1.727	15.38	45.02
1.728	15.37	45.02
1.728	15.38	45.02
1.729	15.37	45.02
1.729	15.37	45.02
1.730	15.37	45.02
1.731	15.36	45.02
1.731	15.36	45.02
1.732	15.36	45.02
1.732	15.36	45.02
1.732	15.36	45.02
1.733	15.36	45.02
1.734	15.34	45.02
1.734	15.34	45.02
1.735	15.34	45.02
1.735	15.33	45.02
1.736	15.33	45.02
1.737	15.32	45.02
1.738	15.31	45.02
1.738	15.31	45.02
1.739	15.30	45.02
1.740	15.29	45.02
1.741	15.28	45.02
1.741	15.28	45.02
1.742	15.26	45.02
1.743	15.26	45.02
1.744	15.25	45.02
1.744	15.26	45.02
1.745	15.25	45.02
1.746	15.25	45.02
1.746	15.25	45.02
1.747	15.24	45.02
1.747	15.24	45.02
1.748	15.24	45.02
1.748	15.23	45.02
1.748	15.23	45.02
1.749	15.23	45.02
1.749	15.22	45.02
1.749	15.22	45.02
1.750	15.20	45.02
1.750	15.20	45.02
1.751	15.19	45.02
1.751	15.19	45.01
1.752	15.18	45.01
1.752	15.18	45.01
1.753	15.15	45.01
1.753	15.15	45.01
1.754	15.14	45.01
1.755	15.14	45.01
1.755	15.14	45.01
1.756	15.13	45.01
1.756	15.13	45.01
1.757	15.12	45.01
1.758	15.12	45.01
1.758	15.10	45.01
1.759	15.09	45.01
1.759	15.09	45.01
1.760	15.09	45.01
1.760	15.07	45.01
1.761	15.07	45.01
1.761	15.07	45.01
1.762	15.06	45.01
1.762	15.06	45.01
1.762	15.06	45.01
1.763	15.06	45.01
1.763	15.05	45.01
1.764	15.05	45.01
1.764	15.04	45.01
1.764	15.04	45.01
1.764	15.03	45.01
1.765	15.03	45.01
1.765	15.02	45.01
1.766	15.01	45.01
1.766	15.01	45.01
1.767	15.00	45.01
1.767	15.00	45.01
1.768	14.99	45.01
1.768	14.99	45.01
1.769	14.99	45.01
1.769	14.98	45.01
1.770	14.98	45.01
1.770	14.98	45.01
1.770	14.98	45.01
1.770	14.97	45.01
1.771	14.97	45.01
1.771	14.97	45.01
1.771	14.96	45.01
1.771	14.96	45.01
1.772	14.96	45.01
1.772	14.96	45.01
1.773	14.94	45.01
1.773	14.95	45.01
1.773	14.95	45.01
1.774	14.95	45.01
1.774	14.95	45.01
1.774	14.94	45.01
1.774	14.94	45.01
1.775	14.94	45.01
1.775	14.93	45.01
1.775	14.94	45.01
1.775	14.92	45.01
1.776	14.93	45.01
1.776	14.93	45.00
1.776	14.93	45.00
1.776	14.93	45.00
1.777	14.91	45.00
1.777	14.91	45.00
1.777	14.91	45.00
1.778	14.90	45.00
1.778	14.91	45.00
1.779	14.90	45.00
1.780	14.90	45.00
1.780	14.90	45.00
1.781	14.90	45.00
1.781	14.90	45.00
1.782	14.89	45.00
1.782	14.88	45.00
1.783	14.88	45.00
1.783	14.89	45.00
1.783	14.88	45.00
1.784	14.88	45.00
1.784	14.87	45.00
1.785	14.87	45.00
1.785	14.86	45.00
1.785	14.87	45.00
1.786	14.87	45.00
1.786	14.86	45.00
1.786	14.86	45.00
1.786	14.86	45.00
1.787	14.86	45.00
1.787	14.86	45.00
1.787	14.86	45.00
1.788	14.85	45.00
1.788	14.84	45.00
1.789	14.85	45.00
1.789	14.84	45.00
1.790	14.83	45.00
1.790	14.83	45.00
1.791	14.83	45.00
1.791	14.83	45.00
1.791	14.83	45.00
1.792	14.82	45.00
1.792	14.82	45.00
1.793	14.82	45.00
1.793	14.81	45.00
1.793	14.81	45.00
1.794	14.81	45.00
1.794	14.79	45.00
1.795	14.80	45.00
1.795	14.79	45.00
1.796	14.78	45.00
1.796	14.78	45.00
1.796	14.78	45.00
1.797	14.77	45.00
1.798	14.77	45.00
1.798	14.76	44.99
1.799	14.76	44.99
1.800	14.75	44.99
1.801	14.75	44.99
1.801	14.73	44.99
1.802	14.73	44.99
1.802	14.72	44.99
1.803	14.71	44.99
1.804	14.70	44.99
1.804	14.70	44.99
1.805	14.69	44.99
1.805	14.69	44.99
1.806	14.68	44.99
1.807	14.67	44.99
1.807	14.67	44.99
1.808	14.67	44.99
1.808	14.66	44.99
1.809	14.66	44.99
1.810	14.66	44.99
1.810	14.65	44.99
1.810	14.65	44.99
1.811	14.63	44.99
1.811	14.63	44.99
1.812	14.62	44.99
1.812	14.61	44.99
1.813	14.61	44.99
1.813	14.61	44.99
1.814	14.60	44.99
1.814	14.60	44.99
1.814	14.59	44.99
1.815	14.60	44.99
1.815	14.59	44.99
1.816	14.59	44.99
1.816	14.56	44.99
1.817	14.56	44.99
1.817	14.55	44.99
1.818	14.55	44.99
1.818	14.54	44.99
1.819	14.54	44.99
1.819	14.54	44.99
1.820	14.53	44.99
1.820	14.53	44.99
1.821	14.54	44.99
1.821	14.52	44.99
1.822	14.51	44.99
1.823	14.51	44.99
1.823	14.51	44.99
1.824	14.50	44.99
1.824	14.49	44.99
1.825	14.50	44.99
1.825	14.49	44.99
1.825	14.49	44.99
1.826	14.48	44.99
1.826	14.49	44.99
1.826	14.47	44.99
1.827	14.47	44.99
1.827	14.47	44.99
1.827	14.47	44.99
1.828	14.46	44.99
1.828	14.46	44.99
1.829	14.45	44.99
1.829	14.43	44.99
1.830	14.44	44.99
1.830	14.44	44.99
1.830	14.43	44.99
1.831	14.44	44.99
1.831	14.43	44.99
1.832	14.43	44.99
1.833	14.42	44.99
1.833	14.42	44.99
1.834	14.42	44.99
1.834	14.43	44.99
1.835	14.42	44.99
1.835	14.42	44.99
1.836	14.43	44.99
1.836	14.42	44.99
1.836	14.40	44.99
1.837	14.41	44.99
1.838	14.42	44.99
1.838	14.43	44.99
1.839	14.41	44.99
1.839	14.41	44.99
1.839	14.41	44.99
1.840	14.41	44.99
1.840	14.40	44.99
1.841	14.40	44.99
1.842	14.39	44.99
1.842	14.39	44.99
1.843	14.38	44.99
1.844	14.36	44.99
1.845	14.37	44.99
1.846	14.35	44.99
1.847	14.34	44.99
1.848	14.35	44.99
1.848	14.32	44.99
1.849	14.34	44.99
1.850	14.33	44.98
1.850	14.33	44.98
1.850	14.33	44.98
1.851	14.33	44.98
1.851	14.33	44.98
1.852	14.31	44.98
1.852	14.31	44.98
1.853	14.29	44.98
1.853	14.30	44.98
1.854	14.30	44.98
1.854	14.29	44.98
1.855	14.29	44.98
1.855	14.29	44.98
1.856	14.28	44.98
1.856	14.28	44.98
1.857	14.28	44.98
1.857	14.27	44.98
1.857	14.26	44.98
1.858	14.26	44.98
1.859	14.24	44.98
1.860	14.24	44.98
1.860	14.22	44.98
1.861	14.22	44.98
1.861	14.21	44.98
1.862	14.21	44.98
1.863	14.20	44.98
1.864	14.20	44.98
1.865	14.19	44.98
1.865	14.19	44.98
1.866	14.18	44.98
1.866	14.18	44.98
1.867	14.17	44.98
1.867	14.17	44.98
1.868	14.16	44.98
1.868	14.16	44.98
1.869	14.17	44.98
1.869	14.15	44.98
1.869	14.14	44.98
1.870	14.14	44.98
1.870	14.12	44.98
1.871	14.13	44.98
1.872	14.10	44.98
1.872	14.10	44.98
1.873	14.10	44.98
1.874	14.09	44.98
1.875	14.10	44.98
1.875	14.10	44.98
1.875	14.09	44.98
1.876	14.09	44.98
1.876	14.07	44.98
1.877	14.07	44.98
1.877	14.06	44.98
1.878	14.06	44.98
1.879	14.05	44.98
1.879	14.04	44.98
1.880	14.04	44.98
1.880	14.04	44.98
1.880	14.04	44.98
1.881	14.04	44.98
1.881	14.03	44.98
1.881	14.04	44.98
1.881	14.03	44.98
1.882	14.03	44.98
1.882	14.03	44.98
1.882	14.02	44.98
1.882	14.02	44.98
1.882	14.02	44.98
1.882	14.03	44.98
1.882	14.02	44.98
1.882	14.03	44.98
1.882	14.03	44.98
1.882	14.02	44.98
1.882	14.02	44.98
1.882	14.01	44.98
1.883	14.02	44.97
1.883	14.01	44.98
1.883	14.01	44.98
1.883	14.01	44.97
1.884	14.00	44.97
1.884	14.00	44.97
1.884	14.00	44.97
1.885	13.99	44.97
1.885	13.99	44.97
1.885	13.99	44.97
1.886	13.99	44.97
1.886	13.99	44.97
1.886	13.98	44.97
1.887	13.99	44.97
1.887	13.98	44.97
1.887	13.98	44.97
1.888	13.98	44.97
1.888	13.98	44.97
1.889	13.98	44.97
1.889	13.98	44.97
1.889	13.97	44.97
1.890	13.98	44.97
1.890	13.97	44.97
1.891	13.96	44.97
1.891	13.97	44.97
1.892	13.96	44.97
1.892	13.97	44.97
1.893	13.96	44.97
1.893	13.96	44.97
1.894	13.96	44.97
1.894	13.95	44.97
1.894	13.94	44.97
1.895	13.96	44.97
1.895	13.94	44.97
1.895	13.94	44.97
1.896	13.93	44.97
1.896	13.95	44.97
1.897	13.95	44.97
1.897	13.94	44.97
1.898	13.93	44.97
1.898	13.95	44.97
1.898	13.95	44.97
1.899	13.92	44.97
1.899	13.93	44.97
1.899	13.93	44.97
1.900	13.93	44.97
1.900	13.93	44.97
1.900	13.92	44.97
1.901	13.92	44.97
1.901	13.92	44.97
1.901	13.90	44.97
1.902	13.90	44.97
1.902	13.91	44.97
1.903	13.90	44.97
1.903	13.91	44.97
1.903	13.92	44.97
1.904	13.89	44.97
1.904	13.90	44.97
1.904	13.90	44.97
1.905	13.89	44.97
1.905	13.88	44.97
1.906	13.89	44.97
1.906	13.88	44.97
1.907	13.88	44.97
1.907	13.88	44.97
1.907	13.87	44.97
1.908	13.85	44.97
1.908	13.86	44.97
1.908	13.86	44.97
1.908	13.85	44.97
1.909	13.86	44.97
1.909	13.85	44.97
1.909	13.85	44.97
1.910	13.84	44.97
1.910	13.84	44.97
1.910	13.85	44.97
1.911	13.84	44.97
1.911	13.84	44.97
1.911	13.85	44.97
1.911	13.84	44.97
1.912	13.83	44.97
1.912	13.83	44.97
1.913	13.84	44.97
1.913	13.82	44.97
1.913	13.82	44.97
1.914	13.80	44.97
1.914	13.80	44.97
1.914	13.80	44.97
1.914	13.80	44.97
1.915	13.80	44.97
1.915	13.80	44.97
1.915	13.81	44.97
1.915	13.81	44.97
1.916	13.80	44.97
1.916	13.79	44.97
1.916	13.79	44.97
1.917	13.79	44.97
1.917	13.78	44.97
1.917	13.77	44.97
1.918	13.77	44.97
1.918	13.77	44.97
1.919	13.76	44.97
1.919	13.75	44.97
1.919	13.75	44.97
1.920	13.74	44.97
1.920	13.75	44.97
1.920	13.75	44.97
1.920	13.74	44.97
1.921	13.74	44.97
1.920	13.74	44.97
1.920	13.75	44.97
1.920	13.75	44.97
1.920	13.74	44.97
1.921	13.73	44.97
1.921	13.73	44.97
1.922	13.72	44.97
1.922	13.72	44.97
1.923	13.71	44.97
1.923	13.71	44.97
1.924	13.71	44.97
1.925	13.71	44.97
1.925	13.71	44.97
1.925	13.70	44.97
1.926	13.70	44.97
1.926	13.70	44.97
1.926	13.69	44.97
1.927	13.68	44.97
1.927	13.68	44.97
1.928	13.68	44.97
1.928	13.67	44.97
1.928	13.67	44.97
1.929	13.67	44.97
1.929	13.66	44.97
1.929	13.67	44.96
1.929	13.66	44.96
1.930	13.65	44.96
1.930	13.65	44.96
1.931	13.65	44.97
1.931	13.64	44.96
1.931	13.64	44.96
1.932	13.62	44.96
1.932	13.63	44.96
1.932	13.63	44.96
1.932	13.63	44.96
1.933	13.64	44.96
1.933	13.63	44.96
1.933	13.63	44.96
1.934	13.63	44.96
1.934	13.62	44.96
1.935	13.61	44.96
1.935	13.61	44.96
1.936	13.60	44.96
1.936	13.59	44.96
1.937	13.60	44.96
1.937	13.59	44.96
1.938	13.59	44.96
1.938	13.59	44.96
1.938	13.59	44.96
1.938	13.59	44.96
1.939	13.58	44.96
1.939	13.58	44.96
1.940	13.57	44.96
1.940	13.57	44.96
1.940	13.56	44.96
1.941	13.57	44.96
1.941	13.56	44.96
1.941	13.57	44.96
1.942	13.56	44.96
1.942	13.56	44.96
1.942	13.55	44.96
1.942	13.56	44.96
1.943	13.55	44.96
1.943	13.54	44.96
1.943	13.55	44.96
1.944	13.54	44.96
1.944	13.54	44.96
1.945	13.55	44.96
1.945	13.54	44.96
1.945	13.54	44.96
1.946	13.53	44.96
1.946	13.52	44.96
1.947	13.52	44.96
1.947	13.53	44.96
1.947	13.52	44.96
1.948	13.52	44.96
1.948	13.52	44.96
1.948	13.50	44.96
1.949	13.51	44.96
1.949	13.51	44.96
1.949	13.51	44.96
1.949	13.51	44.96
1.950	13.51	44.96
1.950	13.50	44.96
1.950	13.51	44.96
1.950	13.50	44.96
1.951	13.50	44.96
1.951	13.49	44.96
1.952	13.50	44.96
1.953	13.49	44.96
1.953	13.49	44.96
1.953	13.49	44.96
1.953	13.50	44.96
1.954	13.49	44.96
1.954	13.49	44.96
1.954	13.49	44.96
1.954	13.49	44.96
1.954	13.49	44.96
1.954	13.49	44.96
1.954	13.49	44.96
1.954	13.49	44.96
1.954	13.49	44.96
1.954	13.49	44.96
1.954	13.49	44.96
1.954	13.48	44.96
1.954	13.49	44.96
1.955	13.48	44.96
1.956	13.47	44.96
1.956	13.48	44.96
1.956	13.48	44.96
1.956	13.47	44.96
1.957	13.48	44.96
1.957	13.47	44.96
1.957	13.46	44.96
1.958	13.46	44.96
1.958	13.46	44.96
1.959	13.47	44.96
1.959	13.47	44.96
1.959	13.47	44.96
1.960	13.46	44.96
1.960	13.46	44.96
1.960	13.46	44.96
1.960	13.46	44.96
1.961	13.45	44.96
1.961	13.45	44.96
1.962	13.45	44.96
1.962	13.45	44.96
1.963	13.44	44.96
1.963	13.44	44.96
1.963	13.44	44.96
1.964	13.44	44.96
1.965	13.43	44.96
1.966	13.43	44.96
1.966	13.42	44.96
1.967	13.43	44.96
1.968	13.42	44.96
1.968	13.42	44.96
1.968	13.42	44.96
1.968	13.42	44.96
1.969	13.42	44.96
1.969	13.41	44.96
1.969	13.40	44.96
1.970	13.40	44.96
1.970	13.39	44.96
1.970	13.39	44.96
1.971	13.39	44.96
1.971	13.38	44.96
1.972	13.40	44.96
1.972	13.39	44.96
1.973	13.38	44.96
1.973	13.38	44.96
1.973	13.38	44.96
1.974	13.38	44.96
1.974	13.38	44.96
1.974	13.37	44.96
1.975	13.38	44.96
1.975	13.36	44.96
1.976	13.37	44.96
1.976	13.35	44.96
1.977	13.35	44.96
1.977	13.33	44.96
1.978	13.32	44.96
1.978	13.33	44.96
1.978	13.32	44.96
1.979	13.31	44.96
1.979	13.30	44.96
1.979	13.30	44.96
1.980	13.30	44.96
1.980	13.29	44.96
1.980	13.30	44.96
1.981	13.30	44.96
1.981	13.29	44.96
1.981	13.29	44.96
1.982	13.28	44.96
1.982	13.28	44.96
1.983	13.27	44.95
1.983	13.29	44.95
1.984	13.27	44.95
1.984	13.26	44.95
1.985	13.25	44.95
1.985	13.25	44.95
1.986	13.25	44.95
1.987	13.24	44.95
1.987	13.23	44.95
1.988	13.24	44.95
1.989	13.23	44.95
1.990	13.22	44.95
1.990	13.22	44.95
1.991	13.21	44.95
1.992	13.21	44.95
1.993	13.19	44.95
1.993	13.19	44.95
1.994	13.19	44.95
1.994	13.18	44.95
1.995	13.18	44.95
1.996	13.17	44.95
1.997	13.15	44.95
1.998	13.14	44.95
1.999	13.13	44.95
1.999	13.12	44.95
2.000	13.13	44.95
2.000	13.12	44.95
2.000	13.13	44.95
2.001	13.13	44.95
2.002	13.12	44.95
2.002	13.11	44.95
2.003	13.11	44.95
2.003	13.11	44.95
2.003	13.12	44.95
2.004	13.10	44.95
2.004	13.09	44.95
2.005	13.09	44.95
2.005	13.09	44.95
2.006	13.09	44.95
2.006	13.09	44.95
2.006	13.09	44.95
2.006	13.09	44.95
2.006	13.09	44.95
2.006	13.09	44.95
2.006	13.09	44.95
2.006	13.08	44.95
2.006	13.08	44.95
2.006	13.07	44.95
2.007	13.08	44.95
2.007	13.07	44.95
2.008	13.07	44.95
2.009	13.06	44.95
2.009	13.06	44.95
2.009	13.07	44.95
2.010	13.06	44.95
2.010	13.05	44.95
2.011	13.05	44.95
2.012	13.05	44.95
2.013	13.04	44.95
2.013	13.04	44.95
2.014	13.04	44.95
2.015	13.05	44.95
2.015	13.03	44.95
2.016	13.03	44.95
2.016	13.03	44.95
2.017	13.04	44.95
2.017	13.03	44.95
2.018	13.03	44.95
2.018	13.03	44.95
2.019	13.02	44.95
2.019	13.01	44.95
2.020	13.01	44.95
2.021	13.02	44.95
2.022	13.01	44.95
2.022	13.02	44.95
2.023	13.01	44.95
2.023	13.02	44.95
2.024	13.01	44.95
2.024	13.00	44.95
2.025	13.00	44.95
2.025	12.99	44.95
2.026	12.99	44.95
2.026	12.99	44.95
2.027	12.98	44.95
2.027	12.98	44.95
2.028	12.98	44.95
2.028	12.98	44.95
2.029	12.97	44.95
2.030	12.97	44.95
2.030	12.97	44.95
2.031	12.95	44.95
2.032	12.96	44.95
2.032	12.95	44.95
2.033	12.95	44.95
2.034	12.95	44.95
2.034	12.95	44.95
2.035	12.94	44.95
2.035	12.94	44.95
2.036	12.94	44.95
2.036	12.93	44.95
2.037	12.92	44.95
2.038	12.92	44.95
2.039	12.91	44.95
2.039	12.92	44.95
2.040	12.91	44.95
2.040	12.91	44.95
2.041	12.90	44.95
2.041	12.91	44.95
2.042	12.90	44.95
2.042	12.89	44.95
2.043	12.89	44.95
2.043	12.88	44.95
2.044	12.88	44.95
2.045	12.87	44.95
2.046	12.86	44.95
2.046	12.86	44.95
2.047	12.84	44.95
2.048	12.84	44.95
2.048	12.83	44.95
2.049	12.83	44.95
2.049	12.82	44.95
2.050	12.82	44.95
2.050	12.82	44.95
2.051	12.80	44.95
2.052	12.79	44.95
2.053	12.78	44.95
2.054	12.77	44.95
2.055	12.77	44.95
2.056	12.76	44.95
2.057	12.76	44.95
2.058	12.76	44.95
2.058	12.73	44.95
2.060	12.74	44.95
2.060	12.74	44.95
2.062	12.72	44.95
2.063	12.72	44.95
2.063	12.72	44.94
2.064	12.71	44.94
2.065	12.70	44.94
2.065	12.68	44.94
2.066	12.69	44.94
2.067	12.68	44.94
2.068	12.67	44.94
2.069	12.66	44.94
2.071	12.64	44.94
2.072	12.63	44.94
2.073	12.63	44.94
2.074	12.63	44.94
2.074	12.62	44.94
2.075	12.62	44.94
2.076	12.62	44.94
2.076	12.61	44.94
2.077	12.61	44.94
2.078	12.60	44.94
2.078	12.61	44.94
2.079	12.60	44.94
2.080	12.60	44.94
2.080	12.59	44.94
2.081	12.58	44.94
2.081	12.58	44.94
2.082	12.57	44.94
2.084	12.56	44.94
2.085	12.56	44.94
2.086	12.55	44.94
2.086	12.55	44.94
2.086	12.55	44.94
2.087	12.55	44.94
2.087	12.55	44.94
2.088	12.54	44.94
2.088	12.54	44.94
2.089	12.54	44.94
2.090	12.54	44.94
2.090	12.54	44.94
2.091	12.53	44.94
2.092	12.53	44.94
2.093	12.53	44.94
2.093	12.52	44.94
2.095	12.54	44.94
2.096	12.52	44.94
2.096	12.52	44.94
2.097	12.52	44.94
2.097	12.52	44.94
2.098	12.51	44.94
2.099	12.51	44.94
2.100	12.51	44.94
2.100	12.52	44.94
2.100	12.52	44.94
2.101	12.52	44.94
2.101	12.51	44.94
2.102	12.50	44.93
2.102	12.50	44.94
2.103	12.49	44.93
2.104	12.49	44.93
2.104	12.49	44.93
2.105	12.48	44.94
2.105	12.47	44.93
2.106	12.47	44.93
2.107	12.47	44.93
2.107	12.46	44.93
2.108	12.46	44.93
2.108	12.46	44.93
2.109	12.45	44.93
2.109	12.45	44.93
2.110	12.45	44.93
2.110	12.45	44.93
2.111	12.45	44.93
2.111	12.45	44.93
2.112	12.44	44.93
2.112	12.43	44.93
2.113	12.42	44.93
2.114	12.43	44.93
2.115	12.42	44.93
2.115	12.41	44.93
2.115	12.41	44.93
2.116	12.41	44.93
2.117	12.40	44.93
2.117	12.40	44.93
2.118	12.39	44.93
2.118	12.38	44.93
2.119	12.38	44.93
2.120	12.37	44.93
2.121	12.36	44.93
2.122	12.35	44.93
2.122	12.35	44.93
2.123	12.35	44.93
2.124	12.33	44.93
2.124	12.33	44.93
2.125	12.32	44.93
2.126	12.30	44.93
2.127	12.30	44.93
2.128	12.29	44.93
2.128	12.29	44.93
2.129	12.28	44.93
2.129	12.27	44.93
2.130	12.28	44.93
2.131	12.27	44.93
2.131	12.27	44.93
2.132	12.26	44.93
2.133	12.27	44.93
2.134	12.26	44.93
2.134	12.25	44.93
2.135	12.25	44.93
2.136	12.23	44.93
2.137	12.24	44.93
2.137	12.23	44.93
2.138	12.22	44.93
2.138	12.22	44.93
2.139	12.22	44.93
2.140	12.22	44.93
2.140	12.21	44.93
2.141	12.21	44.93
2.141	12.20	44.93
2.142	12.20	44.93
2.143	12.18	44.93
2.143	12.19	44.93
2.144	12.18	44.93
2.144	12.18	44.93
2.145	12.18	44.93
2.145	12.18	44.93
2.145	12.18	44.93
2.144	12.18	44.93
2.144	12.18	44.93
2.144	12.18	44.93
2.144	12.18	44.93
2.144	12.18	44.93
2.144	12.18	44.93
2.145	12.17	44.93
2.145	12.17	44.93
2.146	12.15	44.93
2.147	12.15	44.93
2.148	12.14	44.93
2.149	12.14	44.93
2.150	12.13	44.93
2.151	12.13	44.93
2.152	12.12	44.93
2.152	12.12	44.93
2.154	12.12	44.93
2.155	12.10	44.93
2.155	12.11	44.93
2.157	12.10	44.93
2.158	12.10	44.93
2.159	12.09	44.93
2.160	12.09	44.93
2.161	12.09	44.93
2.161	12.10	44.93
2.162	12.09	44.93
2.162	12.09	44.93
2.162	12.09	44.93
2.163	12.09	44.93
2.164	12.08	44.93
2.164	12.07	44.93
2.165	12.08	44.93
2.166	12.07	44.93
2.167	12.07	44.93
2.168	12.07	44.93
2.168	12.07	44.93
2.169	12.07	44.93
2.170	12.07	44.93
2.170	12.07	44.93
2.171	12.07	44.93
2.171	12.06	44.93
2.172	12.07	44.93
2.173	12.06	44.93
2.174	12.05	44.93
2.175	12.04	44.93
2.176	12.04	44.93
2.176	12.03	44.93
2.177	12.03	44.93
2.178	12.02	44.93
2.178	12.01	44.93
2.179	12.01	44.93
2.180	12.01	44.93
2.180	12.01	44.93
2.180	12.00	44.93
2.180	12.01	44.93
2.180	12.01	44.93
2.180	12.01	44.93
2.180	12.00	44.92
2.180	12.00	44.92
2.180	12.00	44.92
2.181	12.00	44.92
2.182	12.00	44.92
2.183	12.00	44.92
2.184	11.99	44.92
2.184	11.98	44.92
2.185	11.98	44.92
2.186	11.98	44.92
2.187	11.98	44.92
2.188	11.97	44.92
2.189	11.96	44.92
2.190	11.95	44.92
2.191	11.95	44.92
2.192	11.94	44.92
2.193	11.94	44.92
2.194	11.93	44.92
2.195	11.93	44.92
2.196	11.91	44.92
2.197	11.91	44.92
2.198	11.90	44.92
2.199	11.90	44.92
2.199	11.90	44.92
2.200	11.88	44.92
2.201	11.88	44.92
2.202	11.87	44.92
2.202	11.87	44.92
2.203	11.85	44.92
2.204	11.85	44.92
2.205	11.85	44.92
2.206	11.83	44.92
2.207	11.82	44.92
2.208	11.81	44.92
2.209	11.80	44.92
2.210	11.79	44.92
2.211	11.79	44.92
2.211	11.79	44.92
2.212	11.78	44.92
2.213	11.77	44.92
2.214	11.77	44.92
2.215	11.76	44.92
2.215	11.75	44.92
2.216	11.75	44.92
2.216	11.75	44.92
2.217	11.75	44.92
2.217	11.75	44.92
2.218	11.73	44.92
2.219	11.74	44.92
2.219	11.73	44.92
2.220	11.72	44.92
2.221	11.72	44.92
2.222	11.71	44.92
2.222	11.72	44.92
2.223	11.71	44.92
2.223	11.71	44.92
2.224	11.71	44.92
2.224	11.70	44.92
2.225	11.69	44.92
2.226	11.69	44.92
2.227	11.68	44.92
2.228	11.68	44.92
2.228	11.68	44.92
2.229	11.67	44.92
2.229	11.67	44.92
2.230	11.67	44.92
2.231	11.66	44.92
2.231	11.66	44.92
2.232	11.66	44.92
2.232	11.66	44.92
2.233	11.65	44.92
2.233	11.66	44.92
2.234	11.65	44.92
2.235	11.64	44.92
2.235	11.64	44.92
2.236	11.63	44.92
2.236	11.64	44.92
2.237	11.63	44.92
2.237	11.63	44.92
2.238	11.63	44.92
2.239	11.62	44.92
2.240	11.63	44.92
2.241	11.62	44.92
2.242	11.61	44.92
2.242	11.61	44.92
2.243	11.59	44.92
2.243	11.60	44.92
2.244	11.60	44.92
2.244	11.60	44.92
2.245	11.59	44.92
2.245	11.60	44.92
2.246	11.60	44.92
2.246	11.59	44.92
2.247	11.59	44.92
2.248	11.59	44.92
2.249	11.58	44.92
2.249	11.59	44.92
2.250	11.57	44.92
2.252	11.58	44.92
2.252	11.58	44.92
2.253	11.58	44.92
2.254	11.58	44.92
2.255	11.57	44.92
2.255	11.56	44.92
2.256	11.57	44.92
2.257	11.56	44.92
2.258	11.57	44.92
2.258	11.56	44.92
2.259	11.56	44.92
2.259	11.55	44.92
2.260	11.56	44.92
2.261	11.55	44.92
2.261	11.54	44.92
2.262	11.53	44.92
2.262	11.54	44.92
2.263	11.54	44.92
2.264	11.54	44.92
2.264	11.54	44.92
2.265	11.54	44.92
2.266	11.53	44.92
2.267	11.52	44.92
2.268	11.52	44.92
2.268	11.51	44.92
2.269	11.52	44.92
2.270	11.51	44.92
2.270	11.50	44.92
2.271	11.51	44.92
2.271	11.50	44.92
2.272	11.50	44.92
2.273	11.49	44.92
2.273	11.49	44.92
2.274	11.48	44.92
2.275	11.48	44.92
2.276	11.49	44.92
2.276	11.48	44.92
2.277	11.47	44.92
2.278	11.46	44.92
2.279	11.45	44.92
2.279	11.43	44.92
2.280	11.43	44.92
2.281	11.43	44.92
2.281	11.43	44.92
2.282	11.41	44.92
2.283	11.40	44.92
2.284	11.41	44.92
2.284	11.40	44.92
2.285	11.40	44.92
2.285	11.40	44.92
2.286	11.39	44.92
2.286	11.37	44.92
2.288	11.37	44.92
2.289	11.36	44.92
2.290	11.34	44.92
2.290	11.36	44.92
2.291	11.34	44.92
2.292	11.33	44.92
2.294	11.31	44.92
2.295	11.31	44.92
2.296	11.31	44.92
2.297	11.30	44.92
2.298	11.29	44.92
2.299	11.29	44.92
2.299	11.28	44.92
2.300	11.27	44.92
2.301	11.27	44.92
2.302	11.27	44.92
2.302	11.27	44.92
2.303	11.26	44.92
2.304	11.26	44.92
2.304	11.25	44.92
2.305	11.26	44.92
2.305	11.25	44.92
2.306	11.24	44.92
2.307	11.23	44.92
2.308	11.23	44.92
2.309	11.22	44.92
2.310	11.22	44.92
2.311	11.21	44.92
2.313	11.20	44.92
2.314	11.19	44.92
2.316	11.18	44.92
2.317	11.18	44.92
2.318	11.18	44.92
2.319	11.18	44.92
2.320	11.17	44.92
2.322	11.17	44.92
2.323	11.16	44.92
2.323	11.16	44.92
2.324	11.15	44.92
2.325	11.15	44.92
2.326	11.14	44.92
2.328	11.14	44.92
2.329	11.14	44.92
2.329	11.14	44.92
2.329	11.13	44.92
2.329	11.13	44.92
2.330	11.13	44.92
2.330	11.12	44.92
2.331	11.13	44.92
2.332	11.12	44.91
2.333	11.12	44.91
2.334	11.12	44.91
2.334	11.12	44.91
2.335	11.12	44.91
2.336	11.12	44.91
2.336	11.12	44.91
2.337	11.12	44.91
2.338	11.12	44.91
2.338	11.12	44.91
2.339	11.11	44.91
2.340	11.11	44.91
2.341	11.11	44.91
2.342	11.11	44.91
2.343	11.12	44.91
2.344	11.11	44.91
2.344	11.10	44.91
2.345	11.10	44.91
2.346	11.10	44.91
2.347	11.08	44.91
2.348	11.08	44.91
2.349	11.07	44.91
2.350	11.07	44.91
2.351	11.07	44.91
2.352	11.06	44.91
2.353	11.06	44.91
2.353	11.06	44.91
2.354	11.06	44.91
2.354	11.06	44.91
2.354	11.06	44.91
2.355	11.05	44.91
2.356	11.04	44.91
2.357	11.03	44.91
2.359	11.03	44.91
2.360	11.02	44.91
2.361	11.02	44.91
2.362	11.02	44.91
2.363	11.01	44.91
2.364	11.01	44.91
2.364	11.01	44.91
2.365	11.01	44.91
2.365	11.01	44.91
2.366	10.99	44.91
2.366	10.99	44.91
2.367	10.97	44.91
2.368	10.97	44.91
2.369	10.97	44.91
2.369	10.97	44.91
2.370	10.96	44.91
2.370	10.96	44.91
2.372	10.95	44.91
2.372	10.95	44.91
2.373	10.95	44.91
2.373	10.94	44.91
2.374	10.93	44.91
2.375	10.92	44.91
2.376	10.92	44.91
2.378	10.90	44.91
2.379	10.88	44.91
2.382	10.86	44.91
2.384	10.86	44.91
2.385	10.84	44.90
2.387	10.84	44.90
2.388	10.83	44.90
2.390	10.82	44.90
2.391	10.81	44.90
2.392	10.81	44.90
2.393	10.80	44.90
2.394	10.79	44.90
2.395	10.79	44.90
2.396	10.78	44.90
2.397	10.78	44.90
2.397	10.77	44.90
2.398	10.77	44.90
2.399	10.76	44.90
2.400	10.76	44.90
2.402	10.75	44.90
2.403	10.74	44.90
2.404	10.74	44.90
2.404	10.74	44.90
2.405	10.73	44.90
2.406	10.73	44.90
2.406	10.73	44.90
2.407	10.72	44.90
2.408	10.72	44.90
2.409	10.71	44.90
2.410	10.71	44.90
2.411	10.71	44.90
2.412	10.70	44.90
2.413	10.69	44.90
2.414	10.69	44.90
2.414	10.69	44.90
2.415	10.69	44.90
2.416	10.68	44.90
2.417	10.68	44.90
2.417	10.68	44.90
2.418	10.67	44.90
2.419	10.67	44.90
2.420	10.66	44.90
2.420	10.66	44.90
2.420	10.65	44.90
2.421	10.66	44.90
2.421	10.65	44.90
2.422	10.65	44.90
2.422	10.65	44.90
2.423	10.65	44.90
2.424	10.65	44.90
2.425	10.65	44.90
2.426	10.64	44.90
2.428	10.64	44.90
2.429	10.64	44.90
2.431	10.63	44.90
2.432	10.63	44.90
2.432	10.63	44.90
2.433	10.63	44.90
2.434	10.63	44.90
2.435	10.63	44.90
2.436	10.62	44.90
2.437	10.62	44.90
2.438	10.61	44.90
2.439	10.62	44.90
2.440	10.61	44.90
2.440	10.61	44.90
2.441	10.61	44.90
2.442	10.61	44.90
2.442	10.61	44.90
2.442	10.61	44.90
2.443	10.61	44.90
2.444	10.61	44.90
2.444	10.60	44.90
2.445	10.60	44.90
2.445	10.59	44.90
2.446	10.60	44.90
2.447	10.59	44.90
2.447	10.59	44.90
2.448	10.58	44.90
2.449	10.58	44.90
2.450	10.58	44.90
2.450	10.58	44.90
2.451	10.58	44.90
2.451	10.58	44.90
2.452	10.57	44.90
2.453	10.56	44.90
2.454	10.56	44.90
2.455	10.55	44.90
2.456	10.55	44.90
2.456	10.54	44.90
2.457	10.53	44.90
2.458	10.54	44.90
2.459	10.53	44.90
2.460	10.54	44.90
2.461	10.53	44.90
2.462	10.52	44.90
2.463	10.52	44.90
2.464	10.51	44.90
2.465	10.50	44.90
2.466	10.49	44.90
2.468	10.48	44.90
2.469	10.47	44.90
2.470	10.47	44.90
2.472	10.46	44.90
2.473	10.45	44.90
2.474	10.43	44.90
2.476	10.41	44.90
2.479	10.40	44.90
2.481	10.39	44.90
2.483	10.37	44.90
2.485	10.36	44.90
2.487	10.35	44.90
2.488	10.35	44.90
2.489	10.34	44.90
2.491	10.33	44.90
2.492	10.32	44.90
2.493	10.31	44.90
2.494	10.31	44.89
2.495	10.31	44.90
2.496	10.30	44.89
2.497	10.29	44.89
2.498	10.28	44.89
2.499	10.28	44.89
2.500	10.28	44.89
2.500	10.28	44.89
2.501	10.27	44.89
2.502	10.28	44.89
2.503	10.26	44.89
2.504	10.26	44.89
2.506	10.24	44.89
2.508	10.24	44.89
2.509	10.23	44.89
2.511	10.23	44.89
2.512	10.22	44.89
2.513	10.22	44.89
2.514	10.23	44.89
2.515	10.22	44.89
2.515	10.22	44.89
2.516	10.21	44.89
2.517	10.21	44.89
2.518	10.21	44.89
2.519	10.20	44.89
2.520	10.20	44.89
2.520	10.20	44.89
2.520	10.20	44.89
2.521	10.20	44.89
2.521	10.19	44.89
2.521	10.19	44.89
2.521	10.19	44.89
2.522	10.19	44.89
2.522	10.19	44.89
2.522	10.19	44.89
2.522	10.18	44.89
2.522	10.19	44.89
2.522	10.18	44.89
2.522	10.19	44.89
2.522	10.18	44.89
2.523	10.18	44.89
2.523	10.18	44.89
2.524	10.18	44.89
2.524	10.18	44.89
2.525	10.18	44.89
2.526	10.17	44.89
2.527	10.17	44.89
2.528	10.16	44.89
2.529	10.16	44.89
2.530	10.16	44.89
2.530	10.16	44.89
2.532	10.16	44.89
2.533	10.16	44.89
2.534	10.15	44.89
2.535	10.16	44.89
2.536	10.15	44.89
2.538	10.15	44.89
2.539	10.16	44.89
2.539	10.15	44.89
2.540	10.15	44.89
2.541	10.14	44.89
2.541	10.14	44.89
2.543	10.14	44.89
2.544	10.13	44.89
2.546	10.12	44.89
2.548	10.12	44.89
2.549	10.12	44.89
2.550	10.12	44.89
2.551	10.12	44.89
2.552	10.11	44.89
2.553	10.10	44.89
2.554	10.10	44.89
2.556	10.10	44.89
2.557	10.09	44.89
2.558	10.09	44.89
2.558	10.10	44.89
2.558	10.09	44.89
2.558	10.09	44.89
2.558	10.09	44.89
2.558	10.09	44.89
2.558	10.09	44.89
2.559	10.08	44.89
2.559	10.08	44.89
2.560	10.07	44.89
2.561	10.07	44.89
2.563	10.06	44.89
2.564	10.05	44.89
2.566	10.05	44.89
2.567	10.04	44.89
2.568	10.03	44.89
2.569	10.03	44.89
2.570	10.03	44.89
2.571	10.02	44.89
2.573	10.01	44.89
2.575	9.99	44.89
2.577	9.96	44.89
2.580	9.95	44.89
2.582	9.95	44.89
2.584	9.93	44.89
2.586	9.93	44.89
2.587	9.93	44.89
2.588	9.92	44.89
2.589	9.91	44.89
2.590	9.90	44.89
2.591	9.90	44.88
2.591	9.89	44.88
2.592	9.88	44.88
2.593	9.89	44.88
2.594	9.89	44.88
2.595	9.88	44.88
2.596	9.88	44.88
2.596	9.88	44.88
2.597	9.87	44.88
2.598	9.86	44.88
2.599	9.85	44.88
2.601	9.83	44.88
2.602	9.82	44.88
2.604	9.82	44.88
2.605	9.82	44.88
2.606	9.82	44.88
2.606	9.81	44.88
2.607	9.81	44.88
2.608	9.81	44.88
2.608	9.81	44.88
2.609	9.80	44.88
2.609	9.79	44.88
2.610	9.80	44.88
2.611	9.78	44.88
2.612	9.79	44.88
2.612	9.79	44.88
2.612	9.79	44.88
2.612	9.78	44.88
2.612	9.78	44.88
2.612	9.79	44.88
2.612	9.78	44.88
2.612	9.78	44.88
2.612	9.78	44.88
2.612	9.78	44.88
2.612	9.78	44.88
2.612	9.78	44.88
2.613	9.76	44.88
2.615	9.76	44.88
2.616	9.77	44.88
2.618	9.76	44.88
2.619	9.74	44.88
2.620	9.74	44.88
2.621	9.73	44.88
2.623	9.72	44.88
2.624	9.72	44.88
2.624	9.72	44.88
2.625	9.72	44.88
2.625	9.72	44.88
2.626	9.71	44.88
2.626	9.71	44.88
2.627	9.71	44.88
2.627	9.71	44.88
2.628	9.70	44.88
2.629	9.70	44.88
2.630	9.70	44.88
2.630	9.70	44.88
2.631	9.70	44.88
2.632	9.69	44.88
2.633	9.69	44.88
2.633	9.69	44.88
2.634	9.69	44.88
2.635	9.68	44.88
2.635	9.68	44.88
2.636	9.67	44.87
2.637	9.67	44.88
2.637	9.67	44.88
2.637	9.67	44.87
2.638	9.67	44.87
2.638	9.67	44.87
2.639	9.67	44.87
2.639	9.67	44.87
2.640	9.67	44.87
2.640	9.67	44.87
2.641	9.66	44.87
2.641	9.67	44.87
2.642	9.66	44.87
2.642	9.66	44.87
2.643	9.66	44.87
2.643	9.66	44.87
2.643	9.66	44.87
2.644	9.66	44.87
2.644	9.66	44.87
2.645	9.66	44.87
2.645	9.66	44.87
2.646	9.66	44.87
2.646	9.66	44.87
2.647	9.66	44.87
2.648	9.65	44.87
2.648	9.65	44.87
2.649	9.66	44.87
2.649	9.65	44.87
2.650	9.65	44.87
2.651	9.65	44.87
2.652	9.65	44.87
2.653	9.65	44.87
2.654	9.64	44.87
2.655	9.64	44.87
2.655	9.64	44.87
2.655	9.64	44.87
2.655	9.64	44.87
2.655	9.64	44.87
2.655	9.64	44.87
2.655	9.64	44.87
2.655	9.63	44.87
2.655	9.64	44.87
2.656	9.63	44.87
2.657	9.64	44.87
2.657	9.63	44.87
2.658	9.63	44.87
2.659	9.62	44.87
2.660	9.62	44.87
2.660	9.61	44.87
2.662	9.61	44.87
2.663	9.60	44.87
2.663	9.59	44.87
2.664	9.59	44.87
2.665	9.59	44.87
2.666	9.58	44.87
2.666	9.58	44.87
2.667	9.58	44.87
2.668	9.57	44.87
2.669	9.57	44.87
2.670	9.57	44.87
2.671	9.57	44.87
2.672	9.57	44.87
2.674	9.55	44.87
2.675	9.54	44.87
2.676	9.53	44.87
2.677	9.50	44.87
2.679	9.49	44.87
2.680	9.49	44.87
2.681	9.49	44.87
2.682	9.49	44.87
2.683	9.49	44.87
2.683	9.49	44.87
2.683	9.49	44.87
2.684	9.49	44.87
2.685	9.49	44.87
2.686	9.50	44.87
2.687	9.51	44.87
2.688	9.49	44.87
2.689	9.47	44.87
2.690	9.47	44.87
2.690	9.46	44.87
2.691	9.46	44.87
2.692	9.46	44.87
2.693	9.45	44.87
2.695	9.45	44.87
2.696	9.45	44.87
2.697	9.44	44.86
2.698	9.44	44.86
2.700	9.44	44.86
2.701	9.44	44.86
2.701	9.44	44.86
2.703	9.43	44.86
2.704	9.42	44.86
2.706	9.42	44.86
2.707	9.42	44.86
2.709	9.42	44.86
2.710	9.41	44.86
2.711	9.41	44.86
2.713	9.41	44.86
2.714	9.41	44.86
2.715	9.41	44.86
2.716	9.41	44.86
2.718	9.41	44.86
2.719	9.40	44.86
2.720	9.40	44.86
2.721	9.40	44.86
2.721	9.40	44.86
2.723	9.39	44.86
2.724	9.39	44.86
2.725	9.39	44.86
2.727	9.39	44.86
2.727	9.39	44.86
2.727	9.39	44.86
2.728	9.39	44.86
2.727	9.39	44.86
2.727	9.39	44.86
2.727	9.39	44.86
2.727	9.39	44.86
2.727	9.39	44.86
2.727	9.39	44.86
2.727	9.39	44.86
2.727	9.39	44.86
2.727	9.39	44.86
2.728	9.38	44.86
2.729	9.37	44.86
2.729	9.36	44.86
2.729	9.36	44.86
2.730	9.31	44.86
2.731	9.29	44.86
2.732	9.28	44.86
2.733	9.27	44.86
2.734	9.27	44.86
2.735	9.27	44.86
2.736	9.28	44.86
2.738	9.23	44.86
2.739	9.23	44.86
2.740	9.25	44.86
2.741	9.27	44.86
2.741	9.24	44.86
2.742	9.27	44.86
2.743	9.24	44.86
2.743	9.25	44.86
2.743	9.23	44.86
2.743	9.25	44.86
2.743	9.22	44.86
2.743	9.23	44.86
2.743	9.24	44.86
2.743	9.24	44.86
2.743	9.23	44.86
2.742	9.23	44.86
2.742	9.23	44.86
2.742	9.25	44.86
2.742	9.23	44.86
2.742	9.26	44.86
2.743	9.25	44.86
2.744	9.24	44.86
2.744	9.26	44.86
2.745	9.21	44.86
2.747	9.22	44.86
2.748	9.23	44.86
2.749	9.20	44.86
2.750	9.22	44.86
2.751	9.22	44.86
2.752	9.20	44.86
2.753	9.19	44.86
2.755	9.16	44.86
2.756	9.17	44.86
2.757	9.20	44.86
2.758	9.18	44.86
2.760	9.16	44.86
2.761	9.18	44.86
2.762	9.17	44.86
2.763	9.16	44.86
2.764	9.16	44.86
2.765	9.16	44.86
2.766	9.15	44.86
2.767	9.15	44.86
2.767	9.15	44.86
2.768	9.17	44.86
2.769	9.17	44.86
2.769	9.18	44.86
2.770	9.16	44.86
2.771	9.20	44.85
2.772	9.21	44.85
2.773	9.22	44.85
2.774	9.21	44.85
2.774	9.23	44.85
2.775	9.21	44.85
2.776	9.23	44.85
2.777	9.21	44.85
2.778	9.19	44.85
2.779	9.21	44.85
2.780	9.25	44.85
2.781	9.23	44.85
2.782	9.20	44.85
2.783	9.22	44.85
2.784	9.20	44.85
2.785	9.19	44.85
2.785	9.19	44.85
2.786	9.16	44.85
2.787	9.13	44.85
2.789	9.13	44.85
2.791	9.11	44.85
2.793	9.12	44.85
2.795	9.11	44.85
2.797	9.11	44.85
2.799	9.09	44.85
2.801	9.08	44.85
2.803	9.07	44.85
2.805	9.09	44.85
2.808	9.12	44.85
2.811	9.10	44.85
2.812	9.09	44.85
2.814	9.06	44.85
2.816	9.05	44.85
2.817	9.04	44.85
2.818	9.00	44.85
2.819	9.02	44.85
2.820	9.01	44.85
2.821	9.02	44.85
2.821	8.98	44.85
2.822	8.98	44.85
2.823	8.96	44.85
2.825	8.97	44.85
2.826	8.97	44.85
2.827	8.95	44.85
2.828	8.96	44.85
2.830	8.93	44.85
2.832	8.94	44.85
2.833	8.91	44.85
2.834	8.91	44.85
2.835	8.91	44.85
2.835	8.89	44.85
2.835	8.90	44.85
2.835	8.89	44.85
2.835	8.91	44.85
2.835	8.90	44.85
2.835	8.89	44.85
2.835	8.93	44.85
2.835	8.91	44.85
2.836	8.91	44.85
2.836	8.92	44.85
2.837	8.90	44.85
2.838	8.89	44.85
2.839	8.91	44.85
2.839	8.90	44.85
2.840	8.88	44.85
2.841	8.90	44.85
2.842	8.89	44.85
2.843	8.88	44.85
2.845	8.88	44.85
2.845	8.88	44.85
2.846	8.87	44.85
2.848	8.87	44.85
2.848	8.87	44.85
2.850	8.87	44.85
2.851	8.87	44.85
2.852	8.85	44.85
2.853	8.88	44.85
2.854	8.84	44.85
2.855	8.84	44.85
2.856	8.81	44.85
2.857	8.82	44.85
2.858	8.78	44.85
2.860	8.80	44.85
2.861	8.81	44.85
2.863	8.82	44.85
2.864	8.78	44.85
2.865	8.84	44.85
2.866	8.81	44.85
2.867	8.85	44.85
2.868	8.82	44.85
2.868	8.78	44.85
2.869	8.78	44.85
2.870	8.76	44.85
2.871	8.71	44.85
2.872	8.74	44.85
2.873	8.73	44.85
2.873	8.75	44.85
2.874	8.68	44.85
2.875	8.71	44.85
2.875	8.70	44.85
2.875	8.71	44.85
2.875	8.69	44.85
2.874	8.73	44.85
2.874	8.69	44.85
2.874	8.72	44.85
2.876	8.72	44.85
2.877	8.70	44.85
2.880	8.72	44.85
2.883	8.69	44.85
2.886	8.72	44.85
2.889	8.70	44.85
2.894	8.73	44.85
2.898	8.71	44.85
2.900	8.68	44.85
2.902	8.70	44.85
2.903	8.70	44.85
2.905	8.71	44.85
2.905	8.70	44.85
2.906	8.71	44.85
2.907	8.68	44.85
2.907	8.71	44.85
2.907	8.70	44.85
2.907	8.69	44.85
2.907	8.68	44.85
2.906	8.69	44.85
2.906	8.72	44.85
2.907	8.70	44.85
2.908	8.72	44.85
2.909	8.71	44.85
2.911	8.76	44.85
2.914	8.72	44.85
2.917	8.74	44.85
2.918	8.79	44.85
2.920	8.78	44.85
2.922	8.76	44.85
2.924	8.69	44.85
2.927	8.65	44.85
2.929	8.68	44.85
2.931	8.67	44.85
2.933	8.63	44.85
2.936	8.65	44.85
2.938	8.65	44.85
2.940	8.62	44.85
2.942	8.65	44.85
2.943	8.62	44.85
2.945	8.65	44.85
2.946	8.66	44.85
2.947	8.62	44.85
2.949	8.63	44.85
2.950	8.60	44.85
2.952	8.57	44.85
2.953	8.58	44.85
2.954	8.57	44.85
2.955	8.58	44.85
2.956	8.57	44.85
2.957	8.56	44.85
2.957	8.52	44.85
2.957	8.58	44.85
2.957	8.57	44.85
2.957	8.54	44.85
2.956	8.58	44.85
2.956	8.57	44.85
2.957	8.60	44.85
2.959	8.53	44.85
2.961	8.59	44.85
2.962	8.56	44.85
2.964	8.55	44.85
2.966	8.52	44.85
2.967	8.54	44.85
2.969	8.51	44.85
2.970	8.53	44.85
2.972	8.50	44.85
2.974	8.50	44.84
2.975	8.49	44.84
2.976	8.48	44.84
2.978	8.47	44.84
2.979	8.48	44.84
2.980	8.45	44.84
2.981	8.46	44.84
2.983	8.49	44.84
2.984	8.47	44.84
2.985	8.45	44.84
2.986	8.46	44.84
2.987	8.47	44.84
2.989	8.46	44.84
2.990	8.43	44.84
2.991	8.44	44.84
2.992	8.40	44.84
2.993	8.39	44.84
2.995	8.46	44.84
2.996	8.41	44.84
2.997	8.42	44.84
2.998	8.40	44.84
2.998	8.44	44.84
2.999	8.41	44.84
3.000	8.41	44.84
3.001	8.43	44.84
3.001	8.38	44.84
3.002	8.40	44.84
3.003	8.43	44.84
3.004	8.39	44.84
3.005	8.37	44.84
3.005	8.38	44.84
3.005	8.40	44.84
3.005	8.39	44.84
3.005	8.36	44.84
3.005	8.42	44.84
3.005	8.40	44.84
3.005	8.38	44.84
3.004	8.38	44.84
3.004	8.36	44.84
3.004	8.41	44.84
3.004	8.40	44.84
3.004	8.41	44.84
3.005	8.42	44.84
3.006	8.39	44.84
3.008	8.40	44.84
3.010	8.35	44.84
3.012	8.38	44.84
3.014	8.35	44.84
3.016	8.38	44.84
3.018	8.34	44.84
3.020	8.34	44.84
3.021	8.35	44.84
3.023	8.34	44.84
3.025	8.33	44.84
3.026	8.33	44.84
3.028	8.33	44.84
3.030	8.30	44.84
3.033	8.32	44.84
3.034	8.32	44.84
3.036	8.35	44.84
3.038	8.31	44.84
3.041	8.27	44.84
3.043	8.32	44.84
3.044	8.27	44.84
3.045	8.29	44.84
3.046	8.28	44.84
3.048	8.31	44.84
3.050	8.25	44.84
3.051	8.29	44.84
3.052	8.30	44.84
3.053	8.31	44.84
3.054	8.30	44.84
3.056	8.33	44.84
3.056	8.33	44.84
3.057	8.35	44.84
3.057	8.33	44.84
3.057	8.30	44.83
3.057	8.30	44.84
3.057	8.28	44.84
3.057	8.29	44.83
3.056	8.32	44.83
3.056	8.32	44.83
3.057	8.32	44.83
3.058	8.35	44.83
3.060	8.33	44.83
3.062	8.34	44.83
3.063	8.34	44.83
3.064	8.41	44.83
3.065	8.33	44.83
3.066	8.37	44.83
3.067	8.32	44.83
3.068	8.37	44.83
3.069	8.35	44.83
3.071	8.34	44.83
3.073	8.32	44.83
3.075	8.31	44.83
3.077	8.26	44.83
3.079	8.27	44.83
3.081	8.25	44.83
3.082	8.28	44.83
3.084	8.18	44.83
3.085	8.25	44.83
3.085	8.23	44.83
3.086	8.25	44.83
3.087	8.26	44.83
3.089	8.24	44.83
3.091	8.19	44.83
3.093	8.20	44.83
3.095	8.19	44.83
3.097	8.22	44.83
3.099	8.22	44.83
3.101	8.21	44.83
3.103	8.19	44.83
3.105	8.18	44.83
3.107	8.17	44.83
3.109	8.15	44.83
3.112	8.16	44.83
3.115	8.15	44.83
3.116	8.15	44.83
3.118	8.14	44.83
3.119	8.18	44.83
3.120	8.17	44.83
3.121	8.10	44.83
3.123	8.09	44.83
3.124	8.15	44.83
3.126	8.14	44.83
3.129	8.05	44.83
3.131	8.03	44.83
3.133	8.04	44.83
3.135	7.99	44.83
3.138	7.98	44.83
3.141	7.96	44.83
3.143	7.96	44.83
3.145	7.96	44.83
3.146	7.93	44.83
3.148	7.96	44.83
3.149	7.94	44.83
3.150	7.92	44.83
3.152	7.97	44.83
3.153	7.93	44.83
3.153	7.96	44.83
3.154	7.97	44.83
3.155	7.95	44.83
3.156	7.97	44.83
3.156	7.95	44.83
3.157	7.95	44.83
3.157	7.94	44.83
3.157	7.95	44.83
3.158	7.89	44.83
3.158	7.97	44.83
3.159	7.94	44.83
3.159	7.93	44.83
3.161	7.95	44.83
3.162	7.94	44.83
3.164	7.92	44.83
3.165	7.90	44.83
3.165	7.88	44.83
3.165	7.88	44.83
3.165	7.92	44.83
3.165	7.91	44.83
3.165	7.90	44.83
3.165	7.92	44.83
3.165	7.89	44.83
3.167	7.90	44.83
3.168	7.90	44.83
3.170	7.91	44.83
3.172	7.86	44.83
3.174	7.90	44.83
3.176	7.87	44.83
3.178	7.85	44.83
3.180	7.87	44.83
3.181	7.82	44.83
3.182	7.83	44.83
3.183	7.88	44.83
3.185	7.91	44.83
3.187	7.91	44.83
3.188	7.89	44.83
3.188	7.86	44.83
3.189	7.90	44.83
3.190	7.88	44.83
3.191	7.87	44.83
3.192	7.83	44.83
3.193	7.84	44.83
3.194	7.83	44.83
3.195	7.83	44.83
3.196	7.83	44.83
3.196	7.81	44.83
3.196	7.82	44.83
3.196	7.80	44.83
3.196	7.79	44.83
3.195	7.84	44.83
3.195	7.82	44.83
3.195	7.83	44.83
3.195	7.82	44.83
3.195	7.80	44.83
3.197	7.82	44.83
3.199	7.84	44.83
3.202	7.86	44.83
3.208	7.85	44.82
3.213	7.82	44.82
3.217	7.86	44.82
3.221	7.87	44.82
3.226	7.88	44.82
3.228	7.88	44.82
3.230	7.86	44.82
3.233	7.85	44.82
3.235	7.85	44.82
3.237	7.85	44.82
3.239	7.86	44.82
3.241	7.87	44.82
3.242	7.88	44.82
3.244	7.83	44.82
3.245	7.81	44.82
3.247	7.84	44.82
3.248	7.84	44.82
3.250	7.75	44.82
3.253	7.71	44.82
3.255	7.72	44.82
3.257	7.70	44.82
3.259	7.70	44.82
3.260	7.74	44.82
3.262	7.71	44.82
3.265	7.71	44.82
3.268	7.69	44.82
3.271	7.70	44.82
3.273	7.79	44.82
3.275	7.74	44.82
3.278	7.69	44.82
3.281	7.69	44.82
3.283	7.66	44.82
3.285	7.66	44.82
3.288	7.63	44.82
3.290	7.56	44.82
3.290	7.58	44.82
3.290	7.55	44.82
3.290	7.58	44.82
3.290	7.59	44.82
3.290	7.57	44.82
3.289	7.61	44.82
3.289	7.62	44.82
3.290	7.62	44.82
3.291	7.61	44.82
3.292	7.62	44.82
3.293	7.61	44.82
3.296	7.55	44.82
3.298	7.51	44.82
3.300	7.53	44.82
3.303	7.51	44.82
3.304	7.52	44.82
3.306	7.52	44.82
3.307	7.54	44.82
3.309	7.50	44.82
3.310	7.50	44.82
3.311	7.49	44.82
3.312	7.52	44.82
3.313	7.51	44.82
3.315	7.50	44.82
3.316	7.48	44.82
3.318	7.44	44.82
3.320	7.45	44.82
3.320	7.43	44.82
3.321	7.45	44.82
3.321	7.41	44.82
3.321	7.43	44.82
3.321	7.41	44.82
3.321	7.43	44.82
3.321	7.46	44.82
3.321	7.45	44.82
3.321	7.44	44.82
3.321	7.47	44.82
3.321	7.45	44.82
3.322	7.42	44.82
3.321	7.45	44.82
3.321	7.46	44.82
3.321	7.42	44.82
3.321	7.45	44.82
3.321	7.39	44.82
3.321	7.41	44.82
3.320	7.42	44.82
3.320	7.45	44.82
3.320	7.43	44.82
3.320	7.45	44.82
3.320	7.42	44.82
3.320	7.40	44.82
3.319	7.42	44.82
3.319	7.41	44.82
3.319	7.41	44.82
3.319	7.42	44.82
3.319	7.38	44.82
3.319	7.47	44.82
3.319	7.43	44.82
3.319	7.41	44.82
3.319	7.43	44.82
3.319	7.39	44.82
3.319	7.46	44.82
3.319	7.40	44.82
3.319	7.41	44.82
3.318	7.41	44.82
3.318	7.41	44.82
3.318	7.43	44.82
3.318	7.43	44.82
3.318	7.41	44.82
3.318	7.41	44.82
3.318	7.40	44.82
3.318	7.39	44.81
